#  a  GeffG(a,k)  D1(a,k)  D1mnu(a,k) ( D1_transfer(a,k) D1mnu_transfer(a,k) )  D2(a,k)  D3a(a,k)  D3b(a,k)  (source terms)  (Output for k = 1 h/Mpc)
       0.047619                1        0.952579     2.00172e-07        0.952579         5.75869        -0.38841       -0.287594        0.205424        0.996734        0.996734        0.996734        0.996734 
      0.0485219                1        0.970582     9.69853e-05        0.970581         4.73593       -0.403276        -0.30426        0.217329        0.996734        0.996734        0.996734        0.996734 
      0.0494419                1        0.988873     4.25006e-06        0.988873         2.57026       -0.418707       -0.321887        0.229919        0.996734        0.996734        0.996734        0.996734 
      0.0503793                1         1.00755     0.000100877         1.00755       0.0474038       -0.434724        -0.34053        0.243235        0.996734        0.996734        0.996734        0.996734 
      0.0513344                1         1.02652      8.1964e-06         1.02652         -1.8474       -0.451351       -0.360248        0.257319        0.996734        0.996734        0.996734        0.996734 
      0.0523077                1         1.04581     0.000105181         1.04581        -3.14172       -0.468611       -0.381104        0.272216        0.996734        0.996734        0.996734        0.996734 
      0.0532995                1         1.06546     1.26907e-05         1.06546         -3.9213       -0.486529       -0.403165        0.287972        0.996734        0.996734        0.996734        0.996734 
        0.05431                1         1.08549       0.0001088         1.08549        -4.26462       -0.505129       -0.426501        0.304639        0.996734        0.996734        0.996734        0.996734 
      0.0553397                1         1.10591     1.97438e-05         1.10591        -4.24337       -0.524439       -0.451186        0.322269        0.996734        0.996734        0.996734        0.996734 
      0.0563889                1         1.12675     0.000108984         1.12675        -3.92293       -0.544485         -0.4773        0.340919        0.996734        0.996734        0.996734        0.996734 
      0.0574581                1         1.14802     3.27393e-05         1.14802        -3.36281       -0.565295       -0.504925        0.360647        0.996734        0.996734        0.996734        0.996734 
      0.0585475                1         1.16973     0.000102174         1.16973        -2.61709         -0.5869        -0.53415        0.381518        0.996734        0.996734        0.996734        0.996734 
      0.0596575                1         1.19187      5.4966e-05         1.19187        -1.73478       -0.609329       -0.565067        0.403595        0.996734        0.996734        0.996734        0.996734 
      0.0607886                1         1.21446     8.62536e-05         1.21446        -0.76019       -0.632615       -0.597775        0.426952        0.996734        0.996734        0.996734        0.996734 
      0.0619411                1         1.23748     8.64911e-05         1.23748        0.266698       -0.656789       -0.632379         0.45166        0.996734        0.996734        0.996734        0.996734 
      0.0631155                1         1.26095     6.44059e-05         1.26095         1.30995       -0.681887       -0.668988          0.4778        0.996734        0.996734        0.996734        0.996734 
      0.0643122                1         1.28485     0.000120096         1.28485         2.33735       -0.707944       -0.707719        0.505454        0.996734        0.996734        0.996734        0.996734 
      0.0655315                1         1.30918     4.83811e-05         1.30918         3.32015       -0.734997       -0.748696         0.53471        0.996734        0.996734        0.996734        0.996734 
       0.066774                1         1.33393     0.000140284         1.33393         4.23278       -0.763083       -0.792048         0.56566        0.996734        0.996734        0.996734        0.996734 
        0.06804                1         1.35909     5.54859e-05         1.35909         5.05961       -0.792242       -0.837915        0.598405        0.996734        0.996734        0.996734        0.996734 
        0.06933                1          1.3847     0.000131771          1.3847         5.80795       -0.822516       -0.886441        0.633046        0.996734        0.996734        0.996734        0.996734 
      0.0706445                1          1.4108     9.41794e-05          1.4108         6.48857       -0.853947       -0.937781        0.669696        0.996734        0.996734        0.996734        0.996734 
      0.0719839                1         1.43739     9.82265e-05         1.43739         7.11128       -0.886579       -0.992098        0.708469        0.996734        0.996734        0.996734        0.996734 
      0.0733487                1         1.46451     0.000145336         1.46451         7.68505       -0.920458        -1.04957        0.749489        0.996734        0.996734        0.996734        0.996734 
      0.0747394                1         1.49217     7.39948e-05         1.49217         8.21806       -0.955633        -1.11037        0.792886        0.996734        0.996734        0.996734        0.996734 
      0.0761564                1         1.52038     0.000165745         1.52038         8.71773       -0.992152        -1.17469        0.838798        0.996734        0.996734        0.996734        0.996734 
      0.0776003                1         1.54914     9.91391e-05         1.54914         9.19079        -1.03007        -1.24275         0.88737        0.996734        0.996734        0.996734        0.996734 
      0.0790716                1         1.57845     0.000134399         1.57845         9.64336        -1.06943        -1.31475        0.938757        0.996734        0.996734        0.996734        0.996734 
      0.0805708                1         1.60832     0.000162187         1.60832         10.0809         -1.1103        -1.39092        0.993121        0.996734        0.996734        0.996734        0.996734 
      0.0820984                1         1.63874     9.95291e-05         1.63874         10.5085        -1.15273        -1.47152         1.05064        0.996734        0.996734        0.996734        0.996734 
       0.083655                1         1.66971     0.000189934         1.66971         10.9304        -1.19679        -1.55678         1.11148        0.996734        0.996734        0.996734        0.996734 
       0.085241                1         1.70122     0.000131988         1.70122         11.3519        -1.24252        -1.64699         1.17585        0.996734        0.996734        0.996734        0.996734 
      0.0868572                1         1.73331     0.000148917         1.73331         11.7799        -1.29001        -1.74242         1.24395        0.996734        0.996734        0.996734        0.996734 
       0.088504                1         1.76601     0.000202976         1.76601         12.2209        -1.33931        -1.84338           1.316        0.996734        0.996734        0.996734        0.996734 
       0.090182                1         1.79934     0.000127652         1.79934         12.6806        -1.39049         -1.9502         1.39221        0.996734        0.996734        0.996734        0.996734 
      0.0918918                1         1.83332     0.000202974         1.83332         13.1641        -1.44363         -2.0632         1.47284        0.996734        0.996734        0.996734        0.996734 
      0.0936341                1         1.86796      0.00019582         1.86796         13.6758        -1.49879        -2.18275         1.55814        0.996734        0.996734        0.996734        0.996734 
      0.0954093                1         1.90327     0.000152606         1.90327         14.2194        -1.55607        -2.30922         1.64837        0.996734        0.996734        0.996734        0.996734 
      0.0972183                1         1.93925     0.000241401         1.93925         14.7984        -1.61553        -2.44301         1.74383        0.996734        0.996734        0.996734        0.996734 
      0.0990615                1         1.97589      0.00019342          1.9759         15.4153        -1.67726        -2.58455         1.84481        0.996734        0.996734        0.996734        0.996734 
        0.10094                1          2.0132     0.000190029          2.0132         16.0727        -1.74135        -2.73429         1.95164        0.996734        0.996734        0.996734        0.996734 
       0.102853                1         2.05119     0.000268249         2.05119         16.7745        -1.80789        -2.89269         2.06465        0.996734        0.996734        0.996734        0.996734 
       0.104804                1         2.08988      0.00020387         2.08988         17.5263        -1.87697        -3.06026         2.18419        0.996734        0.996734        0.996734        0.996734 
       0.106791                1         2.12932     0.000227714         2.12932         18.3328        -1.94868        -3.23752         2.31065        0.996734        0.996734        0.996734        0.996734 
       0.108815                1         2.16952     0.000293135         2.16952         19.1979        -2.02313        -3.42503         2.44442        0.996734        0.996734        0.996734        0.996734 
       0.110878                1         2.21048      0.00022574         2.21048         20.1251        -2.10042        -3.62339         2.58592        0.996734        0.996734        0.996734        0.996734 
       0.112981                1         2.25223     0.000261369         2.25223          21.117        -2.18065        -3.83321          2.7356        0.996734        0.996734        0.996734        0.996734 
       0.115123                1         2.29476     0.000322244         2.29476         22.1758        -2.26395        -4.05516         2.89394        0.996734        0.996734        0.996734        0.996734 
       0.117305                1         2.33807     0.000256744         2.33807         23.3032        -2.35042        -4.28994         3.06142        0.996734        0.996734        0.996734        0.996734 
        0.11953                1         2.38218     0.000290554         2.38218         24.5016        -2.44018        -4.53829         3.23857        0.996734        0.996734        0.996734        0.996734 
       0.121796                1         2.42711     0.000357207         2.42711         25.7749        -2.53337        -4.80097         3.42595        0.996734        0.996734        0.996734        0.996734 
       0.124105                1         2.47289     0.000297247         2.47289         27.1266         -2.6301        -5.07883         3.62416        0.996734        0.996734        0.996734        0.996734 
       0.126458                1         2.51954     0.000316284         2.51954         28.5592        -2.73052        -5.37273          3.8338        0.996734        0.996734        0.996734        0.996734 
       0.128856                1         2.56709      0.00039552         2.56709         30.0748        -2.83476        -5.68358         4.05554        0.996734        0.996734        0.996734        0.996734 
       0.131299                1         2.61552     0.000350004         2.61552         31.6751        -2.94297        -6.01238         4.29008        0.996734        0.996734        0.996734        0.996734 
       0.133788                1         2.66486     0.000342103         2.66486         33.3608        -3.05529        -6.36013         4.53814        0.996734        0.996734        0.996734        0.996734 
       0.136325                1          2.7151     0.000430873          2.7151         35.1267        -3.17188        -6.72794          4.8005        0.996734        0.996734        0.996734        0.996734 
       0.138909                1         2.76627      0.00041669         2.76627         36.9549        -3.29291        -7.11694         5.07798        0.996734        0.996734        0.996734        0.996734 
       0.141543                1         2.81842     0.000377144         2.81842         38.8273        -3.41853        -7.52836         5.37144        0.996734        0.996734        0.996734        0.996734 
       0.144227                1         2.87155     0.000456151         2.87155         40.7273        -3.54893        -7.96347         5.68181        0.996734        0.996734        0.996734        0.996734 
       0.146961                1         2.92568     0.000491158         2.92568         42.6401        -3.68427        -8.42363         6.01005        0.996734        0.996734        0.996734        0.996734 
       0.149748                1         2.98081     0.000436062         2.98081         44.5522        -3.82475        -8.91027         6.35718        0.996734        0.996734        0.996734        0.996734 
       0.152587                1         3.03696       0.0004731         3.03696         46.4516        -3.97056        -9.42491         6.72427        0.996734        0.996734        0.996734        0.996734 
        0.15548                1         3.09415     0.000554696         3.09415         48.3272         -4.1219        -9.96913         7.11247        0.996734        0.996734        0.996734        0.996734 
       0.158428                1         3.15241     0.000527316         3.15241         50.1689        -4.27897        -10.5446         7.52299        0.996734        0.996734        0.996734        0.996734 
       0.161431                1         3.21176      0.00050439         3.21176         51.9679        -4.44198        -11.1532         7.95709        0.996734        0.996734        0.996734        0.996734 
       0.164492                1         3.27222     0.000588045         3.27222         53.7164        -4.61117        -11.7967         8.41611        0.996734        0.996734        0.996734        0.996734 
       0.167611                1          3.3338     0.000630882          3.3338         55.4076        -4.78675        -12.4771         8.90147        0.996734        0.996734        0.996734        0.996734 
       0.170789                1         3.39651     0.000584754         3.39651         57.0548        -4.96897        -13.1966         9.41468        0.996734        0.996734        0.996734        0.996734 
       0.174027                1         3.46039     0.000606457         3.46039         58.7007        -5.15807        -13.9573          9.9573        0.996734        0.996734        0.996734        0.996734 
       0.177326                1         3.52545     0.000699176         3.52545         60.3863         -5.3543        -14.7615          10.531        0.996734        0.996734        0.996734        0.996734 
       0.180688                1         3.59173     0.000711465         3.59173         62.1482        -5.55794        -15.6118         11.1376        0.996734        0.996734        0.996734        0.996734 
       0.184114                1         3.65922     0.000672373         3.65922         64.0186        -5.76924        -16.5108         11.7788        0.996734        0.996734        0.996734        0.996734 
       0.187605                1         3.72794      0.00072215         3.72794         66.0322         -5.9885        -17.4611         12.4567        0.996734        0.996734        0.996734        0.996734 
       0.191162                1         3.79793     0.000812185         3.79793         68.2318        -6.21601        -18.4657         13.1734        0.996734        0.996734        0.996734        0.996734 
       0.194786                1         3.86922     0.000813778         3.86922         70.6561        -6.45206        -19.5276         13.9309        0.996734        0.996734        0.996734        0.996734 
       0.198479                1         3.94182     0.000784689         3.94182         73.3391        -6.69697        -20.6502         14.7317        0.996734        0.996734        0.996734        0.996734 
       0.202242                1         4.01574      0.00084503         4.01574         76.3025        -6.95107        -21.8366         15.5781        0.996734        0.996734        0.996734        0.996734 
       0.206077                1         4.09102     0.000936597         4.09102         79.4553        -7.21468        -23.0906         16.4727        0.996734        0.996734        0.996734        0.996734 
       0.209984                1         4.16767     0.000944306         4.16767          82.632        -7.48815        -24.4159         17.4182        0.996734        0.996734        0.996734        0.996734 
       0.213965                1         4.24572     0.000919828         4.24572         85.6825        -7.77183        -25.8166         18.4174        0.996734        0.996734        0.996734        0.996734 
       0.218022                1         4.32518      0.00097652         4.32518         88.4744         -8.0661        -27.2967         19.4733        0.996734        0.996734        0.996734        0.996734 
       0.222156                1         4.40608      0.00107584         4.40608         90.9927        -8.37134        -28.8607         20.5891        0.996734        0.996734        0.996734        0.996734 
       0.226368                1         4.48845      0.00110499         4.48845         93.3806        -8.68793        -30.5132          21.768        0.996734        0.996734        0.996734        0.996734 
        0.23066                1         4.57231      0.00108359         4.57231         95.7799        -9.01627        -32.2592         23.0137        0.996734        0.996734        0.996734        0.996734 
       0.235033                1         4.65768      0.00112277         4.65768         98.3158         -9.3568        -34.1038         24.3297        0.996734        0.996734        0.996734        0.996734 
       0.239489                1         4.74457      0.00122723         4.74457         101.041        -9.70993        -36.0525           25.72        0.996734        0.996734        0.996734        0.996734 
        0.24403                1         4.83302      0.00129244         4.83302         103.928        -10.0761        -38.1109         27.1885        0.996734        0.996734        0.996734        0.996734 
       0.248656                1         4.92305      0.00128626         4.92305         106.945        -10.4558         -40.285         28.7397        0.996734        0.996734        0.996734        0.996734 
       0.253371                1         5.01468       0.0012987         5.01468          110.06        -10.8495        -42.5811          30.378        0.996734        0.996734        0.996734        0.996734 
       0.258175                1         5.10792      0.00138925         5.10792         113.228        -11.2576        -45.0059          32.108        0.996734        0.996734        0.996734        0.996734 
        0.26307                1         5.20282      0.00149329         5.20282         116.393        -11.6806        -47.5664         33.9349        0.996734        0.996734        0.996734        0.996734 
       0.268057                1         5.29939      0.00153027         5.29939         119.509        -12.1192        -50.2698         35.8638        0.996734        0.996734        0.996734        0.996734 
        0.27314                1         5.39765      0.00152923         5.39765         122.569        -12.5737        -53.1239         37.9003        0.996734        0.996734        0.996734        0.996734 
       0.278318                1         5.49764      0.00157899         5.49764         125.636        -13.0448        -56.1366           40.05        0.996734        0.996734        0.996734        0.996734 
       0.283595                1         5.59936      0.00169249         5.59936         128.773        -13.5329        -59.3165          42.319        0.996734        0.996734        0.996734        0.996734 
       0.288972                1         5.70282      0.00179202         5.70282         132.018        -14.0387        -62.6724         44.7136        0.996734        0.996734        0.996734        0.996734 
       0.294451                1         5.80807      0.00182621         5.80807         135.354        -14.5628        -66.2136         47.2404        0.996734        0.996734        0.996734        0.996734 
       0.300034                1         5.91511      0.00184129         5.91511         138.754        -15.1056        -69.9498         49.9065        0.996734        0.996734        0.996734        0.996734 
       0.305722                1         6.02398      0.00191159         6.02398         142.183         -15.668        -73.8912          52.719        0.996734        0.996734        0.996734        0.996734 
       0.311519                1         6.13469      0.00203678         6.13469         145.567        -16.2503        -78.0485         55.6856        0.996734        0.996734        0.996734        0.996734 
       0.317425                1         6.24724      0.00214669         6.24725          148.83        -16.8534        -82.4327         58.8143        0.996734        0.996734        0.996734        0.996734 
       0.323443                1         6.36167      0.00219761         6.36167         151.993        -17.4778        -87.0556         62.1132        0.996734        0.996734        0.996734        0.996734 
       0.329576                1           6.478      0.00222708           6.478          155.31        -18.1243        -91.9292         65.5912        0.996734        0.996734        0.996734        0.996734 
       0.335824                1         6.59624      0.00230179         6.59624         159.035        -18.7934        -97.0662         69.2571        0.996734        0.996734        0.996734        0.996734 
       0.342191                1         6.71642      0.00243336         6.71642         163.153        -19.4859         -102.48         73.1206        0.996734        0.996734        0.996734        0.996734 
       0.348679                1         6.83855      0.00256774         6.83855          167.33        -20.2025        -108.184         77.1913        0.996734        0.996734        0.996734        0.996734 
        0.35529                1         6.96263       0.0026537         6.96263          171.25        -20.9439        -114.192         81.4796        0.996734        0.996734        0.996734        0.996734 
       0.362026                1         7.08867      0.00270255         7.08867         174.813        -21.7108        -120.521          85.996        0.996734        0.996734        0.996734        0.996734 
        0.36889                1         7.21669      0.00277135         7.21669         178.348        -22.5038        -127.184         90.7515        0.996734        0.996734        0.996734        0.996734 
       0.375884                1         7.34671      0.00289622         7.34671         182.209        -23.3239        -134.198         95.7578        0.996734        0.996734        0.996734        0.996734 
       0.383011                1         7.47872      0.00305425         7.47872         186.553        -24.1716         -141.58         101.027        0.996734        0.996734        0.996734        0.996734 
       0.390273                1         7.61274      0.00319214         7.61274           191.1        -25.0478        -149.347          106.57        0.996734        0.996734        0.996734        0.996734 
       0.397672                1         7.74877      0.00328434         7.74877         195.534        -25.9531        -157.517         112.401        0.996734        0.996734        0.996734        0.996734 
       0.405212                1         7.88681      0.00335757         7.88681         199.739        -26.8883        -166.107         118.533        0.996734        0.996734        0.996734        0.996734 
       0.412895                1         8.02687      0.00346043         8.02687         203.939        -27.8542        -175.138         124.979        0.996734        0.996734        0.996734        0.996734 
       0.420723                1         8.16894      0.00361426         8.16894         208.363        -28.8515        -184.629         131.753        0.996734        0.996734        0.996734        0.996734 
         0.4287                1         8.31303      0.00379463         8.31303         213.048         -29.881        -194.599          138.87        0.996734        0.996734        0.996734        0.996734 
       0.436828                1         8.45913       0.0039578         8.45913         217.871        -30.9433        -205.069         146.344        0.996734        0.996734        0.996734        0.996734 
        0.44511                1         8.60722       0.0040824         8.60722         222.728        -32.0392        -216.061          154.19        0.996734        0.996734        0.996734        0.996734 
       0.453549                1          8.7573      0.00418701          8.7573         227.599        -33.1695        -227.595         162.424        0.996734        0.996734        0.996734        0.996734 
       0.462148                1         8.90936      0.00431104         8.90936         232.488        -34.3347        -239.695         171.062        0.996734        0.996734        0.996734        0.996734 
       0.470911                1         9.06338      0.00447955         9.06338         237.444        -35.5356        -252.383         180.119        0.996734        0.996734        0.996734        0.996734 
       0.479839                1         9.21934      0.00468363         9.21934         242.559        -36.7728        -265.681         189.612        0.996734        0.996734        0.996734        0.996734 
       0.488937                1         9.37722      0.00489047         9.37722         247.874        -38.0469        -279.613         199.558        0.996734        0.996734        0.996734        0.996734 
       0.498207                1         9.53698      0.00507145         9.53698         253.286        -39.3586        -294.202         209.974        0.996734        0.996734        0.996734        0.996734 
       0.507653                1         9.69861      0.00522395         9.69861         258.696        -40.7085        -309.471         220.875        0.996734        0.996734        0.996734        0.996734 
       0.517278                1         9.86207       0.0053713         9.86207         264.124         -42.097        -325.446          232.28        0.996734        0.996734        0.996734        0.996734 
       0.527085                1         10.0273      0.00554358         10.0273         269.635        -43.5246        -342.149         244.206        0.996734        0.996734        0.996734        0.996734 
       0.537079                1         10.1944      0.00575573         10.1944         275.281        -44.9919        -359.604         256.669        0.996734        0.996734        0.996734        0.996734 
       0.547261                1         10.3631      0.00599864         10.3631         281.095        -46.4992        -377.836         269.686        0.996734        0.996734        0.996734        0.996734 
       0.557637                1         10.5335      0.00624759         10.5335         287.068        -48.0468        -396.867         283.275        0.996734        0.996734        0.996734        0.996734 
        0.56821                1         10.7055      0.00647997         10.7055         293.183        -49.6351        -416.722         297.452        0.996734        0.996734        0.996734        0.996734 
       0.578983                1         10.8791      0.00668954         10.8791         299.437        -51.2643        -437.423         312.233        0.996734        0.996734        0.996734        0.996734 
       0.589961                1         11.0541      0.00688883         11.0541         305.826        -52.9346        -458.992         327.635        0.996734        0.996734        0.996734        0.996734 
       0.601146                1         11.2307      0.00709992         11.2307         312.336        -54.6461        -481.451         343.673        0.996734        0.996734        0.996734        0.996734 
       0.612544                1         11.4085      0.00734075         11.4085         318.944        -56.3989        -504.822         360.362        0.996734        0.996734        0.996734        0.996734 
       0.624157                1         11.5877      0.00761559         11.5877          325.64        -58.1928        -529.124         377.717        0.996734        0.996734        0.996734        0.996734 
       0.635991                1         11.7681      0.00791415         11.7681         332.459        -60.0279        -554.376          395.75        0.996734        0.996734        0.996734        0.996734 
       0.648049                1         11.9496      0.00821867         11.9496         339.444        -61.9038        -580.597         414.476        0.996734        0.996734        0.996734        0.996734 
       0.660336                1         12.1323      0.00851383         12.1323         346.627        -63.8204        -607.802         433.906        0.996734        0.996734        0.996734        0.996734 
       0.672856                1         12.3159      0.00879415         12.3159         354.018        -65.7773        -636.008          454.05        0.996734        0.996734        0.996734        0.996734 
       0.685613                1         12.5004      0.00906554         12.5004         361.617        -67.7739        -665.228          474.92        0.996734        0.996734        0.996734        0.996734 
       0.698612                1         12.6856      0.00934141         12.6856         369.423        -69.8099        -695.473         496.522        0.996734        0.996734        0.996734        0.996734 
       0.711858                1         12.8716      0.00963588         12.8716         377.424        -71.8844        -726.755         518.866        0.996734        0.996734        0.996734        0.996734 
       0.725354                1         13.0582      0.00995774         13.0582          385.62        -73.9969         -759.08         541.956        0.996734        0.996734        0.996734        0.996734 
       0.739107                1         13.2452       0.0103075         13.2452         394.031        -76.1464        -792.457         565.797        0.996734        0.996734        0.996734        0.996734 
        0.75312                1         13.4327       0.0106783         13.4327         402.686        -78.3321        -826.887         590.392        0.996734        0.996734        0.996734        0.996734 
       0.767399                1         13.6205       0.0110595         13.6205         411.611        -80.5529        -862.374         615.742        0.996734        0.996734        0.996734        0.996734 
       0.781949                1         13.8084       0.0114409         13.8084         420.826        -82.8078        -898.915         641.846        0.996734        0.996734        0.996734        0.996734 
       0.796775                1         13.9964       0.0118169         13.9964          430.35        -85.0954        -936.509         668.703        0.996734        0.996734        0.996734        0.996734 
       0.811881                1         14.1843       0.0121871         14.1843         440.199        -87.4147        -975.149         696.309        0.996734        0.996734        0.996734        0.996734 
       0.827274                1         14.3721       0.0125565         14.3721         450.382        -89.7641        -1014.83         724.657        0.996734        0.996734        0.996734        0.996734 
       0.842959                1         14.5597       0.0129327         14.5597         460.914        -92.1422        -1055.53          753.74        0.996734        0.996734        0.996734        0.996734 
       0.858941                1         14.7468       0.0133235         14.7468         471.827        -94.5475        -1097.25         783.548        0.996734        0.996734        0.996734        0.996734 
       0.875227                1         14.9334       0.0137348         14.9334         483.154        -96.9783        -1139.96         814.069        0.996734        0.996734        0.996734        0.996734 
       0.891821                1         15.1194       0.0141691         15.1194         494.942        -99.4331        -1183.66          845.29        0.996734        0.996734        0.996734        0.996734 
        0.90873                1         15.3047       0.0146252         15.3048         507.258         -101.91        -1228.31         877.195        0.996734        0.996734        0.996734        0.996734 
       0.925959                1         15.4893       0.0150995         15.4892         520.152        -104.407        -1273.89         909.768        0.996734        0.996734        0.996734        0.996734 
       0.943515                1         15.6726       0.0155869         15.6727         533.619        -106.923        -1320.37         942.988        0.996734        0.996734        0.996734        0.996734 
       0.961404                1         15.8557       0.0160824         15.8552         547.589        -109.455        -1367.73         976.836        0.996734        0.996734        0.996734        0.996734 
       0.979632                1         16.0347        0.016582         16.0364         562.013        -112.001        -1415.94         1011.29        0.996734        0.996734        0.996734        0.996734 
       0.998205                1         16.2145       0.0170837         16.2165         576.889        -114.561        -1464.95         1046.32        0.996734        0.996734        0.996734        0.996734 
        1.01713                1         16.2383       0.0175874         16.2336         578.314        -117.131        -1514.74         1081.91        0.996734        0.996734        0.996734        0.996734 
        1.03642                1         16.2324       0.0180946         16.2336         578.314        -119.709        -1565.26         1118.02        0.996734        0.996734        0.996734        0.996734 
        1.05607                1          16.234       0.0186082         16.2336         578.314        -122.294        -1616.48         1154.63        0.996734        0.996734        0.996734        0.996734 
        1.07609                1         16.2336       0.0191312         16.2336         578.314        -124.883        -1668.34         1191.71        0.996734        0.996734        0.996734        0.996734 
        1.09649                1         16.2337       0.0196667         16.2336         578.314        -127.475        -1720.82         1229.22        0.996734        0.996734        0.996734        0.996734 
        1.11728                1         16.2336       0.0202173         16.2336         578.314        -130.067        -1773.86         1267.14        0.996734        0.996734        0.996734        0.996734 
        1.13846                1         16.2336       0.0207846         16.2336         578.314        -132.658        -1827.42         1305.43        0.996734        0.996734        0.996734        0.996734 
        1.16005                1         16.2336       0.0213693         16.2336         578.314        -135.244        -1881.45         1344.06        0.996734        0.996734        0.996734        0.996734 
        1.18204                1         16.2336       0.0219712         16.2336         578.314        -137.826         -1935.9            1383        0.996734        0.996734        0.996734        0.996734 
        1.20445                1         16.2336       0.0225896         16.2336         578.314        -140.399        -1990.72          1422.2        0.996734        0.996734        0.996734        0.996734 
        1.22729                1         16.2336       0.0232229         16.2336         578.314        -142.963        -2045.87         1461.63        0.996734        0.996734        0.996734        0.996734 
        1.25056                1         16.2336       0.0238698         16.2336         578.314        -145.516        -2101.29         1501.26        0.996734        0.996734        0.996734        0.996734 
        1.27427                1         16.2336       0.0245287         16.2336         578.314        -148.055        -2156.93         1541.06        0.996734        0.996734        0.996734        0.996734 
        1.29843                1         16.2336       0.0251981         16.2336         578.314         -150.58        -2212.75         1580.98        0.996734        0.996734        0.996734        0.996734 
        1.32305                1         16.2336        0.025877         16.2336         578.314        -153.088        -2268.69         1620.99        0.996734        0.996734        0.996734        0.996734 
        1.34813                1         16.2336       0.0265644         16.2336         578.314        -155.578         -2324.7         1661.05        0.996734        0.996734        0.996734        0.996734 
        1.37369                1         16.2336         0.02726         16.2336         578.314        -158.048        -2380.75         1701.14        0.996734        0.996734        0.996734        0.996734 
        1.39974                1         16.2336       0.0279636         16.2336         578.314        -160.496        -2436.77         1741.21        0.996734        0.996734        0.996734        0.996734 
        1.42628                1         16.2336       0.0286753         16.2336         578.314        -162.922        -2492.72         1781.24        0.996734        0.996734        0.996734        0.996734 
        1.45332                1         16.2336       0.0293954         16.2336         578.314        -165.324        -2548.56         1821.18        0.996734        0.996734        0.996734        0.996734 
        1.48087                1         16.2336       0.0301243         16.2336         578.314        -167.701        -2604.23         1861.02        0.996734        0.996734        0.996734        0.996734 
        1.50895                1         16.2336       0.0308626         16.2336         578.314        -170.051        -2659.71         1900.71        0.996734        0.996734        0.996734        0.996734 
        1.53756                1         16.2336       0.0316108         16.2336         578.314        -172.373        -2714.94         1940.22        0.996734        0.996734        0.996734        0.996734 
        1.56671                1         16.2336       0.0323694         16.2336         578.314        -174.667        -2769.88         1979.53        0.996734        0.996734        0.996734        0.996734 
        1.59641                1         16.2336       0.0331389         16.2336         578.314        -176.931        -2824.49         2018.61        0.996734        0.996734        0.996734        0.996734 
        1.62668                1         16.2336       0.0339195         16.2336         578.314        -179.164        -2878.74         2057.43        0.996734        0.996734        0.996734        0.996734 
        1.65752                1         16.2336       0.0347116         16.2336         578.314        -181.366        -2932.58         2095.97        0.996734        0.996734        0.996734        0.996734 
        1.68895                1         16.2336       0.0355153         16.2336         578.314        -183.536        -2985.99          2134.2        0.996734        0.996734        0.996734        0.996734 
        1.72097                1         16.2336       0.0363308         16.2336         578.314        -185.672        -3038.93         2172.09        0.996734        0.996734        0.996734        0.996734 
         1.7536                1         16.2336       0.0371579         16.2336         578.314        -187.776        -3091.37         2209.62        0.996734        0.996734        0.996734        0.996734 
        1.78685                1         16.2336       0.0379965         16.2336         578.314        -189.845        -3143.29         2246.78        0.996734        0.996734        0.996734        0.996734 
        1.82073                1         16.2336       0.0388465         16.2336         578.314         -191.88        -3194.64         2283.54        0.996734        0.996734        0.996734        0.996734 
        1.85525                1         16.2336       0.0397077         16.2336         578.314         -193.88        -3245.41         2319.88        0.996734        0.996734        0.996734        0.996734 
        1.89042                1         16.2336       0.0405797         16.2336         578.314        -195.845        -3295.57         2355.79        0.996734        0.996734        0.996734        0.996734 
        1.92626                1         16.2336       0.0414622         16.2336         578.314        -197.774         -3345.1         2391.25        0.996734        0.996734        0.996734        0.996734 
        1.96279                1         16.2336       0.0423549         16.2336         578.314        -199.668        -3393.98         2426.25        0.996734        0.996734        0.996734        0.996734 
              2                1         16.2336       0.0423593         16.2336         578.314        -199.677        -3394.22         2426.42        0.996734        0.996734        0.996734        0.996734 
