# k  (h/Mpc)    Pcb(k)  (Mpc/h)^3    Pcb_linear(k)  (Mpc/h)^3
     0.00783031         19849.8         19960.8 
       0.013688         22778.7         23440.1 
       0.019231           22185           22558 
      0.0249154         19845.9         19757.3 
      0.0312784         16048.6         16183.2 
      0.0375637         13051.3         13255.8 
      0.0433917         11331.7         11363.1 
      0.0492413         10047.5         10151.8 
      0.0555754         9290.46         9321.04 
      0.0619321         8350.38         8656.36 
       0.067871         7813.74         7972.85 
      0.0738098         7111.88         7161.17 
      0.0800417         6245.76         6232.71 
      0.0862327         5385.42          5359.5 
      0.0921407         4775.45         4674.11 
      0.0982031         4339.37         4165.36 
       0.104506         3916.78         3827.97 
       0.110769         3717.45         3623.28 
       0.116806         3598.09         3474.09 
       0.122832         3392.61         3309.51 
       0.129052         3162.07          3088.9 
       0.135211         3002.32         2823.08 
       0.141259         2708.46         2546.74 
       0.147318         2465.73         2291.66 
       0.153489          2293.7         2081.61 
       0.159709         2201.61         1929.78 
       0.165845         2034.46         1830.23 
       0.171974         1997.48         1761.06 
       0.178125         1939.89         1699.53 
       0.184229         1789.91         1628.84 
        0.19034         1752.29         1541.03 
       0.196428          1684.4         1439.75 
       0.202534         1564.12         1334.53 
       0.208729         1524.02         1235.85 
       0.214876         1443.13         1154.25 
       0.220989          1371.1         1091.71 
       0.227147         1334.19         1044.67 
        0.23329         1283.57         1007.53 
       0.239377         1277.69         973.489 
       0.245482         1214.45         936.799 
       0.251667         1169.15         894.784 
       0.257832         1145.23         848.963 
       0.263955         1088.87          802.63 
       0.270079         1053.82         759.061 
        0.27624         1010.18         720.606 
       0.282372         995.997         688.662 
        0.28843         977.091         662.552 
       0.294538         932.073          639.88 
       0.300721         913.671         618.504 
        0.30691         889.926         596.886 
       0.313033         854.323          574.48 
       0.319153         844.638         551.183 
       0.325316         832.089         527.697 
        0.33145          811.07         505.349 
       0.337538         782.906         485.025 
       0.343633         764.543         466.908 
       0.349808         748.595         450.651 
       0.355968         734.127         436.042 
       0.362074         708.521         422.425 
       0.368217          705.67         409.059 
       0.374374         695.325         395.643 
       0.380519         668.954         382.196 
       0.386598         663.982         369.073 
       0.392688         647.004         356.365 
        0.39888          633.11         344.182 
       0.405048         619.058         332.956 
       0.411186         618.764         322.625 
       0.417313          611.73          313.04 
       0.423458         594.902         303.952 
       0.429607         577.902         295.164 
       0.435692         571.753         286.656 
       0.441815         560.806         278.258 
       0.447964         552.455         269.996 
       0.454126         545.762          261.97 
       0.460267         538.033         254.323 
       0.466387         526.592         247.095 
        0.47254          520.75         240.207 
       0.478662          511.29         233.708 
       0.484765         504.314         227.533 
       0.490885         500.745         221.573 
       0.497035         489.218         215.756 
       0.503198          488.76         210.079 
       0.509342         479.326         204.582 
       0.515458         469.762         199.282 
       0.521598         467.603         194.142 
       0.527764         457.446         189.173 
       0.533884         452.502         184.444 
           0.54         448.962         179.917 
       0.546137         441.002         175.551 
       0.552299         438.748          171.32 
       0.558452         432.075         167.225 
       0.564573         430.236         163.269 
       0.570708         423.751         159.422 
       0.576825         416.012         155.705 
       0.582926         415.073         152.114 
       0.589034         407.567         148.635 
       0.595184         404.642         145.245 
       0.601379         398.088         141.943 
       0.607522         390.972         138.778 
       0.613639         390.324         135.728 
       0.619772         388.475         132.767 
       0.625918         380.789         129.889 
       0.632068         379.405         127.094 
       0.638161         375.383         124.401 
         0.6443          369.99         121.765 
       0.650464         367.252         119.193 
       0.656582         363.657         116.715 
       0.662703         361.478         114.308 
       0.668861          355.34         111.959 
       0.675024         354.214         109.677 
       0.681124         346.962         107.484 
       0.687237         346.844         105.347 
       0.693381         341.543         103.259 
       0.699536         341.477         101.224 
       0.705665         336.517         99.2515 
       0.711789         334.484          97.333 
       0.717957         331.246         95.4518 
        0.72409         327.314          93.631 
       0.730186         328.053         91.8689 
       0.736317         322.667         90.1432 
       0.742472         320.077         88.4563 
       0.748622         318.645         86.8147 
        0.75476         315.307         85.2189 
       0.760888         312.994         83.6662 
       0.767043         309.879         82.1464 
       0.773185         307.396         80.6678 
       0.779291         304.853         79.2343 
       0.785407         302.739         77.8336 
       0.791564          301.08         76.4582 
       0.797719         296.386         75.1169 
       0.803834         297.058         73.8165 
       0.809972         292.552         72.5424 
       0.816124         290.351         71.2958 
       0.822261         288.312          70.082 
       0.828378         286.866         68.9004 
       0.834502         282.785         67.7452 
       0.840667         282.721         66.6093 
       0.846816         278.567         65.5028 
       0.852925          279.08         64.4286 
       0.859047         275.614         63.3765 
       0.865192         274.495         62.3446 
       0.871341         271.621         61.3351 
       0.877463         270.257         60.3528 
       0.883569         268.608         59.3946 
       0.889708         266.275         58.4524 
       0.895864         262.848         57.5285 
       0.902008         261.862         56.6266 
       0.908149         259.336         55.7447 
       0.914301         258.514         54.8802 
       0.920448          256.13         54.0351 
       0.926574         254.178         53.2108 
       0.932687         254.146         52.4056 
       0.938823         251.172         51.6142 
       0.944975         250.927         50.8374 
       0.951105         248.484         50.0795 
       0.957225         245.916         49.3385 
       0.963368         246.285           48.61 
       0.969511         242.622         47.8962 
       0.975621         240.134         47.2007 
       0.981748         240.229         46.5173 
       0.987916         238.653         45.8432 
        0.99406         236.497         45.1851 
        1.00019         234.822         44.5413 
        1.00632         234.012         43.9106 
        1.01246         232.379         43.2912 
        1.01859         230.018         42.6849 
        1.02471         228.588          42.091 
        1.03085         227.491         41.5063 
        1.03698         226.748         40.9341 
        1.04314         225.529         40.3703 
        1.04929         223.915         39.8185 
        1.05541          223.08         39.2792 
        1.06154         220.914         38.7487 
        1.06769           219.5         38.2273 
        1.07382         217.588         37.7172 
        1.07993         216.914         37.2176 
        1.08607         215.826         36.7251 
        1.09222         213.907          36.241 
        1.09836         212.902         35.7663 
        1.10449         211.833         35.3007 
        1.11063         210.336         34.8429 
        1.11677         208.526         34.3934 
         1.1229         208.506         33.9527 
        1.12903         205.958         33.5193 
        1.13518         205.098         33.0932 
        1.14131         204.187         32.6748 
        1.14745          202.42         32.2639 
        1.15359         201.371           31.86 
        1.15973         200.529         31.4629 
        1.16584         199.249         31.0743 
        1.17197          198.58         30.6918 
        1.17811         196.447         30.3146 
        1.18424         195.583         29.9448 
        1.19038         194.898         29.5802 
        1.19652         192.729         29.2218 
        1.20267          192.06         28.8694 
        1.20881         190.972         28.5228 
        1.21495         190.306         28.1825 
        1.22108         188.967         27.8479 
         1.2272         187.825         27.5195 
        1.23334         186.432         27.1956 
        1.23949         185.789         26.8762 
        1.24562         184.536         26.5628 
        1.25174         184.061         26.2549 
        1.25789         182.273          25.951 
        1.26402         181.783         25.6524 
        1.27014         180.767         25.3593 
        1.27628         179.923         25.0699 
        1.28244         178.333         24.7845 
        1.28858         177.556         24.5039 
        1.29471         176.206         24.2283 
        1.30084         175.877         23.9572 
        1.30697         174.468         23.6898 
        1.31312          173.81         23.4262 
        1.31925         172.598         23.1674 
        1.32537         172.062         22.9128 
        1.33151         170.466         22.6612 
        1.33765         169.921         22.4135 
        1.34378         169.215           22.17 
        1.34992         167.823         21.9299 
        1.35606         167.289         21.6929 
         1.3622         165.903         21.4598 
        1.36833         165.478         21.2308 
        1.37445         164.734         21.0052 
        1.38059         163.189         20.7822 
        1.38675         162.286         20.5619 
        1.39288         161.651         20.3457 
        1.39901         160.415         20.1327 
        1.40515          159.72         19.9223 
         1.4113         159.217          19.715 
        1.41742         158.141         19.5115 
        1.42355         157.021         19.3104 
         1.4297          156.38         19.1116 
        1.43585         155.971         18.9157 
        1.44198         154.499         18.7232 
        1.44809         154.189         18.5338 
        1.45423         153.244         18.3463 
        1.46036         152.361         18.1618 
        1.46649         151.184         17.9797 
        1.47263         150.843            17.8 
        1.47877          149.93         17.6228 
        1.48491         148.829         17.4478 
        1.49104         147.861         17.2755 
        1.49718         147.412         17.1055 
        1.50333         146.055         16.9374 
        1.50947         145.814          16.772 
         1.5156         144.794          16.609 
        1.52172         144.064         16.4482 
        1.52787         143.538         16.2892 
          1.534         142.859         16.1325 
        1.54013         141.929          15.978 
        1.54627         141.246         15.8253 
        1.55241         140.524         15.6745 
        1.55855         139.706          15.526 
        1.56467         139.011         15.3798 
         1.5708         138.235          15.235 
        1.57695         137.678         15.0919 
        1.58308         136.498          14.951 
        1.58922         135.931         14.8118 
        1.59535         135.349         14.6744 
         1.6015          134.48         14.5386 
        1.60764         133.693         14.4045 
        1.61376          133.19         14.2725 
        1.61989         132.493         14.1421 
        1.62604         131.779          14.013 
        1.63218         131.068         13.8856 
        1.63831         130.401         13.7601 
        1.64444         129.489         13.6361 
        1.65059         129.001         13.5133 
        1.65673          128.29         13.3922 
        1.66285         127.881         13.2729 
        1.66898         127.027          13.155 
        1.67512         125.898         13.0383 
        1.68127         125.786          12.923 
         1.6874         125.078         12.8093 
        1.69353         124.387          12.697 
        1.69967         123.756         12.5858 
        1.70581         123.151          12.476 
        1.71193         122.634         12.3679 
        1.71806          121.54         12.2608 
        1.72421         120.971         12.1549 
        1.73035         120.597         12.0503 
        1.73649         120.065         11.9469 
        1.74262         119.115         11.8449 
        1.74876         118.506         11.7439 
        1.75489          118.46         11.6444 
        1.76101         117.438          11.546 
        1.76715         116.803         11.4487 
        1.77329         116.233         11.3523 
        1.77943          115.47         11.2571 
        1.78557         114.942          11.163 
        1.79171         114.241           11.07 
        1.79785         113.622         10.9781 
        1.80399         113.021         10.8872 
        1.81012         112.573         10.7975 
        1.81625         111.789         10.7088 
        1.82239         111.556          10.621 
        1.82853         110.638         10.5343 
        1.83466         109.913         10.4485 
        1.84078         109.789         10.3639 
        1.84692         109.137           10.28 
        1.85306         108.528          10.197 
         1.8592          108.06          10.115 
        1.86533         107.433         10.0339 
        1.87147         106.792         9.95367 
        1.87761         106.351         9.87426 
        1.88375         105.783         9.79582 
        1.88988         105.189         9.71831 
        1.89601         104.757          9.6416 
        1.90215         104.288         9.56566 
        1.90829         103.544         9.49057 
        1.91442         102.925         9.41628 
        1.92056         102.682         9.34286 
         1.9267         101.904         9.27014 
        1.93284          101.37         9.19815 
        1.93897         101.102         9.12707 
        1.94509         100.571         9.05689 
        1.95123         99.8623         8.98727 
        1.95737          99.423         8.91833 
        1.96349         99.0528         8.85029 
        1.96964          98.557         8.78277 
        1.97578         97.9858         8.71592 
        1.98192         97.4605         8.64991 
        1.98805         97.0999         8.58457 
        1.99419         96.6432          8.5199 
        2.00033          95.978         8.45587 
        2.00647         95.6158         8.39252 
         2.0126         95.1083         8.32992 
        2.01874         94.3779         8.26787 
        2.02488         94.1216         8.20639 
        2.03101         93.6759         8.14565 
        2.03714         93.1416         8.08559 
        2.04328         92.8684         8.02606 
        2.04941         92.0985         7.96719 
        2.05554         92.0271         7.90894 
        2.06167         91.3009          7.8512 
        2.06781         91.0717         7.79403 
        2.07396         90.2883         7.73735 
        2.08009         89.9264         7.68132 
        2.08622          89.486         7.62592 
        2.09237         89.0277         7.57096 
        2.09851         88.6088         7.51652 
        2.10464         88.2995         7.46272 
        2.11077         87.7197          7.4095 
        2.11691          87.207         7.35669 
        2.12305          86.765         7.30439 
        2.12918         86.3826         7.25272 
        2.13531         86.1146         7.20155 
        2.14145         85.6832         7.15076 
         2.1476         85.1677          7.1004 
        2.15372         84.7224         7.05078 
        2.15985         84.2983         7.00158 
        2.16599         83.7941         6.95271 
        2.17213         83.5031         6.90436 
        2.17827         83.0568         6.85648 
         2.1844         82.6199          6.8091 
        2.19054         82.0858         6.76215 
        2.19666         81.6685         6.71571 
         2.2028         81.5508         6.66967 
        2.20893         81.0453         6.62403 
        2.21508         80.5547         6.57877 
        2.22122         80.2181         6.53392 
        2.22736         79.8153         6.48958 
        2.23349         79.3847         6.44566 
        2.23962         79.0969         6.40213 
        2.24577         78.6749         6.35895 
         2.2519         78.2599         6.31624 
        2.25802         77.8362         6.27399 
        2.26417          77.467         6.23201 
        2.27031         76.9562         6.19037 
        2.27644          76.688         6.14924 
        2.28257         76.4364         6.10848 
        2.28872         75.9989         6.06801 
        2.29486         75.6043         6.02792 
        2.30099         75.2305         5.98827 
        2.30712         75.0319         5.94897 
        2.31326          74.449         5.90995 
         2.3194         74.1538          5.8713 
        2.32553         73.7867         5.83306 
        2.33166         73.5058         5.79518 
         2.3378         73.0919         5.75759 
        2.34394         72.8323         5.72031 
        2.35007          72.348         5.68342 
        2.35619         71.9053          5.6469 
        2.36233         71.5449         5.61062 
        2.36848         71.4523         5.57458 
        2.37462         70.9345         5.53893 
        2.38075         70.6313         5.50363 
        2.38689         70.3744          5.4686 
        2.39303         70.0487         5.43389 
        2.39916         69.5867         5.39951 
        2.40529         69.3556         5.36543 
        2.41143         68.9297         5.33163 
        2.41757         68.4949         5.29809 
         2.4237         68.3278         5.26491 
        2.42983         67.9663         5.23202 
        2.43598         67.7653         5.19932 
        2.44211         67.3507         5.16696 
        2.44823         66.9275         5.13494 
        2.45437         66.7184          5.1031 
        2.46052         66.3494         5.07151 
        2.46665         65.9401         5.04025 
        2.47279         65.6114         5.00925 
        2.47892         65.4215          4.9785 
        2.48507         65.1272         4.94798 
         2.4912         64.8264         4.91777 
        2.49733         64.4218         4.88783 
        2.50347         64.1377         4.85808 
        2.50961         63.8957         4.82859 
        2.51575         63.6798         4.79935 
        2.52188         63.1964         4.77039 
        2.52802         62.9787         4.74164 
        2.53416         62.5931         4.71312 
        2.54029         62.3169         4.68488 
        2.54641         62.1194         4.65688 
        2.55255          61.735         4.62908 
        2.55869         61.4752         4.60147 
        2.56483         61.1557         4.57411 
        2.57096         60.8045         4.54701 
        2.57709         60.4654         4.52013 
        2.58323         60.2146         4.49343 
        2.58937         59.9524         4.46693 
        2.59551         59.6781         4.44068 
        2.60164         59.4137         4.41465 
        2.60778         59.1277         4.38881 
        2.61392         58.8843         4.36317 
        2.62006         58.6055         4.33775 
        2.62619         58.2254         4.31256 
        2.63232         58.0428         4.28756 
        2.63846         57.7152         4.26274 
        2.64459         57.4197         4.23814 
        2.65072         57.2236         4.21374 
        2.65686         56.9268         4.18953 
          2.663         56.6358         4.16546 
        2.66915           56.42         4.14159 
        2.67527         56.1647         4.11796 
        2.68141         55.8587         4.09451 
        2.68755         55.5701         4.07121 
        2.69368          55.309         4.04811 
        2.69981         55.0501         4.02523 
        2.70595         54.7921         4.00246 
        2.71209         54.6018         3.97987 
        2.71823         54.3514         3.95749 
        2.72436         53.9796         3.93529 
         2.7305         53.8159         3.91324 
        2.73663          53.601         3.89136 
        2.74276         53.3739         3.86968 
         2.7489         53.1064         3.84814 
        2.75504         52.7948         3.82675 
        2.76118         52.6182         3.80551 
        2.76732         52.3486         3.78446 
        2.77345         52.0805         3.76358 
        2.77959         51.8848         3.74284 
        2.78572          51.663         3.72227 
        2.79186         51.3703         3.70187 
        2.79798         51.1592         3.68163 
        2.80412         50.9227         3.66151 
        2.81027         50.7141         3.64152 
         2.8164         50.4651         3.62172 
        2.82253         50.2261         3.60207 
        2.82867         50.1364         3.58255 
        2.83481         49.8268         3.56317 
        2.84095         49.5818         3.54394 
        2.84708         49.3035         3.52487 
        2.85322         49.1777         3.50592 
        2.85935         48.7863         3.48712 
        2.86549         48.7236         3.46846 
        2.87162         48.3871         3.44994 
        2.87776         48.1255         3.43156 
        2.88389         47.9924          3.4133 
        2.89003         47.7268         3.39518 
        2.89617         47.5599         3.37719 
        2.90231         47.3721         3.35933 
        2.90844         47.1015          3.3416 
        2.91458         46.8629           3.324 
        2.92071         46.6984         3.30655 
        2.92684         46.4651         3.28921 
        2.93298         46.2354         3.27199 
         2.9391         46.0233         3.25493 
        2.94524         45.8029         3.23796 
        2.95138         45.6523          3.2211 
        2.95752         45.3903         3.20435 
        2.96367         45.2567         3.18772 
         2.9698         45.0002         3.17124 
        2.97594         44.8625         3.15485 
        2.98207         44.6418         3.13859 
        2.98821         44.4244         3.12245 
        2.99434         44.2575         3.10643 
        3.00048         44.0235         3.09051 
        3.00662         43.8094          3.0747 
        3.01275         43.6832         3.05902 
        3.01888         43.3811         3.04345 
        3.02503         43.2326         3.02796 
        3.03117         43.0593         3.01258 
        3.03729          42.814         2.99736 
        3.04342          42.659         2.98222 
        3.04957         42.4975         2.96715 
         3.0557         42.3036         2.95221 
        3.06183         42.0541         2.93739 
        3.06796         41.8683         2.92267 
        3.07411         41.6767         2.90801 
        3.08025         41.5203         2.89348 
        3.08637         41.3968         2.87907 
         3.0925         41.2013         2.86474 
        3.09865         40.9846         2.85048 
         3.1048         40.7957         2.83633 
        3.11093         40.6368          2.8223 
        3.11706         40.4274         2.80836 
         3.1232         40.2642         2.79451 
        3.12933         40.0072         2.78075 
        3.13547         39.8992         2.76709 
        3.14159          39.737         2.75354 
        3.14773         39.5702         2.74005 
        3.15388         39.3926         2.72664 
        3.16001         39.2285         2.71335 
        3.16614         39.0847         2.70015 
        3.17228         38.9104         2.68703 
        3.17842         38.7161         2.67399 
        3.18455         38.5772         2.66105 
        3.19068         38.3837          2.6482 
        3.19682         38.1759         2.63542 
        3.20297         38.0298         2.62271 
         3.2091         37.8888         2.61011 
        3.21524         37.7247         2.59758 
        3.22138         37.5416         2.58514 
         3.2275         37.3714          2.5728 
        3.23363         37.1986         2.56054 
        3.23977         37.0018         2.54834 
        3.24591         36.8677         2.53622 
        3.25205         36.6721         2.52417 
        3.25818         36.5836         2.51221 
        3.26432         36.4085         2.50033 
        3.27046         36.2337         2.48853 
         3.2766         36.0379          2.4768 
        3.28273         35.9186         2.46515 
        3.28887         35.7464         2.45357 
          3.295         35.6078         2.44207 
        3.30113         35.4425         2.43065 
        3.30727         35.2808          2.4193 
        3.31341         35.2072         2.40802 
        3.31954         34.9771         2.39682 
        3.32568         34.9085         2.38568 
        3.33182         34.6971         2.37461 
        3.33795         34.5764         2.36362 
        3.34409         34.4302         2.35269 
        3.35022          34.302         2.34184 
        3.35636         34.1132         2.33106 
         3.3625          33.994         2.32033 
        3.36864         33.8172         2.30968 
        3.37477         33.6902          2.2991 
        3.38091         33.5352         2.28859 
        3.38704         33.4139         2.27814 
        3.39318         33.2428         2.26775 
        3.39931         33.1034         2.25743 
        3.40545         33.0198         2.24718 
        3.41158         32.8375         2.23699 
        3.41772         32.6961         2.22687 
        3.42385         32.5746         2.21681 
        3.42998         32.4237         2.20681 
        3.43612         32.2888         2.19688 
        3.44226         32.1451           2.187 
         3.4484         32.0249         2.17716 
        3.45453         31.8587         2.16741 
        3.46066         31.7223         2.15773 
        3.46681         31.6145         2.14807 
        3.47295         31.4473         2.13849 
        3.47908         31.2814         2.12898 
        3.48521         31.2074         2.11953 
        3.49135         31.0948         2.11012 
        3.49749          30.977         2.10077 
        3.50362         30.8272         2.09149 
        3.50976         30.6995         2.08226 
        3.51589         30.5942         2.07308 
        3.52203         30.4376         2.06396 
        3.52816         30.3102         2.05491 
        3.53429         30.1915          2.0459 
        3.54043          30.058         2.03694 
        3.54657         29.9454         2.02803 
        3.55271         29.8298         2.01918 
        3.55884         29.6698          2.0104 
        3.56498         29.5382         2.00165 
        3.57112         29.4584         1.99295 
        3.57725         29.3294         1.98432 
        3.58338         29.1937         1.97574 
        3.58952         29.0404          1.9672 
        3.59566         28.9458         1.95871 
         3.6018         28.8391         1.95027 
        3.60793         28.7194         1.94189 
        3.61407         28.5868         1.93356 
        3.62021         28.4659         1.92527 
        3.62634         28.3972         1.91703 
        3.63247          28.268         1.90885 
        3.63861         28.1202         1.90071 
        3.64475         28.0132          1.8926 
        3.65089          27.909         1.88456 
        3.65702          27.805         1.87657 
        3.66316         27.6588         1.86861 
        3.66929         27.5578         1.86071 
        3.67543         27.4652         1.85285 
        3.68156         27.3417         1.84504 
        3.68769         27.1968         1.83727 
        3.69383         27.1209         1.82954 
        3.69997         27.0021         1.82186 
        3.70611         26.9223         1.81423 
        3.71224         26.7961         1.80664 
        3.71838         26.6547         1.79909 
        3.72451         26.5695         1.79159 
        3.73065          26.461         1.78413 
        3.73678         26.3411         1.77671 
        3.74292         26.2651         1.76933 
        3.74906         26.1382           1.762 
        3.75519         26.0185         1.75471 
        3.76133         25.9291         1.74745 
        3.76746         25.8127         1.74025 
         3.7736         25.7199         1.73308 
        3.77974         25.6591         1.72595 
        3.78588         25.5073         1.71886 
        3.79201         25.4338         1.71181 
        3.79814         25.3199         1.70481 
        3.80428         25.2043         1.69784 
        3.81042         25.1312         1.69091 
        3.81655         25.0095         1.68402 
        3.82268         24.8733         1.67717 
        3.82882         24.8031         1.67036 
        3.83496         24.7315         1.66358 
        3.84109         24.5979         1.65684 
        3.84723         24.4774         1.65015 
        3.85337         24.4172         1.64348 
        3.85951         24.3099         1.63684 
        3.86565         24.2025         1.63026 
        3.87178         24.1194         1.62371 
        3.87791         24.0424          1.6172 
        3.88405         23.9285         1.61071 
        3.89019         23.8569         1.60427 
        3.89632          23.734         1.59786 
        3.90246         23.6704         1.59148 
         3.9086          23.548         1.58514 
        3.91473         23.4865         1.57884 
        3.92086         23.3856         1.57258 
        3.92699         23.2852         1.56634 
        3.93313         23.2053         1.56014 
        3.93927         23.0891         1.55397 
         3.9454         23.0254         1.54784 
        3.95154         22.9252         1.54173 
        3.95768         22.8424         1.53566 
        3.96382         22.7574         1.52962 
        3.96995           22.67         1.52362 
        3.97609         22.5636         1.51765 
        3.98222         22.4651         1.51171 
        3.98836          22.383         1.50581 
         3.9945         22.3052         1.49993 
        4.00063         22.2389         1.49409 
        4.00677         22.1311         1.48827 
        4.01291         22.0494         1.48249 
        4.01904         21.9768         1.47674 
        4.02517         21.8908         1.47103 
        4.03131         21.8067         1.46534 
        4.03745         21.7291         1.45967 
        4.04358         21.6419         1.45405 
        4.04972         21.5612         1.44845 
        4.05585         21.4474         1.44288 
        4.06199         21.3889         1.43734 
        4.06812         21.2937         1.43183 
        4.07426         21.2176         1.42635 
         4.0804         21.1405         1.42089 
        4.08654         21.0482         1.41546 
        4.09267         20.9873         1.41007 
         4.0988          20.904         1.40471 
        4.10494         20.8206         1.39937 
        4.11108         20.7543         1.39406 
        4.11721         20.6588         1.38877 
        4.12334         20.5932         1.38352 
        4.12948         20.5109         1.37829 
        4.13561         20.4313         1.37309 
        4.14176         20.3305         1.36791 
        4.14789          20.264         1.36276 
        4.15403         20.1611         1.35764 
        4.16016         20.1418         1.35254 
         4.1663         20.0334         1.34747 
        4.17243         19.9528         1.34244 
        4.17857         19.9074         1.33742 
        4.18471         19.8082         1.33242 
        4.19084         19.7339         1.32746 
        4.19698         19.6775         1.32252 
        4.20312         19.5632          1.3176 
        4.20925         19.5297         1.31271 
        4.21538         19.4294         1.30785 
        4.22152         19.3625         1.30301 
        4.22766         19.2851         1.29819 
         4.2338         19.2055          1.2934 
        4.23993         19.1478         1.28864 
        4.24607         19.0818          1.2839 
         4.2522         19.0124         1.27918 
        4.25834         18.9416         1.27448 
        4.26447          18.876         1.26981 
        4.27061         18.7706         1.26517 
        4.27674         18.7351         1.26054 
        4.28288          18.662         1.25594 
        4.28902         18.5918         1.25136 
        4.29515         18.5263         1.24681 
        4.30129         18.4402         1.24227 
        4.30743         18.3697         1.23776 
        4.31356         18.3121         1.23327 
        4.31969         18.2416         1.22881 
        4.32583         18.1785         1.22437 
        4.33197         18.1081         1.21995 
         4.3381         18.0496         1.21555 
        4.34424         17.9942         1.21117 
        4.35038         17.9298         1.20681 
        4.35652         17.8482         1.20248 
        4.36265         17.7988         1.19817 
        4.36878         17.7119         1.19388 
        4.37492         17.6681         1.18961 
        4.38106         17.5858         1.18536 
        4.38719         17.5232         1.18113 
        4.39333         17.4645         1.17693 
        4.39946         17.4157         1.17274 
         4.4056         17.3373         1.16857 
        4.41173         17.2618         1.16443 
        4.41786         17.2072         1.16031 
          4.424         17.1644          1.1562 
        4.43014         17.0961         1.15211 
        4.43628         17.0168         1.14804 
        4.44241         16.9776           1.144 
        4.44855         16.9132         1.13997 
        4.45469         16.8458         1.13596 
        4.46083         16.7973         1.13197 
        4.46696         16.7268         1.12801 
        4.47309         16.6605         1.12406 
        4.47923         16.6164         1.12013 
        4.48537         16.5566         1.11622 
         4.4915         16.5049         1.11232 
        4.49764         16.4252         1.10845 
        4.50378         16.3563         1.10459 
        4.50991         16.3169         1.10076 
        4.51604         16.2562         1.09694 
        4.52218         16.1955         1.09313 
        4.52832         16.1491         1.08935 
        4.53445         16.0696         1.08559 
        4.54059         16.0355         1.08184 
        4.54673         15.9663         1.07811 
        4.55286         15.9207          1.0744 
          4.559         15.8652         1.07071 
        4.56513         15.7922         1.06703 
        4.57127         15.7572         1.06337 
        4.57741         15.6959         1.05973 
        4.58354         15.6391          1.0561 
        4.58968           15.58          1.0525 
        4.59582         15.5515          1.0489 
        4.60195         15.4789         1.04533 
        4.60809         15.4174         1.04177 
        4.61422         15.3595         1.03823 
        4.62036         15.3153         1.03471 
        4.62649         15.2701          1.0312 
        4.63263         15.1923         1.02771 
        4.63876         15.1603         1.02423 
         4.6449         15.1029         1.02077 
        4.65104         15.0407         1.01733 
        4.65717         15.0042         1.01391 
        4.66331         14.9552         1.01049 
        4.66944         14.8904          1.0071 
        4.67558         14.8444         1.00372 
        4.68171         14.7891         1.00036 
        4.68785         14.7486        0.997003 
        4.69399         14.6958         0.99367 
        4.70012         14.6372        0.990356 
        4.70625         14.5895        0.987053 
        4.71239         14.5424        0.983764 
        4.71853         14.4975         0.98049 
        4.72467          14.444        0.977231 
         4.7308         14.4112        0.973989 
        4.73694         14.3591        0.970761 
        4.74308         14.2986        0.967547 
        4.74922         14.2486        0.964346 
        4.75535          14.209        0.961164 
        4.76148         14.1562        0.957996 
        4.76762         14.1179        0.954838 
        4.77376         14.0611        0.951696 
        4.77989         14.0025        0.948572 
        4.78602         13.9693        0.945459 
        4.79216         13.9332        0.942358 
         4.7983         13.8762        0.939273 
        4.80443         13.8491        0.936205 
        4.81056         13.7849        0.933149 
         4.8167         13.7399        0.930103 
        4.82284         13.6983        0.927071 
        4.82898         13.6485        0.924055 
        4.83511         13.5963        0.921054 
        4.84125         13.5613        0.918062 
        4.84739         13.5053        0.915086 
        4.85352         13.4787        0.912125 
        4.85965          13.423        0.909175 
        4.86579         13.3965        0.906238 
        4.87193         13.3377        0.903314 
        4.87807         13.2959        0.900403 
         4.8842         13.2487        0.897505 
        4.89034         13.2074        0.894619 
        4.89647         13.1664        0.891747 
        4.90261         13.1327        0.888887 
        4.90874          13.076        0.886042 
        4.91488         13.0493        0.883208 
        4.92102         13.0068        0.880384 
        4.92715         12.9579        0.877574 
        4.93329         12.9193        0.874778 
        4.93942         12.8675        0.871991 
        4.94556         12.8281        0.869217 
         4.9517         12.7997        0.866455 
        4.95783         12.7633        0.863707 
        4.96397         12.7081        0.860969 
        4.97011         12.6683        0.858243 
        4.97624         12.6336        0.855531 
        4.98238         12.5874         0.85283 
        4.98851         12.5507        0.850141 
        4.99465         12.5084        0.847463 
        5.00078         12.4754        0.844797 
        5.00691         12.4426        0.842143 
        5.01305         12.3998          0.8395 
        5.01919         12.3569        0.836865 
        5.02533         12.3147        0.834243 
        5.03146         12.2824        0.831635 
         5.0376         12.2464        0.829037 
        5.04374         12.1909        0.826449 
        5.04987         12.1705        0.823872 
        5.05601         12.1237        0.821308 
        5.06215         12.0793        0.818752 
        5.06829         12.0487        0.816207 
        5.07442         12.0167        0.813677 
        5.08055          11.987        0.811157 
        5.08668         11.9436        0.808646 
        5.09282         11.9054        0.806144 
        5.09896         11.8708        0.803656 
        5.10509         11.8366        0.801178 
        5.11123         11.8096        0.798709 
        5.11736         11.7804        0.796251 
         5.1235          11.733        0.793802 
        5.12964         11.7109        0.791365 
        5.13577         11.6605        0.788937 
        5.14191         11.6294         0.78652 
        5.14804          11.589        0.784115 
        5.15418         11.5593        0.781719 
        5.16032         11.5337        0.779331 
        5.16645         11.4899        0.776954 
        5.17259         11.4545        0.774587 
        5.17872         11.4147        0.772231 
        5.18486         11.3899        0.769883 
          5.191         11.3529        0.767545 
        5.19713         11.3208        0.765219 
        5.20327          11.289        0.762902 
        5.20941         11.2493        0.760592 
        5.21555         11.2252        0.758291 
        5.22168         11.1918        0.756003 
        5.22781         11.1637        0.753725 
        5.23395         11.1304        0.751455 
        5.24009         11.1018        0.749193 
        5.24622         11.0693        0.746942 
        5.25236         11.0313        0.744701 
         5.2585         11.0031        0.742467 
        5.26463         10.9663        0.740243 
        5.27077         10.9355        0.738028 
         5.2769          10.917        0.735824 
        5.28304         10.8837        0.733628 
        5.28917         10.8466        0.731441 
         5.2953         10.8123        0.729264 
        5.30144         10.7744        0.727095 
        5.30757         10.7548        0.724934 
        5.31371         10.7231        0.722781 
        5.31985         10.6912        0.720637 
        5.32599         10.6692        0.718501 
        5.33213           10.64        0.716375 
        5.33826         10.5918        0.714258 
         5.3444         10.5844         0.71215 
        5.35053         10.5474         0.71005 
        5.35667         10.5148        0.707958 
        5.36281         10.4901        0.705874 
        5.36894         10.4707          0.7038 
        5.37507         10.4247        0.701735 
        5.38121          10.407        0.699676 
        5.38735         10.3798        0.697626 
        5.39348         10.3569        0.695586 
        5.39961         10.3192        0.693554 
        5.40575         10.2958        0.691527 
        5.41189         10.2707        0.689509 
        5.41803         10.2415          0.6875 
        5.42416         10.2191          0.6855 
         5.4303         10.1906        0.683506 
        5.43644         10.1641        0.681521 
        5.44257         10.1345        0.679545 
        5.44871         10.1071        0.677575 
        5.45484         10.0848        0.675614 
        5.46098         10.0615         0.67366 
        5.46712          10.026        0.671714 
        5.47325         9.99894        0.669776 
        5.47938         9.98522        0.667847 
        5.48552         9.95552        0.665926 
        5.49165          9.9267         0.66401 
        5.49779         9.90963        0.662103 
        5.50393         9.87579        0.660202 
        5.51006         9.85459        0.658308 
         5.5162         9.83166        0.656423 
        5.52234          9.8112        0.654546 
        5.52847         9.78427        0.652675 
        5.53461         9.75264        0.650811 
        5.54075         9.73854        0.648956 
        5.54688         9.70634        0.647108 
        5.55302         9.68541        0.645266 
        5.55915         9.66687        0.643432 
        5.56529         9.63346        0.641605 
        5.57143         9.62456        0.639785 
        5.57756         9.59563        0.637972 
         5.5837         9.57673        0.636166 
        5.58983         9.54149        0.634369 
        5.59597         9.53237        0.632577 
         5.6021         9.50596        0.630792 
        5.60824         9.48596        0.629014 
        5.61438         9.46285        0.627243 
        5.62051         9.43898        0.625479 
        5.62665         9.42147        0.623721 
        5.63278         9.39421        0.621971 
        5.63892         9.37492        0.620227 
        5.64505          9.3593        0.618491 
        5.65119         9.34348         0.61676 
        5.65733         9.31287        0.615036 
        5.66346           9.299        0.613319 
         5.6696         9.27268        0.611609 
        5.67573         9.25414        0.609905 
        5.68187         9.23479        0.608207 
          5.688         9.21675        0.606516 
        5.69414         9.19295        0.604832 
        5.70028         9.17123        0.603153 
        5.70642         9.16058         0.60148 
        5.71255         9.13402        0.599815 
        5.71869         9.11299        0.598156 
        5.72482         9.09588        0.596504 
        5.73096         9.07525        0.594857 
        5.73709         9.06618        0.593218 
        5.74322         9.04174        0.591584 
        5.74936         9.02094        0.589955 
         5.7555         9.00339        0.588332 
        5.76164         8.99208        0.586717 
        5.76777         8.96916        0.585108 
        5.77391         8.95704        0.583504 
        5.78005         8.93517        0.581905 
        5.78618         8.91418        0.580315 
        5.79231         8.90506        0.578731 
        5.79845         8.88716         0.57715 
        5.80459         8.86726        0.575575 
        5.81073         8.84794        0.574008 
        5.81686         8.83381        0.572447 
          5.823         8.81723         0.57089 
        5.82914          8.8047        0.569339 
        5.83527         8.78216        0.567796 
         5.8414         8.77379        0.566257 
        5.84754         8.75542        0.564723 
        5.85368         8.73631        0.563195 
        5.85981         8.72918        0.561674 
        5.86595         8.70249        0.560158 
        5.87208          8.6959        0.558648 
        5.87822         8.66797        0.557143 
        5.88435         8.66188        0.555645 
        5.89049         8.63864        0.554151 
        5.89662         8.63274        0.552662 
        5.90276         8.61589        0.551179 
         5.9089         8.60323        0.549701 
        5.91503         8.58679         0.54823 
        5.92117         8.56896        0.546763 
        5.92731         8.56437        0.545301 
        5.93344          8.5506        0.543845 
        5.93958         8.53176        0.542395 
        5.94572         8.51676        0.540949 
        5.95186         8.50562        0.539508 
        5.95799         8.49837        0.538075 
        5.96412         8.48072        0.536646 
        5.97026         8.46714        0.535221 
         5.9764         8.45376        0.533802 
        5.98253         8.44515        0.532389 
        5.98866         8.43241         0.53098 
         5.9948         8.41844        0.529576 
        6.00094         8.41274        0.528177 
        6.00707         8.40017        0.526784 
        6.01321         8.38466        0.525395 
        6.01935         8.38009        0.524011 
        6.02548         8.36192        0.522633 
        6.03162         8.35912         0.52126 
        6.03775         8.34534        0.519892 
        6.04389         8.33452        0.518528 
        6.05003         8.32319        0.517168 
        6.05617         8.31234        0.515813 
         6.0623         8.29822        0.514464 
        6.06844          8.2897         0.51312 
        6.07457         8.28435        0.511781 
         6.0807         8.27206        0.510447 
        6.08684         8.25757        0.509117 
        6.09298         8.25291        0.507792 
        6.09912         8.24711         0.50647 
        6.10525         8.23915        0.505155 
        6.11138         8.22489        0.503844 
        6.11752         8.21914        0.502537 
        6.12366         8.20429        0.501235 
        6.12979         8.20053        0.499939 
        6.13593         8.19226        0.498646 
        6.14207         8.18702        0.497358 
         6.1482         8.17682        0.496074 
        6.15434         8.17056        0.494795 
        6.16047         8.16306        0.493522 
        6.16661         8.15886        0.492251 
        6.17274         8.14774        0.490986 
        6.17887         8.15163        0.489726 
        6.18501         8.13655        0.488469 
        6.19115         8.13081        0.487217 
        6.19729         8.12319        0.485968 
        6.20342         8.12249        0.484725 
        6.20956         8.11431        0.483486 
         6.2157         8.10675        0.482251 
        6.22183         8.09929         0.48102 
        6.22797         8.09752        0.479795 
         6.2341         8.08899        0.478574 
        6.24024         8.08692        0.477356 
        6.24638         8.08017        0.476142 
        6.25251         8.07604        0.474933 
        6.25865         8.07737        0.473729 
        6.26478         8.07027        0.472528 
        6.27092         8.06273        0.471332 
        6.27705         8.05644        0.470141 
        6.28318         8.05802        0.468953 
