# k  (h/Mpc)    P(k)  (Mpc/h)^3    P_linear(k)  (Mpc/h)^3
     0.00783031         196.708         198.249 
       0.013688         254.545         256.453 
       0.019231         271.774          272.54 
      0.0249154         265.284         265.579 
      0.0312784         243.522         243.731 
      0.0375637         217.969         218.153 
      0.0433917         196.711         196.418 
      0.0492413         178.643         178.631 
      0.0555754         164.271         163.909 
      0.0619321         152.034         152.484 
       0.067871         143.183         143.201 
      0.0738098         133.989         133.992 
      0.0800417         123.871          123.73 
      0.0862327         112.991         113.005 
      0.0921407         102.828         102.844 
      0.0982031         93.3842         93.2231 
       0.104506         84.5922         84.6935 
       0.110769         77.8991         77.9561 
       0.116806         73.1479         72.9729 
       0.122832         69.0584         69.0935 
       0.129052         65.8081           65.72 
       0.135211         62.6791         62.5262 
       0.141259         59.2407          59.223 
       0.147318         55.5358         55.6566 
       0.153489         51.8758         51.8645 
       0.159709         48.2034         48.1108 
       0.165845         44.5963         44.7155 
       0.171974         41.9468         41.7969 
       0.178125         39.5334         39.3962 
       0.184229         37.5178         37.4819 
        0.19034         36.0754         35.9018 
       0.196428         34.6249         34.5025 
       0.202534         33.0935         33.1315 
       0.208729         31.7693           31.68 
       0.214876         30.3365         30.1548 
       0.220989         28.5914         28.5898 
       0.227147         27.2474          27.037 
        0.23329         25.8222         25.5885 
       0.239377         24.5585         24.3078 
       0.245482         23.4358         23.1984 
       0.251667         22.3974         22.2402 
       0.257832         21.6636         21.4115 
       0.263955         20.8394         20.6621 
       0.270079         20.1172          19.939 
        0.27624         19.3161         19.2065 
       0.282372         18.5874           18.46 
        0.28843          17.946         17.7137 
       0.294538          17.184         16.9715 
       0.300721         16.4088         16.2552 
        0.30691          15.835         15.5922 
       0.313033         15.2171         14.9993 
       0.319153         14.7834         14.4678 
       0.325316         14.1628         13.9835 
        0.33145         13.7154         13.5371 
       0.337538         13.3199         13.1139 
       0.343633         12.9319         12.6981 
       0.349808         12.4888           12.28 
       0.355968         12.0665         11.8651 
       0.362074         11.7036         11.4616 
       0.368217         11.3018         11.0697 
       0.374374         10.9905         10.6974 
       0.380519         10.5815         10.3502 
       0.386598         10.2419         10.0308 
       0.392688         9.93545          9.7331 
        0.39888         9.67617         9.44822 
       0.405048         9.41241         9.17757 
       0.411186         9.14259         8.91715 
       0.417313          8.8959         8.66281 
       0.423458         8.61301           8.413 
       0.429607         8.41225         8.16889 
       0.435692         8.19169         7.93452 
       0.441815         7.93323          7.7078 
       0.447964         7.69173         7.49082 
       0.454126         7.52006          7.2842 
       0.460267         7.36001         7.08886 
       0.466387         7.15296         6.90361 
        0.47254         6.98769         6.72505 
       0.478662         6.80381         6.55355 
       0.484765         6.64209         6.38779 
       0.490885         6.46462         6.22609 
       0.497035         6.28588         6.06778 
       0.503198         6.15259         5.91379 
       0.509342         5.98493         5.76534 
       0.515458         5.86304         5.62293 
       0.521598         5.72674         5.48535 
       0.527764         5.61443          5.3526 
       0.533884         5.45034         5.22605 
           0.54          5.3403         5.10422 
       0.546137         5.20186         4.98603 
       0.552299         5.09761         4.87094 
       0.558452         4.98733         4.75941 
       0.564573         4.88626         4.65164 
       0.570708          4.7786         4.54668 
       0.576825         4.67586         4.44505 
       0.582926         4.56797         4.34676 
       0.589034         4.48883         4.25146 
       0.595184         4.40405         4.15866 
       0.601379         4.29653         4.06828 
       0.607522         4.20694         3.98148 
       0.613639         4.10737         3.89765 
       0.619772         4.04416         3.81605 
       0.625918         3.96159          3.7366 
       0.632068         3.88736         3.65934 
       0.638161         3.80984          3.5849 
         0.6443         3.73293         3.51194 
       0.650464         3.65754         3.44071 
       0.656582         3.60426         3.37195 
       0.662703         3.53465         3.30509 
       0.668861         3.44832         3.23973 
       0.675024         3.39053         3.17617 
       0.681124         3.36127         3.11503 
       0.687237         3.28105         3.05543 
       0.693381         3.20379         2.99712 
       0.699536         3.16897         2.94022 
       0.705665         3.10951         2.88501 
       0.711789         3.04199         2.83126 
       0.717957         2.99022         2.77851 
        0.72409         2.93979          2.7274 
       0.730186         2.90202          2.6779 
       0.736317         2.84131         2.62938 
       0.742472         2.80089         2.58192 
       0.748622         2.75635         2.53569 
        0.75476         2.69773         2.49071 
       0.760888         2.66526         2.44691 
       0.767043         2.59629         2.40399 
       0.773185         2.56577         2.36219 
       0.779291         2.53843         2.32162 
       0.785407         2.49013         2.28195 
       0.791564         2.45105         2.24297 
       0.797719         2.40896         2.20492 
       0.803834         2.37037           2.168 
       0.809972         2.33431         2.13181 
       0.816124          2.2981         2.09637 
       0.822261         2.26507         2.06184 
       0.828378         2.22535          2.0282 
       0.834502         2.19351         1.99529 
       0.840667         2.16556         1.96291 
       0.846816         2.13051         1.93134 
       0.852925         2.09308         1.90067 
       0.859047         2.06402          1.8706 
       0.865192         2.03526         1.84109 
       0.871341         2.00765          1.8122 
       0.877463         1.97217         1.78406 
       0.883569         1.94538          1.7566 
       0.889708         1.92224         1.72958 
       0.895864         1.89483         1.70306 
       0.902008          1.8625         1.67715 
       0.908149         1.83992         1.65181 
       0.914301          1.8189         1.62695 
       0.920448         1.79291         1.60262 
       0.926574         1.77346         1.57889 
       0.932687         1.74593         1.55569 
       0.938823         1.71561         1.53287 
       0.944975         1.69794         1.51046 
       0.951105         1.66722         1.48859 
       0.957225         1.64685         1.46719 
       0.963368         1.62968         1.44614 
       0.969511         1.61071          1.4255 
       0.975621         1.58538         1.40538 
       0.981748         1.55776          1.3856 
       0.987916         1.54061         1.36608 
        0.99406         1.52578         1.34701 
        1.00019         1.50434         1.32835 
        1.00632         1.49051         1.31005 
        1.01246         1.46895         1.29208 
        1.01859         1.45093         1.27448 
        1.02471         1.42695         1.25722 
        1.03085         1.40959         1.24023 
        1.03698         1.39625         1.22359 
        1.04314         1.37951         1.20719 
        1.04929         1.36552         1.19113 
        1.05541         1.34196         1.17542 
        1.06154         1.33026         1.15996 
        1.06769         1.31569         1.14476 
        1.07382         1.29857         1.12988 
        1.07993          1.2832         1.11531 
        1.08607         1.26843         1.10093 
        1.09222         1.25057         1.08679 
        1.09836         1.23922         1.07291 
        1.10449          1.2209          1.0593 
        1.11063         1.20682         1.04591 
        1.11677         1.19648         1.03275 
         1.1229         1.17741         1.01985 
        1.12903         1.16853         1.00715 
        1.13518         1.15257        0.994662 
        1.14131         1.14188        0.982394 
        1.14745         1.13133         0.97034 
        1.15359          1.1162        0.958487 
        1.15973         1.10533        0.946828 
        1.16584         1.09057        0.935417 
        1.17197         1.07807        0.924178 
        1.17811           1.066         0.91309 
        1.18424         1.05459        0.902217 
        1.19038         1.04176        0.891491 
        1.19652         1.03524        0.880944 
        1.20267         1.02456        0.870568 
        1.20881         1.00864        0.860363 
        1.21495         1.00029        0.850337 
        1.22108        0.990478        0.840474 
         1.2272        0.976978        0.830792 
        1.23334        0.968516         0.82124 
        1.23949        0.960725        0.811817 
        1.24562        0.949702        0.802568 
        1.25174         0.93949        0.793478 
        1.25789        0.927378        0.784501 
        1.26402        0.919148         0.77568 
        1.27014        0.907729        0.767016 
        1.27628         0.90156         0.75846 
        1.28244        0.892953        0.750017 
        1.28858        0.881326        0.741716 
        1.29471        0.872892        0.733558 
        1.30084        0.864819        0.725531 
        1.30697        0.858735        0.717613 
        1.31312        0.849368        0.709802 
        1.31925        0.840568        0.702132 
        1.32537        0.832793        0.694584 
        1.33151        0.823799         0.68712 
        1.33765        0.815975         0.67977 
        1.34378        0.806134        0.672543 
        1.34992        0.802386        0.665416 
        1.35606         0.79252        0.658377 
         1.3622        0.785599        0.651453 
        1.36833        0.779159        0.644645 
        1.37445        0.772062        0.637938 
        1.38059        0.764054        0.631306 
        1.38675        0.756253        0.624753 
        1.39288        0.748208         0.61832 
        1.39901        0.743344         0.61198 
        1.40515        0.735497        0.605715 
         1.4113        0.731371         0.59954 
        1.41742        0.722813        0.593476 
        1.42355        0.713858        0.587484 
         1.4297        0.711053        0.581557 
        1.43585        0.702375        0.575714 
        1.44198        0.697201        0.569975 
        1.44809        0.689701        0.564324 
        1.45423        0.685174         0.55873 
        1.46036        0.678487        0.553222 
        1.46649        0.671945        0.547786 
        1.47263        0.665101        0.542419 
        1.47877        0.662972        0.537127 
        1.48491        0.653012        0.531897 
        1.49104        0.651039        0.526748 
        1.49718        0.643178        0.521663 
        1.50333        0.638955        0.516638 
        1.50947        0.634096         0.51169 
         1.5156        0.627749        0.506813 
        1.52172        0.623237        0.502001 
        1.52787        0.615774        0.497242 
          1.534        0.612802         0.49255 
        1.54013        0.607438        0.487923 
        1.54627        0.602111        0.483348 
        1.55241        0.596264        0.478831 
        1.55855        0.591809        0.474378 
        1.56467        0.587382        0.469994 
         1.5708        0.581728        0.465654 
        1.57695        0.576826        0.461361 
        1.58308        0.570341        0.457133 
        1.58922        0.568266        0.452954 
        1.59535         0.56227         0.44883 
         1.6015        0.558113        0.444751 
        1.60764        0.553663        0.440725 
        1.61376        0.549159         0.43676 
        1.61989        0.544587        0.432841 
        1.62604        0.539934        0.428961 
        1.63218        0.537013        0.425131 
        1.63831        0.531424        0.421357 
        1.64444        0.527822        0.417627 
        1.65059        0.522962        0.413933 
        1.65673        0.519307        0.410289 
        1.66285        0.516076        0.406699 
        1.66898        0.511414         0.40315 
        1.67512        0.506878        0.399637 
        1.68127        0.502524        0.396163 
         1.6874        0.499767        0.392738 
        1.69353         0.49572        0.389355 
        1.69967        0.491583        0.386005 
        1.70581        0.488799        0.382695 
        1.71193        0.485362        0.379437 
        1.71806        0.481242         0.37621 
        1.72421         0.47736        0.373014 
        1.73035         0.47299        0.369859 
        1.73649        0.471453        0.366741 
        1.74262        0.466126        0.363661 
        1.74876        0.463754        0.360615 
        1.75489        0.460427        0.357611 
        1.76101        0.456165        0.354641 
        1.76715         0.45352        0.351701 
        1.77329        0.449776        0.348791 
        1.77943        0.446331        0.345913 
        1.78557        0.444576        0.343071 
        1.79171        0.440941        0.340261 
        1.79785        0.437082        0.337482 
        1.80399        0.433091        0.334735 
        1.81012         0.43117        0.332021 
        1.81625        0.428669         0.32934 
        1.82239        0.425759        0.326683 
        1.82853        0.421834        0.324058 
        1.83466        0.418728        0.321463 
        1.84078        0.415493          0.3189 
        1.84692        0.413001        0.316361 
        1.85306        0.410402        0.313846 
         1.8592         0.40736        0.311363 
        1.86533        0.405085        0.308907 
        1.87147        0.401509        0.306476 
        1.87761         0.39879         0.30407 
        1.88375        0.396068        0.301692 
        1.88988        0.393097        0.299342 
        1.89601        0.389579        0.297016 
        1.90215          0.3879        0.294713 
        1.90829        0.384639        0.292436 
        1.91442        0.382966        0.290182 
        1.92056         0.38109        0.287955 
         1.9267        0.377466        0.285748 
        1.93284        0.374545        0.283563 
        1.93897        0.372851        0.281406 
        1.94509        0.370408        0.279275 
        1.95123        0.367227        0.277161 
        1.95737        0.365142        0.275068 
        1.96349        0.362647        0.273001 
        1.96964        0.360129         0.27095 
        1.97578        0.357522        0.268919 
        1.98192         0.35602        0.266913 
        1.98805        0.353827        0.264927 
        1.99419        0.351852        0.262961 
        2.00033        0.349122        0.261014 
        2.00647        0.346637        0.259088 
         2.0126        0.344761        0.257184 
        2.01874        0.342764        0.255297 
        2.02488        0.340353        0.253426 
        2.03101        0.337783        0.251578 
        2.03714        0.336769        0.249751 
        2.04328        0.333488        0.247939 
        2.04941        0.332235        0.246147 
        2.05554        0.330118        0.244374 
        2.06167        0.327822        0.242615 
        2.06781        0.324666        0.240874 
        2.07396         0.32371        0.239148 
        2.08009        0.321559        0.237441 
        2.08622        0.319885        0.235754 
        2.09237         0.31768        0.234079 
        2.09851        0.315317         0.23242 
        2.10464         0.31366         0.23078 
        2.11077        0.311451        0.229158 
        2.11691        0.310026        0.227547 
        2.12305        0.307552        0.225953 
        2.12918        0.305857        0.224377 
        2.13531        0.304458        0.222816 
        2.14145        0.302329        0.221267 
         2.1476        0.300853         0.21973 
        2.15372        0.298986        0.218216 
        2.15985        0.296805        0.216714 
        2.16599        0.295139        0.215222 
        2.17213        0.293724        0.213747 
        2.17827        0.291652        0.212285 
         2.1844        0.290365        0.210838 
        2.19054        0.288779        0.209404 
        2.19666         0.28707        0.207985 
         2.2028          0.2846        0.206579 
        2.20893        0.283531        0.205185 
        2.21508        0.281839        0.203802 
        2.22122        0.280594        0.202431 
        2.22736        0.278285        0.201076 
        2.23349        0.276544        0.199733 
        2.23962         0.27514        0.198402 
        2.24577        0.273916        0.197082 
         2.2519        0.272347        0.195776 
        2.25802        0.270689        0.194484 
        2.26417        0.269402          0.1932 
        2.27031        0.267544        0.191926 
        2.27644        0.266925        0.190668 
        2.28257        0.264903        0.189421 
        2.28872        0.263406        0.188182 
        2.29486        0.261948        0.186955 
        2.30099        0.260304        0.185742 
        2.30712        0.258976        0.184538 
        2.31326        0.257294        0.183344 
         2.3194        0.256315         0.18216 
        2.32553        0.254884        0.180989 
        2.33166        0.253469        0.179829 
         2.3378        0.251999        0.178677 
        2.34394         0.25071        0.177535 
        2.35007        0.249302        0.176405 
        2.35619        0.248111        0.175286 
        2.36233        0.246346        0.174174 
        2.36848        0.245348        0.173069 
        2.37462        0.244441        0.171977 
        2.38075        0.242873        0.170894 
        2.38689        0.241708         0.16982 
        2.39303        0.240277        0.168756 
        2.39916        0.238844        0.167702 
        2.40529        0.237798        0.166657 
        2.41143        0.236003         0.16562 
        2.41757        0.235079        0.164591 
         2.4237        0.233991        0.163573 
        2.42983        0.233311        0.162564 
        2.43598        0.231543         0.16156 
        2.44211        0.229665        0.160567 
        2.44823        0.229486        0.159584 
        2.45437        0.228118        0.158607 
        2.46052        0.226956        0.157637 
        2.46665        0.225566        0.156677 
        2.47279        0.224344        0.155726 
        2.47892        0.223727        0.154781 
        2.48507         0.22215        0.153844 
         2.4912        0.221405        0.152916 
        2.49733        0.220231        0.151996 
        2.50347        0.219238        0.151082 
        2.50961        0.217599        0.150176 
        2.51575        0.216769        0.149277 
        2.52188        0.215588        0.148387 
        2.52802        0.214884        0.147504 
        2.53416        0.213474        0.146627 
        2.54029        0.212622        0.145759 
        2.54641        0.211444        0.144898 
        2.55255        0.210481        0.144043 
        2.55869         0.20923        0.143194 
        2.56483        0.208319        0.142353 
        2.57096        0.207631        0.141519 
        2.57709        0.206186        0.140692 
        2.58323        0.205567        0.139871 
        2.58937         0.20458        0.139056 
        2.59551        0.203754        0.138248 
        2.60164        0.202842        0.137447 
        2.60778        0.201733        0.136652 
        2.61392        0.200813        0.135863 
        2.62006        0.199856         0.13508 
        2.62619        0.198864        0.134305 
        2.63232        0.198294        0.133535 
        2.63846        0.196993        0.132771 
        2.64459        0.196135        0.132014 
        2.65072        0.195179        0.131262 
        2.65686        0.194134        0.130516 
          2.663        0.193411        0.129775 
        2.66915        0.192769         0.12904 
        2.67527        0.191639        0.128312 
        2.68141        0.190815        0.127589 
        2.68755        0.190042        0.126871 
        2.69368        0.189255         0.12616 
        2.69981        0.188505        0.125454 
        2.70595        0.187434        0.124753 
        2.71209        0.186614        0.124056 
        2.71823        0.186139        0.123366 
        2.72436        0.184985        0.122682 
         2.7305         0.18407        0.122002 
        2.73663         0.18308        0.121328 
        2.74276        0.182987        0.120659 
         2.7489         0.18183        0.119995 
        2.75504        0.181262        0.119335 
        2.76118        0.179949         0.11868 
        2.76732        0.179597         0.11803 
        2.77345        0.178642        0.117386 
        2.77959        0.177907        0.116747 
        2.78572        0.177324        0.116112 
        2.79186        0.176139        0.115482 
        2.79798        0.175369        0.114858 
        2.80412        0.175067        0.114237 
        2.81027        0.174463         0.11362 
         2.8164        0.173555        0.113008 
        2.82253        0.172783        0.112402 
        2.82867        0.172197        0.111799 
        2.83481        0.171403        0.111201 
        2.84095         0.17076        0.110607 
        2.84708        0.170125        0.110018 
        2.85322        0.169411        0.109433 
        2.85935        0.168704        0.108852 
        2.86549        0.168061        0.108276 
        2.87162        0.167373        0.107704 
        2.87776        0.166743        0.107136 
        2.88389        0.165723        0.106572 
        2.89003        0.165424        0.106012 
        2.89617        0.164934        0.105456 
        2.90231        0.163904        0.104904 
        2.90844        0.163543        0.104356 
        2.91458        0.162883        0.103812 
        2.92071        0.162326        0.103272 
        2.92684        0.161563        0.102736 
        2.93298        0.160811        0.102204 
         2.9391        0.160419        0.101677 
        2.94524        0.159728        0.101152 
        2.95138        0.159227        0.100631 
        2.95752        0.158486        0.100113 
        2.96367        0.157916       0.0995982 
         2.9698        0.157356       0.0990884 
        2.97594        0.156889       0.0985817 
        2.98207        0.156322       0.0980786 
        2.98821        0.155778       0.0975794 
        2.99434        0.154842       0.0970837 
        3.00048        0.154535       0.0965912 
        3.00662        0.153891       0.0961018 
        3.01275        0.153477       0.0956167 
        3.01888        0.152942       0.0951348 
        3.02503        0.152198       0.0946554 
        3.03117        0.151748       0.0941795 
        3.03729        0.151302       0.0937081 
        3.04342        0.150605       0.0932394 
        3.04957        0.150161       0.0927728 
         3.0557        0.150053       0.0923103 
        3.06183        0.149005       0.0918517 
        3.06796         0.14875       0.0913956 
        3.07411        0.148143       0.0909416 
        3.08025        0.147561       0.0904916 
        3.08637        0.147161       0.0900454 
         3.0925        0.146669       0.0896016 
        3.09865        0.146201       0.0891599 
         3.1048        0.145827       0.0887214 
        3.11093         0.14534       0.0882866 
        3.11706        0.144741       0.0878548 
         3.1232        0.144285       0.0874257 
        3.12933        0.143868       0.0869992 
        3.13547        0.143515       0.0865759 
        3.14159        0.142961        0.086156 
        3.14773        0.142466       0.0857381 
        3.15388        0.142002       0.0853225 
        3.16001        0.141582       0.0849104 
        3.16614        0.141132       0.0845012 
        3.17228        0.140705       0.0840944 
        3.17842        0.140205       0.0836902 
        3.18455        0.139784        0.083289 
        3.19068        0.139466       0.0828905 
        3.19682         0.13895       0.0824941 
        3.20297        0.138664       0.0821002 
         3.2091        0.138128       0.0817092 
        3.21524        0.137773       0.0813208 
        3.22138        0.137369       0.0809349 
         3.2275         0.13688       0.0805521 
        3.23363        0.136517       0.0801717 
        3.23977        0.136086       0.0797932 
        3.24591        0.136004       0.0794173 
        3.25205        0.135527       0.0790435 
        3.25818        0.135043       0.0786723 
        3.26432        0.134665       0.0783037 
        3.27046        0.134354       0.0779373 
         3.2766        0.133963       0.0775733 
        3.28273        0.133949       0.0772117 
        3.28887        0.133642       0.0768524 
          3.295        0.133109       0.0764955 
        3.30113        0.132564       0.0761409 
        3.30727         0.13246       0.0757884 
        3.31341        0.132153       0.0754384 
        3.31954        0.131792       0.0750905 
        3.32568        0.131647       0.0747445 
        3.33182        0.131212       0.0744009 
        3.33795        0.131176       0.0740597 
        3.34409        0.130721       0.0737202 
        3.35022        0.130394        0.073383 
        3.35636        0.130183       0.0730482 
         3.3625        0.130128       0.0727151 
        3.36864        0.129745       0.0723842 
        3.37477        0.129285       0.0720554 
        3.38091        0.129207       0.0717289 
        3.38704        0.129016       0.0714044 
        3.39318         0.12896       0.0710817 
        3.39931        0.128605        0.070761 
        3.40545        0.128331       0.0704424 
        3.41158        0.128203       0.0701258 
        3.41772        0.127911       0.0698111 
        3.42385        0.127758       0.0694985 
        3.42998        0.127744       0.0691878 
        3.43612        0.127617        0.068879 
        3.44226        0.127292       0.0685718 
         3.4484        0.127108       0.0682662 
        3.45453         0.12703       0.0679631 
        3.46066        0.126948        0.067662 
        3.46681        0.126796       0.0673619 
        3.47295         0.12679       0.0670638 
        3.47908        0.126447       0.0667682 
        3.48521        0.126378       0.0664743 
        3.49135         0.12641       0.0661817 
        3.49749        0.126303        0.065891 
        3.50362        0.126288       0.0656021 
        3.50976        0.126038       0.0653151 
        3.51589           0.126       0.0650297 
        3.52203        0.125765        0.064746 
        3.52816        0.125951       0.0644644 
        3.53429        0.125682       0.0641842 
        3.54043         0.12565       0.0639052 
        3.54657        0.125638        0.063628 
        3.55271        0.125641       0.0633528 
        3.55884        0.125704       0.0630794 
        3.56498        0.125612       0.0628071 
        3.57112        0.125605       0.0625364 
        3.57725        0.125503       0.0622677 
        3.58338        0.125623       0.0620007 
        3.58952        0.125701        0.061735 
        3.59566        0.125708       0.0614706 
         3.6018        0.125621       0.0612079 
        3.60793        0.125728        0.060947 
        3.61407        0.125723       0.0606877 
        3.62021        0.125838       0.0604296 
        3.62634        0.125938       0.0601732 
        3.63247         0.12602       0.0599183 
        3.63861        0.125952       0.0596649 
        3.64475        0.126207       0.0594125 
        3.65089        0.126322        0.059162 
        3.65702        0.126323       0.0589132 
        3.66316        0.126572       0.0586654 
        3.66929        0.126668       0.0584193 
        3.67543        0.126706       0.0581745 
        3.68156        0.126972       0.0579312 
        3.68769         0.12701       0.0576892 
        3.69383        0.127169       0.0574485 
        3.69997        0.127274       0.0572092 
        3.70611        0.127569       0.0569714 
        3.71224        0.127808       0.0567348 
        3.71838         0.12791       0.0564996 
        3.72451        0.128218       0.0562659 
        3.73065        0.128379       0.0560336 
        3.73678        0.128478       0.0558025 
        3.74292        0.128668       0.0555724 
        3.74906        0.129161       0.0553438 
        3.75519        0.129301       0.0551166 
        3.76133        0.129463       0.0548906 
        3.76746        0.130133       0.0546659 
         3.7736        0.130012       0.0544426 
        3.77974        0.130462       0.0542203 
        3.78588        0.130468       0.0539992 
        3.79201        0.131039       0.0537796 
        3.79814        0.131187       0.0535612 
        3.80428        0.131645       0.0533439 
        3.81042        0.131932       0.0531277 
        3.81655        0.132077       0.0529129 
        3.82268        0.132682       0.0526994 
        3.82882        0.133036       0.0524871 
        3.83496        0.133205       0.0522756 
        3.84109         0.13388       0.0520655 
        3.84723        0.134013       0.0518566 
        3.85337         0.13442       0.0516485 
        3.85951        0.134908       0.0514416 
        3.86565        0.135293       0.0512361 
        3.87178        0.135696       0.0510319 
        3.87791         0.13615       0.0508287 
        3.88405        0.136662       0.0506265 
        3.89019        0.137102       0.0504254 
        3.89632        0.137628       0.0502255 
        3.90246        0.138068       0.0500265 
         3.9086        0.138583       0.0498286 
        3.91473        0.139115        0.049632 
        3.92086         0.13958       0.0494367 
        3.92699        0.140299       0.0492421 
        3.93313        0.140822       0.0490484 
        3.93927        0.141265       0.0488559 
         3.9454        0.141645       0.0486645 
        3.95154        0.142314       0.0484739 
        3.95768        0.143115       0.0482844 
        3.96382        0.143363        0.048096 
        3.96995        0.144198       0.0479086 
        3.97609        0.144877       0.0477222 
        3.98222        0.145468        0.047537 
        3.98836         0.14606       0.0473525 
         3.9945        0.146703       0.0471691 
        4.00063         0.14746       0.0469867 
        4.00677        0.148132       0.0468051 
        4.01291        0.148639       0.0466245 
        4.01904        0.149481       0.0464451 
        4.02517        0.150283       0.0462667 
        4.03131        0.150771       0.0460889 
        4.03745        0.151667        0.045912 
        4.04358        0.152377       0.0457363 
        4.04972        0.152944       0.0455615 
        4.05585        0.154283       0.0453875 
        4.06199        0.154548       0.0452144 
        4.06812        0.155735       0.0450423 
        4.07426        0.156227       0.0448711 
         4.0804        0.157274       0.0447006 
        4.08654         0.15822       0.0445311 
        4.09267        0.159077       0.0443626 
         4.0988        0.159861       0.0441951 
        4.10494        0.161054       0.0440283 
        4.11108        0.161309       0.0438622 
        4.11721         0.16284       0.0436972 
        4.12334        0.163515        0.043533 
        4.12948        0.164491       0.0433697 
        4.13561        0.165447       0.0432071 
        4.14176        0.166456       0.0430452 
        4.14789        0.167582       0.0428842 
        4.15403         0.16868       0.0427242 
        4.16016         0.16923       0.0425649 
         4.1663        0.170256       0.0424065 
        4.17243        0.171634        0.042249 
        4.17857        0.172608       0.0420921 
        4.18471        0.173761       0.0419361 
        4.19084        0.174583       0.0417808 
        4.19698         0.17605       0.0416264 
        4.20312        0.176699       0.0414727 
        4.20925        0.178281       0.0413199 
        4.21538        0.179407       0.0411679 
        4.22152        0.180606       0.0410165 
        4.22766        0.182248       0.0408658 
         4.2338        0.183062       0.0407161 
        4.23993        0.184305        0.040567 
        4.24607        0.185493       0.0404188 
         4.2522        0.186974       0.0402712 
        4.25834        0.187994       0.0401243 
        4.26447        0.189493       0.0399783 
        4.27061        0.190536        0.039833 
        4.27674        0.192023       0.0396884 
        4.28288         0.19351       0.0395444 
        4.28902        0.194891       0.0394012 
        4.29515        0.196814       0.0392588 
        4.30129         0.19771        0.039117 
        4.30743        0.199073       0.0389758 
        4.31356        0.200633       0.0388355 
        4.31969        0.202047       0.0386959 
        4.32583        0.203535        0.038557 
        4.33197        0.205318       0.0384185 
         4.3381        0.207046       0.0382809 
        4.34424          0.2084        0.038144 
        4.35038        0.209654       0.0380076 
        4.35652        0.211492       0.0378719 
        4.36265        0.213288       0.0377371 
        4.36878        0.214465       0.0376029 
        4.37492        0.216481       0.0374692 
        4.38106        0.217907       0.0373361 
        4.38719        0.220402       0.0372039 
        4.39333        0.221559       0.0370723 
        4.39946        0.223566       0.0369412 
         4.4056         0.22521       0.0368108 
        4.41173        0.227341        0.036681 
        4.41786          0.2291        0.036552 
          4.424        0.230656       0.0364235 
        4.43014        0.233444       0.0362955 
        4.43628        0.234533       0.0361681 
        4.44241        0.236708       0.0360415 
        4.44855        0.238686       0.0359154 
        4.45469        0.240457       0.0357898 
        4.46083        0.242285        0.035665 
        4.46696        0.244676       0.0355409 
        4.47309        0.246621       0.0354171 
        4.47923        0.248843        0.035294 
        4.48537        0.250815       0.0351716 
         4.4915        0.253235       0.0350497 
        4.49764        0.255443       0.0349283 
        4.50378        0.257508       0.0348075 
        4.50991        0.259725       0.0346874 
        4.51604        0.261505       0.0345679 
        4.52218        0.264121       0.0344487 
        4.52832        0.266716       0.0343302 
        4.53445         0.26868       0.0342124 
        4.54059        0.271454        0.034095 
        4.54673        0.272846       0.0339782 
        4.55286        0.276348       0.0338619 
          4.559        0.278694       0.0337462 
        4.56513        0.280554       0.0336311 
        4.57127        0.283399       0.0335164 
        4.57741         0.28652       0.0334023 
        4.58354        0.288305       0.0332887 
        4.58968        0.291345       0.0331757 
        4.59582        0.294064       0.0330631 
        4.60195        0.296047       0.0329511 
        4.60809        0.299083       0.0328397 
        4.61422        0.301933       0.0327288 
        4.62036        0.305265       0.0326184 
        4.62649        0.307541       0.0325084 
        4.63263        0.310037        0.032399 
        4.63876        0.313451       0.0322901 
         4.6449        0.316249       0.0321817 
        4.65104        0.320138       0.0320737 
        4.65717        0.321899       0.0319664 
        4.66331        0.325121       0.0318595 
        4.66944        0.327838        0.031753 
        4.67558        0.331825       0.0316472 
        4.68171        0.335101       0.0315417 
        4.68785        0.337152       0.0314366 
        4.69399        0.340201       0.0313321 
        4.70012        0.343899       0.0312282 
        4.70625        0.347316       0.0311247 
        4.71239        0.351266       0.0310216 
        4.71853        0.354345       0.0309189 
        4.72467        0.357333       0.0308168 
         4.7308        0.360298       0.0307151 
        4.73694        0.364382       0.0306139 
        4.74308        0.366941       0.0305131 
        4.74922        0.372654       0.0304127 
        4.75535        0.375483       0.0303129 
        4.76148        0.378738       0.0302136 
        4.76762        0.381422       0.0301146 
        4.77376        0.386604        0.030016 
        4.77989        0.390031       0.0299181 
        4.78602        0.393313       0.0298205 
        4.79216        0.397288       0.0297232 
         4.7983        0.400766       0.0296264 
        4.80443        0.405838       0.0295302 
        4.81056        0.409463       0.0294343 
         4.8167         0.41244       0.0293388 
        4.82284        0.417425       0.0292437 
        4.82898        0.421817       0.0291491 
        4.83511        0.425918        0.029055 
        4.84125        0.430463       0.0289611 
        4.84739        0.434001       0.0288677 
        4.85352        0.438355       0.0287748 
        4.85965        0.443568       0.0286823 
        4.86579        0.446979       0.0285902 
        4.87193        0.451727       0.0284984 
        4.87807         0.45658       0.0284071 
         4.8842        0.460623       0.0283162 
        4.89034        0.465296       0.0282256 
        4.89647         0.47019       0.0281355 
        4.90261        0.475732       0.0280458 
        4.90874        0.479569       0.0279565 
        4.91488        0.484808       0.0278676 
        4.92102        0.487959       0.0277789 
        4.92715        0.493558       0.0276908 
        4.93329        0.498163        0.027603 
        4.93942        0.503493       0.0275156 
        4.94556        0.508752       0.0274285 
         4.9517        0.514677       0.0273418 
        4.95783         0.51894       0.0272556 
        4.96397         0.52439       0.0271697 
        4.97011        0.530099       0.0270841 
        4.97624        0.535333       0.0269989 
        4.98238        0.540716       0.0269142 
        4.98851        0.548518       0.0268298 
        4.99465        0.551423       0.0267457 
        5.00078        0.557318        0.026662 
        5.00691        0.563604       0.0265787 
        5.01305        0.569361       0.0264957 
        5.01919          0.5732        0.026413 
        5.02533        0.580756       0.0263307 
        5.03146        0.586533       0.0262488 
         5.0376        0.591773       0.0261673 
        5.04374         0.59819        0.026086 
        5.04987         0.60373       0.0260051 
        5.05601        0.612093       0.0259246 
        5.06215        0.617711       0.0258443 
        5.06829        0.623928       0.0257644 
        5.07442        0.631176       0.0256849 
        5.08055        0.636796       0.0256058 
        5.08668        0.641614       0.0255269 
        5.09282        0.649431       0.0254484 
        5.09896        0.657802       0.0253702 
        5.10509        0.661627       0.0252924 
        5.11123        0.670131       0.0252149 
        5.11736        0.677432       0.0251377 
         5.1235        0.683415       0.0250608 
        5.12964        0.690202       0.0249842 
        5.13577        0.697013       0.0249079 
        5.14191        0.704578        0.024832 
        5.14804        0.711693       0.0247565 
        5.15418        0.717423       0.0246812 
        5.16032        0.726464       0.0246062 
        5.16645        0.733774       0.0245315 
        5.17259        0.739979       0.0244572 
        5.17872        0.746701       0.0243832 
        5.18486        0.756632       0.0243094 
          5.191        0.763525       0.0242359 
        5.19713        0.771319       0.0241629 
        5.20327        0.779283       0.0240901 
        5.20941        0.789377       0.0240175 
        5.21555        0.793925       0.0239452 
        5.22168        0.803583       0.0238733 
        5.22781        0.810807       0.0238017 
        5.23395        0.818754       0.0237304 
        5.24009        0.826334       0.0236593 
        5.24622        0.836121       0.0235886 
        5.25236        0.842444       0.0235182 
         5.2585        0.852946        0.023448 
        5.26463        0.860408       0.0233781 
        5.27077        0.871397       0.0233085 
         5.2769        0.875756       0.0232392 
        5.28304        0.885629       0.0231702 
        5.28917        0.895013       0.0231015 
         5.2953        0.900708       0.0230331 
        5.30144        0.911531       0.0229649 
        5.30757        0.924488        0.022897 
        5.31371        0.932193       0.0228293 
        5.31985        0.939476       0.0227619 
        5.32599        0.955108       0.0226948 
        5.33213         0.95923       0.0226279 
        5.33826        0.969353       0.0225614 
         5.3444        0.979653       0.0224951 
        5.35053        0.985876       0.0224291 
        5.35667        0.997435       0.0223634 
        5.36281         1.00825       0.0222979 
        5.36894         1.01651       0.0222327 
        5.37507         1.03002       0.0221677 
        5.38121         1.03303        0.022103 
        5.38735         1.04735       0.0220386 
        5.39348         1.05815       0.0219744 
        5.39961         1.06544       0.0219105 
        5.40575         1.07474       0.0218468 
        5.41189          1.0883       0.0217834 
        5.41803         1.09664       0.0217202 
        5.42416         1.11117       0.0216573 
         5.4303         1.11972       0.0215946 
        5.43644         1.13132       0.0215322 
        5.44257         1.13846       0.0214701 
        5.44871         1.15049       0.0214081 
        5.45484         1.16456       0.0213464 
        5.46098         1.17428        0.021285 
        5.46712         1.18348       0.0212238 
        5.47325         1.19805       0.0211628 
        5.47938         1.20785       0.0211022 
        5.48552         1.21629       0.0210417 
        5.49165         1.22796       0.0209815 
        5.49779          1.2434       0.0209215 
        5.50393         1.25498       0.0208617 
        5.51006         1.26373       0.0208021 
         5.5162         1.27267       0.0207428 
        5.52234         1.29001       0.0206838 
        5.52847         1.29422       0.0206249 
        5.53461         1.30857       0.0205663 
        5.54075         1.32546       0.0205079 
        5.54688         1.33393       0.0204498 
        5.55302         1.34213       0.0203919 
        5.55915         1.35628       0.0203342 
        5.56529         1.36594       0.0202767 
        5.57143          1.3767       0.0202194 
        5.57756         1.39311       0.0201624 
         5.5837          1.4048       0.0201056 
        5.58983         1.42134        0.020049 
        5.59597          1.4257       0.0199927 
         5.6021         1.44159       0.0199365 
        5.60824         1.44903       0.0198805 
        5.61438         1.46296       0.0198248 
        5.62051          1.4735       0.0197693 
        5.62665          1.4865        0.019714 
        5.63278         1.50152       0.0196589 
        5.63892         1.51196       0.0196041 
        5.64505         1.52615       0.0195494 
        5.65119         1.53623        0.019495 
        5.65733         1.55148       0.0194407 
        5.66346         1.57461       0.0193867 
         5.6696         1.57007       0.0193328 
        5.67573         1.59479       0.0192792 
        5.68187         1.60316       0.0192258 
          5.688         1.61874       0.0191726 
        5.69414         1.62621       0.0191196 
        5.70028          1.6388       0.0190667 
        5.70642         1.66147       0.0190141 
        5.71255          1.6674       0.0189616 
        5.71869         1.67901       0.0189094 
        5.72482         1.69269       0.0188574 
        5.73096         1.71339       0.0188056 
        5.73709          1.7173        0.018754 
        5.74322         1.72998       0.0187026 
        5.74936         1.73915       0.0186513 
         5.7555         1.75289       0.0186002 
        5.76164          1.7673       0.0185493 
        5.76777         1.78319       0.0184987 
        5.77391         1.79057       0.0184482 
        5.78005         1.80543       0.0183979 
        5.78618         1.81388       0.0183478 
        5.79231         1.82276       0.0182979 
        5.79845          1.8452       0.0182482 
        5.80459         1.86258       0.0181986 
        5.81073         1.86845       0.0181492 
        5.81686         1.89098       0.0181001 
          5.823         1.89746        0.018051 
        5.82914         1.91131       0.0180022 
        5.83527         1.91841       0.0179536 
         5.8414          1.9322       0.0179052 
        5.84754          1.9445       0.0178569 
        5.85368         1.96486       0.0178087 
        5.85981         1.96188       0.0177608 
        5.86595         1.98246       0.0177131 
        5.87208         1.99447       0.0176655 
        5.87822         2.00632       0.0176182 
        5.88435         2.01603        0.017571 
        5.89049         2.02547       0.0175239 
        5.89662         2.04136        0.017477 
        5.90276         2.05578       0.0174303 
         5.9089         2.06756       0.0173838 
        5.91503         2.08236       0.0173374 
        5.92117         2.08705       0.0172912 
        5.92731          2.1095       0.0172452 
        5.93344         2.11229       0.0171993 
        5.93958         2.12652       0.0171537 
        5.94572         2.13872       0.0171081 
        5.95186         2.14445       0.0170627 
        5.95799         2.15606       0.0170176 
        5.96412         2.16619       0.0169726 
        5.97026          2.1764       0.0169277 
         5.9764         2.19095        0.016883 
        5.98253          2.2069       0.0168385 
        5.98866         2.20817       0.0167941 
         5.9948         2.22339       0.0167499 
        6.00094         2.22789       0.0167058 
        6.00707         2.24832       0.0166619 
        6.01321         2.25718       0.0166182 
        6.01935         2.27345       0.0165746 
        6.02548         2.27463       0.0165312 
        6.03162         2.28619       0.0164879 
        6.03775         2.29433       0.0164448 
        6.04389         2.31693       0.0164019 
        6.05003         2.31158        0.016359 
        6.05617         2.32926       0.0163163 
         6.0623         2.33187       0.0162738 
        6.06844         2.35236       0.0162315 
        6.07457         2.35848       0.0161893 
         6.0807         2.36142       0.0161473 
        6.08684         2.37833       0.0161054 
        6.09298          2.3848       0.0160636 
        6.09912         2.39546        0.016022 
        6.10525          2.3967       0.0159806 
        6.11138           2.417       0.0159393 
        6.11752         2.42165       0.0158981 
        6.12366         2.42079       0.0158571 
        6.12979         2.43149       0.0158162 
        6.13593         2.44373       0.0157755 
        6.14207         2.44996       0.0157349 
         6.1482         2.45198       0.0156945 
        6.15434         2.45773       0.0156542 
        6.16047         2.47634        0.015614 
        6.16661         2.47881        0.015574 
        6.17274         2.49584       0.0155341 
        6.17887         2.48916       0.0154944 
        6.18501          2.4848       0.0154548 
        6.19115         2.50852       0.0154154 
        6.19729         2.50743        0.015376 
        6.20342          2.5255       0.0153368 
        6.20956         2.53043       0.0152978 
         6.2157         2.54413       0.0152589 
        6.22183          2.5351       0.0152201 
        6.22797          2.5437       0.0151815 
         6.2341         2.54675        0.015143 
        6.24024         2.54744       0.0151046 
        6.24638         2.55223       0.0150663 
        6.25251         2.56576       0.0150283 
        6.25865         2.56527       0.0149903 
        6.26478         2.57139       0.0149524 
        6.27092         2.57412       0.0149147 
        6.27705           2.579       0.0148772 
        6.28318          2.4094       0.0148397 
