# k  (h/Mpc)    P(k)  (Mpc/h)^3    P_linear(k)  (Mpc/h)^3
     0.00783031         11459.4           11523 
       0.013688         14001.4         14342.6 
       0.019231         14535.8         14743.4 
      0.0249154         13915.4         13909.7 
      0.0312784         12221.1         12354.7 
      0.0375637         10580.3         10775.7 
      0.0433917          9471.1         9545.38 
      0.0492413         8465.68         8602.26 
      0.0555754         7783.15         7856.32 
      0.0619321         7003.98         7278.64 
       0.067871         6622.88         6787.78 
      0.0738098         6172.15         6278.32 
      0.0800417         5626.24         5705.14 
      0.0862327         5035.47         5122.54 
      0.0921407         4549.41         4598.27 
      0.0982031         4149.62         4132.66 
       0.104506         3720.32         3748.43 
       0.110769         3459.34         3464.45 
       0.116806         3313.12         3261.29 
       0.122832         3112.06         3097.62 
       0.129052         2952.13         2939.46 
       0.135211         2843.52         2772.73 
       0.141259         2631.28         2592.76 
       0.147318          2424.9         2402.48 
       0.153489         2274.85         2212.12 
       0.159709         2168.06         2038.47 
       0.165845         1979.74         1894.59 
       0.171974         1928.95         1780.29 
       0.178125         1860.13         1690.75 
       0.184229         1724.29         1618.33 
        0.19034         1694.19         1552.75 
       0.196428         1641.62         1486.63 
       0.202534         1537.03         1415.52 
       0.208729         1503.88         1338.59 
       0.214876         1435.66         1260.82 
       0.220989          1352.7         1186.65 
       0.227147         1316.95         1119.16 
        0.23329         1265.35         1061.26 
       0.239377         1251.77         1013.17 
       0.245482         1190.73         972.423 
       0.251667         1146.71         935.934 
       0.257832         1131.18         901.484 
       0.263955         1075.94         867.077 
       0.270079         1043.73         831.554 
        0.27624          999.92         795.061 
       0.282372         983.494         759.063 
        0.28843         970.775         725.166 
       0.294538          922.87         693.743 
       0.300721         900.951         665.289 
        0.30691         883.007         640.072 
       0.313033         846.603         617.684 
       0.319153         835.313         597.003 
       0.325316         823.493         577.021 
        0.33145          805.71         557.401 
       0.337538           777.5         537.954 
       0.343633         757.366         518.626 
       0.349808         740.796         499.518 
       0.355968         727.051         481.298 
       0.362074         703.221         464.397 
       0.368217         700.433         448.648 
       0.374374          689.11           434.1 
       0.380519         663.007         420.587 
       0.386598         657.424         407.948 
       0.392688         642.691         395.782 
        0.39888         626.337         383.714 
       0.405048         615.313          371.94 
       0.411186         613.325         360.491 
       0.417313         608.233         349.395 
       0.423458         589.475         338.717 
       0.429607         573.416          328.56 
       0.435692         566.643         319.043 
       0.441815         556.718         309.993 
       0.447964         547.162         301.371 
       0.454126         540.708         293.106 
       0.460267         532.091         285.168 
       0.466387         523.576         277.508 
        0.47254         515.265         270.015 
       0.478662         505.973         262.767 
       0.484765          500.65         255.773 
       0.490885          495.38         249.011 
       0.497035         485.546         242.479 
       0.503198         485.222         236.204 
       0.509342         474.566         230.214 
       0.515458         466.098         224.493 
       0.521598         460.862         218.961 
       0.527764         452.701         213.589 
       0.533884         449.963         208.424 
           0.54         444.555         203.421 
       0.546137         436.208         198.549 
       0.552299         435.043         193.804 
       0.558452          428.47         189.217 
       0.564573         424.249         184.808 
       0.570708          419.53         180.543 
       0.576825          411.51         176.437 
       0.582926         409.424         172.477 
       0.589034         403.208         168.639 
       0.595184         400.238         164.893 
       0.601379         393.877         161.235 
       0.607522         386.885         157.715 
       0.613639         385.618         154.311 
       0.619772         384.089         150.996 
       0.625918         377.148          147.77 
       0.632068         373.792         144.637 
       0.638161          370.54         141.625 
         0.6443         366.548         138.682 
       0.650464         362.074         135.816 
       0.656582         358.862         133.053 
       0.662703         356.194         130.368 
       0.668861         350.642         127.741 
       0.675024         348.698         125.183 
       0.681124         344.182          122.72 
       0.687237         342.084         120.319 
       0.693381         337.707          117.97 
       0.699536         335.593         115.681 
       0.705665         331.955         113.463 
       0.711789         330.147         111.307 
       0.717957         325.868         109.193 
        0.72409         322.246         107.146 
       0.730186         324.136         105.164 
       0.736317         318.166         103.222 
       0.742472         315.003         101.322 
       0.748622         311.924         99.4714 
        0.75476         311.056         97.6714 
       0.760888         307.655         95.9188 
       0.767043         304.675         94.2025 
       0.773185         303.039         92.5322 
       0.779291          298.59         90.9122 
       0.785407         297.539          89.329 
       0.791564         294.782         87.7738 
       0.797719         290.178         86.2567 
       0.803834         292.459         84.7853 
       0.809972         288.045         83.3431 
       0.816124         284.612         81.9316 
       0.822261         282.287         80.5567 
       0.828378          281.65         79.2176 
       0.834502         277.538         77.9079 
       0.840667         277.658         76.6195 
       0.846816         272.636         75.3641 
       0.852925         272.756         74.1448 
       0.859047         270.133         72.9501 
       0.865192         269.446         71.7779 
       0.871341         265.674         70.6308 
       0.877463         263.652         69.5142 
       0.883569         262.612         68.4246 
       0.889708         260.187         67.3529 
       0.895864         257.962         66.3016 
       0.902008         256.075         65.2751 
       0.908149         253.996          64.271 
       0.914301         252.571         63.2865 
       0.920448         251.421         62.3236 
       0.926574         249.272         61.3842 
       0.932687         248.002         60.4663 
       0.938823          245.59          59.564 
       0.944975         244.752          58.678 
       0.951105         242.176         57.8134 
       0.957225         240.128         56.9678 
       0.963368          239.98         56.1362 
       0.969511         235.755         55.3214 
       0.975621         234.753         54.5271 
       0.981748         233.738         53.7465 
       0.987916         232.669         52.9763 
        0.99406         230.545         52.2241 
        1.00019         228.974         51.4881 
        1.00632         228.259          50.767 
        1.01246          226.39         50.0587 
        1.01859         223.991         49.3651 
        1.02471         222.386         48.6856 
        1.03085         221.402         48.0165 
        1.03698         220.149         47.3615 
        1.04314         219.687          46.716 
        1.04929         218.068          46.084 
        1.05541         216.235         45.4663 
        1.06154         214.526         44.8584 
        1.06769         212.929         44.2608 
        1.07382         212.504          43.676 
        1.07993         210.042         43.1031 
        1.08607         208.882         42.5382 
        1.09222         207.587         41.9829 
        1.09836         206.891         41.4382 
        1.10449         205.033         40.9038 
        1.11063         203.659         40.3783 
        1.11677         202.537         39.8622 
         1.1229          201.31         39.3561 
        1.12903         200.118         38.8583 
        1.13518         198.677         38.3687 
        1.14131          197.88         37.8879 
        1.14745         195.884         37.4156 
        1.15359         194.359         36.9513 
        1.15973         193.947         36.4948 
        1.16584         192.972          36.048 
        1.17197         191.626          35.608 
        1.17811         190.005         35.1741 
        1.18424         189.044         34.7487 
        1.19038         187.916         34.3291 
        1.19652          186.17         33.9166 
        1.20267         185.384          33.511 
        1.20881         184.026          33.112 
        1.21495         183.816         32.7202 
        1.22108         182.324         32.3348 
         1.2272         180.675         31.9565 
        1.23334         180.017         31.5835 
        1.23949          179.34         31.2155 
        1.24562         177.976         30.8544 
        1.25174         176.884         30.4996 
        1.25789         175.406         30.1493 
        1.26402         175.256         29.8051 
        1.27014         174.326         29.4672 
        1.27628         172.358         29.1334 
        1.28244         171.681         28.8043 
        1.28858         170.567         28.4806 
        1.29471         169.713         28.1627 
        1.30084         168.583         27.8499 
        1.30697         167.361         27.5414 
        1.31312         166.446         27.2371 
        1.31925         165.355         26.9383 
        1.32537         164.855         26.6444 
        1.33151         163.848         26.3538 
        1.33765         162.405         26.0677 
        1.34378         162.091         25.7864 
        1.34992         161.024         25.5091 
        1.35606         160.032         25.2353 
         1.3622         159.382         24.9659 
        1.36833          157.71         24.7012 
        1.37445         157.719         24.4405 
        1.38059         156.246         24.1827 
        1.38675         155.429          23.928 
        1.39288         154.334          23.678 
        1.39901         153.546         23.4317 
        1.40515         152.936         23.1884 
         1.4113         151.803         22.9486 
        1.41742         150.665         22.7131 
        1.42355         150.745         22.4805 
         1.4297         149.229         22.2504 
        1.43585         148.557         22.0237 
        1.44198         147.063          21.801 
        1.44809         146.535         21.5818 
        1.45423         146.042         21.3648 
        1.46036         144.906         21.1512 
        1.46649         144.033         20.9404 
        1.47263         143.533         20.7324 
        1.47877         142.325         20.5272 
        1.48491         141.609         20.3245 
        1.49104         140.123          20.125 
        1.49718         140.033          19.928 
        1.50333         139.356         19.7333 
        1.50947         138.404         19.5417 
         1.5156         137.451         19.3528 
        1.52172         136.862         19.1665 
        1.52787         136.118         18.9822 
          1.534         135.337         18.8006 
        1.54013           134.6         18.6215 
        1.54627         133.695         18.4445 
        1.55241         133.249         18.2697 
        1.55855         132.552         18.0974 
        1.56467         131.559         17.9278 
         1.5708         130.507           17.76 
        1.57695         130.196          17.594 
        1.58308          129.23         17.4305 
        1.58922         128.999          17.269 
        1.59535         128.179         17.1096 
         1.6015         127.065          16.952 
        1.60764         126.309         16.7965 
        1.61376         125.717         16.6433 
        1.61989         125.154         16.4919 
        1.62604         124.197         16.3421 
        1.63218         123.746         16.1942 
        1.63831         122.914         16.0485 
        1.64444         122.107         15.9045 
        1.65059         121.459          15.762 
        1.65673          121.14         15.6213 
        1.66285         120.584         15.4828 
        1.66898         119.522         15.3459 
        1.67512         118.979         15.2104 
        1.68127         118.402         15.0764 
         1.6874         117.366         14.9443 
        1.69353         116.989         14.8139 
        1.69967         116.235         14.6847 
        1.70581         115.926         14.5571 
        1.71193             115         14.4316 
        1.71806         114.219         14.3072 
        1.72421         113.777          14.184 
        1.73035         113.191         14.0625 
        1.73649         112.289         13.9424 
        1.74262         112.057         13.8237 
        1.74876         111.146         13.7064 
        1.75489         110.771         13.5907 
        1.76101         110.057         13.4764 
        1.76715         109.206         13.3632 
        1.77329         108.833         13.2512 
        1.77943         108.016         13.1404 
        1.78557         107.736          13.031 
        1.79171         107.171         12.9229 
        1.79785         106.155         12.8159 
        1.80399         105.962         12.7102 
        1.81012         105.014         12.6059 
        1.81625           104.7         12.5027 
        1.82239         104.171         12.4006 
        1.82853         103.587         12.2996 
        1.83466         102.793         12.1999 
        1.84078         102.499         12.1014 
        1.84692         102.178         12.0038 
        1.85306         101.376         11.9071 
         1.8592          100.97         11.8117 
        1.86533         100.169         11.7174 
        1.87147         99.9162          11.624 
        1.87761         99.0024         11.5315 
        1.88375         98.4946         11.4402 
        1.88988         97.7961           11.35 
        1.89601         97.7229         11.2607 
        1.90215         97.1443         11.1723 
        1.90829         96.3478         11.0848 
        1.91442         95.8263         10.9983 
        1.92056         95.4473         10.9128 
         1.9267         94.8298         10.8282 
        1.93284         94.3512         10.7443 
        1.93897         93.9742         10.6615 
        1.94509         93.3183         10.5798 
        1.95123         92.8524         10.4987 
        1.95737         92.6173         10.4184 
        1.96349         92.0369         10.3392 
        1.96964         91.4696         10.2605 
        1.97578         90.8594         10.1826 
        1.98192         90.4808         10.1057 
        1.98805         89.8855         10.0296 
        1.99419         89.5181         9.95427 
        2.00033         88.8541         9.87967 
        2.00647         88.5367         9.80584 
         2.0126         88.0487         9.73289 
        2.01874         87.9153         9.66058 
        2.02488         87.0715         9.58893 
        2.03101         86.7119         9.51814 
        2.03714         86.2374         9.44813 
        2.04328         85.9165         9.37875 
        2.04941         85.5076         9.31011 
        2.05554         84.9265         9.24222 
        2.06167         84.2395          9.1749 
        2.06781          83.819         9.10825 
        2.07396         83.5311         9.04217 
        2.08009         82.8656         8.97685 
        2.08622         82.7322         8.91225 
        2.09237         82.3245         8.84816 
        2.09851         81.5732         8.78469 
        2.10464           81.45         8.72195 
        2.11077         80.9967         8.65989 
        2.11691         80.6773          8.5983 
        2.12305         80.1121         8.53731 
        2.12918         79.7016         8.47705 
        2.13531         79.2412         8.41737 
        2.14145         78.7543         8.35813 
         2.1476         78.5266         8.29938 
        2.15372         77.9663         8.24149 
        2.15985         77.5343          8.1841 
        2.16599         77.1951         8.12709 
        2.17213         76.8028         8.07068 
        2.17827         76.2269         8.01482 
         2.1844         75.9155         7.95954 
        2.19054         75.6038         7.90476 
        2.19666         75.2686         7.85057 
         2.2028         74.7763         7.79684 
        2.20893         74.4089         7.74359 
        2.21508         73.9753         7.69078 
        2.22122         73.5327         7.63843 
        2.22736          73.287         7.58669 
        2.23349         72.8109         7.53543 
        2.23962         72.5456         7.48463 
        2.24577         72.1144         7.43424 
         2.2519         71.7404         7.38439 
        2.25802         71.2896         7.33508 
        2.26417         70.9218         7.28607 
        2.27031         70.5595         7.23747 
        2.27644         70.2547         7.18946 
        2.28257         69.8947         7.14188 
        2.28872         69.4909         7.09464 
        2.29486          69.247         7.04783 
        2.30099         68.7236         7.00155 
        2.30712         68.5021         6.95566 
        2.31326         68.2252          6.9101 
         2.3194         67.7317         6.86497 
        2.32553         67.3937         6.82033 
        2.33166          67.011         6.77609 
         2.3378         66.8277         6.73219 
        2.34394         66.4364         6.68867 
        2.35007         66.0439         6.64558 
        2.35619          65.747         6.60294 
        2.36233         65.4111         6.56056 
        2.36848          65.027         6.51847 
        2.37462          64.711         6.47683 
        2.38075         64.3983          6.4356 
        2.38689         64.0187         6.39469 
        2.39303         63.7365         6.35414 
        2.39916          63.397         6.31399 
        2.40529         63.1469         6.27419 
        2.41143         62.8402          6.2347 
        2.41757         62.3591         6.19553 
         2.4237         62.1898         6.15677 
        2.42983          61.834         6.11834 
        2.43598         61.5661         6.08015 
        2.44211         61.1262         6.04233 
        2.44823          60.976         6.00493 
        2.45437         60.5902         5.96774 
        2.46052         60.2235         5.93083 
        2.46665         59.8965          5.8943 
        2.47279         59.6317         5.85809 
        2.47892         59.4099         5.82215 
        2.48507         59.0052         5.78649 
         2.4912         58.7531         5.75119 
        2.49733         58.3699          5.7162 
        2.50347         58.1254         5.68144 
        2.50961         57.9237         5.64697 
        2.51575         57.5645          5.6128 
        2.52188         57.2797         5.57896 
        2.52802         57.0612         5.54536 
        2.53416         56.6325         5.51202 
        2.54029         56.4693         5.47902 
        2.54641         56.1254         5.44629 
        2.55255         55.7664          5.4138 
        2.55869         55.5439         5.38153 
        2.56483         55.2988         5.34955 
        2.57096         54.9611         5.31788 
        2.57709         54.7141         5.28645 
        2.58323         54.4271         5.25524 
        2.58937          54.153         5.22427 
        2.59551         53.8304         5.19359 
        2.60164         53.7043         5.16316 
        2.60778         53.3863         5.13295 
        2.61392         53.0316         5.10298 
        2.62006         52.8465         5.07326 
        2.62619         52.6262         5.04382 
        2.63232         52.2921          5.0146 
        2.63846         52.0652         4.98557 
        2.64459         51.8624         4.95682 
        2.65072         51.5533         4.92829 
        2.65686         51.3518         4.89998 
          2.663         51.1072         4.87184 
        2.66915         50.7452         4.84393 
        2.67527         50.5532          4.8163 
        2.68141         50.2879         4.78887 
        2.68755         50.0301         4.76163 
        2.69368         49.7998         4.73462 
        2.69981         49.5608         4.70786 
        2.70595         49.4002         4.68124 
        2.71209           49.13         4.65482 
        2.71823         48.8636         4.62865 
        2.72436         48.6759         4.60268 
         2.7305         48.4071          4.5769 
        2.73663         48.2284         4.55132 
        2.74276         47.9445         4.52596 
         2.7489         47.6594         4.50077 
        2.75504         47.4095         4.47574 
        2.76118         47.2402          4.4509 
        2.76732         47.0357         4.42629 
        2.77345         46.8112         4.40186 
        2.77959         46.6502         4.37762 
        2.78572         46.3707         4.35356 
        2.79186          46.131         4.32969 
        2.79798         45.9624         4.30602 
        2.80412         45.6592         4.28249 
        2.81027         45.4424          4.2591 
         2.8164         45.2398         4.23594 
        2.82253         45.0353         4.21296 
        2.82867         44.8568         4.19013 
        2.83481         44.5895         4.16746 
        2.84095         44.3743         4.14496 
        2.84708         44.2324         4.12266 
        2.85322         43.8907         4.10049 
        2.85935         43.7087         4.07849 
        2.86549         43.5789         4.05667 
        2.87162         43.2812           4.035 
        2.87776         43.1103          4.0135 
        2.88389         42.8483         3.99213 
        2.89003         42.6764         3.97094 
        2.89617          42.454         3.94988 
        2.90231         42.2843         3.92899 
        2.90844         42.0956         3.90824 
        2.91458         41.8068         3.88765 
        2.92071         41.6804         3.86724 
        2.92684         41.4719         3.84694 
        2.93298         41.3147          3.8268 
         2.9391         41.1101         3.80683 
        2.94524         40.8945         3.78698 
        2.95138         40.7045         3.76726 
        2.95752         40.4737         3.74766 
        2.96367          40.378         3.72819 
         2.9698         40.0884         3.70891 
        2.97594         39.9116         3.68974 
        2.98207         39.6926         3.67071 
        2.98821         39.5577         3.65183 
        2.99434         39.3081         3.63308 
        3.00048         39.2089         3.61445 
        3.00662         39.0383         3.59595 
        3.01275          38.819          3.5776 
        3.01888         38.6596         3.55938 
        3.02503         38.4069         3.54125 
        3.03117         38.3093         3.52326 
        3.03729         38.1169         3.50544 
        3.04342          37.925         3.48772 
        3.04957         37.7232         3.47009 
         3.0557         37.6319          3.4526 
        3.06183         37.4467         3.43527 
        3.06796         37.1886         3.41803 
        3.07411         36.9764         3.40088 
        3.08025         36.8513         3.38387 
        3.08637         36.7393         3.36701 
         3.0925         36.5906         3.35024 
        3.09865         36.3852         3.33356 
         3.1048         36.2012         3.31699 
        3.11093         36.0162         3.30056 
        3.11706          35.912         3.28425 
         3.1232         35.6978         3.26804 
        3.12933         35.5689         3.25193 
        3.13547         35.4503         3.23594 
        3.14159         35.2002         3.22008 
        3.14773         35.0742          3.2043 
        3.15388         34.9504          3.1886 
        3.16001         34.7697         3.17305 
        3.16614         34.5805         3.15759 
        3.17228         34.4299         3.14223 
        3.17842         34.2828         3.12697 
        3.18455         34.1139         3.11183 
        3.19068         33.9114         3.09678 
        3.19682         33.8109         3.08182 
        3.20297         33.6536         3.06695 
         3.2091         33.4754          3.0522 
        3.21524         33.3404         3.03754 
        3.22138         33.1939         3.02297 
         3.2275         33.0451         3.00853 
        3.23363         32.8694         2.99417 
        3.23977         32.7795         2.97989 
        3.24591         32.5768         2.96571 
        3.25205         32.4592          2.9516 
        3.25818         32.2946          2.9376 
        3.26432         32.1053          2.9237 
        3.27046         31.9306         2.90988 
         3.2766         31.8743         2.89614 
        3.28273         31.7145         2.88251 
        3.28887         31.5483         2.86896 
          3.295         31.4159          2.8555 
        3.30113         31.2904         2.84213 
        3.30727         31.1969         2.82883 
        3.31341          30.997         2.81563 
        3.31954         30.8883         2.80252 
        3.32568         30.7775         2.78947 
        3.33182         30.6282         2.77652 
        3.33795         30.4928         2.76365 
        3.34409         30.3432         2.75086 
        3.35022         30.2042         2.73815 
        3.35636          30.064         2.72552 
         3.3625         29.9484         2.71297 
        3.36864         29.8134          2.7005 
        3.37477         29.6547         2.68811 
        3.38091          29.541          2.6758 
        3.38704         29.3702         2.66357 
        3.39318         29.2683         2.65141 
        3.39931         29.1437         2.63933 
        3.40545         29.0519         2.62732 
        3.41158         28.8748         2.61539 
        3.41772         28.7462         2.60354 
        3.42385         28.6775         2.59176 
        3.42998         28.5219         2.58006 
        3.43612         28.3965         2.56843 
        3.44226         28.2899         2.55686 
         3.4484         28.1323         2.54534 
        3.45453         28.0067         2.53393 
        3.46066         27.8936         2.52259 
        3.46681         27.7764         2.51129 
        3.47295         27.6276         2.50006 
        3.47908         27.4862         2.48894 
        3.48521         27.3772         2.47787 
        3.49135         27.2656         2.46685 
        3.49749         27.1886         2.45591 
        3.50362          27.036         2.44503 
        3.50976         26.9405         2.43423 
        3.51589         26.7813         2.42348 
        3.52203         26.7218         2.41281 
        3.52816          26.583         2.40221 
        3.53429         26.4796         2.39166 
        3.54043         26.3634         2.38116 
        3.54657         26.2318         2.37073 
        3.55271         26.1286         2.36038 
        3.55884         26.0459         2.35009 
        3.56498         25.9122         2.33984 
        3.57112         25.7922         2.32966 
        3.57725         25.6891         2.31955 
        3.58338         25.5953          2.3095 
        3.58952         25.4813          2.2995 
        3.59566         25.3515         2.28956 
         3.6018         25.2522         2.27968 
        3.60793         25.1568         2.26986 
        3.61407         25.0125         2.26011 
        3.62021         24.9298          2.2504 
        3.62634         24.8261         2.24076 
        3.63247         24.7319         2.23117 
        3.63861         24.6307         2.22164 
        3.64475         24.5046         2.21215 
        3.65089         24.4363         2.20273 
        3.65702         24.3163         2.19337 
        3.66316         24.2172         2.18406 
        3.66929         24.0685          2.1748 
        3.67543         24.0221          2.1656 
        3.68156         23.9119         2.15645 
        3.68769         23.8228         2.14736 
        3.69383          23.692         2.13831 
        3.69997         23.6026         2.12931 
        3.70611         23.4712         2.12038 
        3.71224         23.3998         2.11148 
        3.71838         23.2893         2.10264 
        3.72451         23.2283         2.09386 
        3.73065         23.1017         2.08513 
        3.73678         22.9957         2.07645 
        3.74292         22.8879          2.0678 
        3.74906         22.8191         2.05921 
        3.75519         22.7314         2.05067 
        3.76133         22.6429         2.04218 
        3.76746         22.5336         2.03375 
         3.7736         22.4362         2.02536 
        3.77974         22.3661         2.01701 
        3.78588         22.2692          2.0087 
        3.79201          22.154         2.00045 
        3.79814         22.0698         1.99225 
        3.80428         21.9854         1.98409 
        3.81042          21.877         1.97597 
        3.81655         21.8186          1.9679 
        3.82268         21.7128         1.95988 
        3.82882         21.6162         1.95191 
        3.83496         21.5414         1.94397 
        3.84109         21.4594         1.93608 
        3.84723         21.3861         1.92823 
        3.85337           21.25         1.92042 
        3.85951         21.1986         1.91266 
        3.86565         21.0994         1.90494 
        3.87178         21.0449         1.89727 
        3.87791         20.9404         1.88965 
        3.88405         20.8697         1.88205 
        3.89019         20.7644         1.87451 
        3.89632         20.6858           1.867 
        3.90246         20.6138         1.85954 
         3.9086         20.5061         1.85211 
        3.91473         20.4143         1.84473 
        3.92086         20.3471          1.8374 
        3.92699          20.269          1.8301 
        3.93313         20.1792         1.82283 
        3.93927         20.1144         1.81561 
         3.9454         20.0435         1.80842 
        3.95154         19.9154         1.80127 
        3.95768         19.8741         1.79416 
        3.96382          19.762         1.78709 
        3.96995         19.7104         1.78006 
        3.97609         19.6261         1.77307 
        3.98222         19.5588         1.76612 
        3.98836         19.4751          1.7592 
         3.9945         19.3874         1.75232 
        4.00063         19.3135         1.74548 
        4.00677         19.2379         1.73867 
        4.01291         19.1758          1.7319 
        4.01904         19.0976         1.72517 
        4.02517         19.0164         1.71848 
        4.03131         18.9434         1.71181 
        4.03745         18.8684         1.70518 
        4.04358         18.7786         1.69859 
        4.04972         18.7249         1.69204 
        4.05585         18.6625         1.68552 
        4.06199         18.5698         1.67903 
        4.06812         18.4976         1.67258 
        4.07426         18.4156         1.66616 
         4.0804         18.3614         1.65977 
        4.08654         18.2682         1.65341 
        4.09267         18.2002          1.6471 
         4.0988         18.1289         1.64082 
        4.10494         18.0638         1.63457 
        4.11108         17.9862         1.62834 
        4.11721         17.9319         1.62216 
        4.12334         17.8602         1.61601 
        4.12948         17.7688         1.60989 
        4.13561         17.7183         1.60379 
        4.14176         17.6442         1.59773 
        4.14789         17.5893          1.5917 
        4.15403         17.5123          1.5857 
        4.16016         17.4311         1.57973 
         4.1663         17.3786          1.5738 
        4.17243         17.2987          1.5679 
        4.17857         17.2336         1.56202 
        4.18471         17.1754         1.55617 
        4.19084         17.1003         1.55036 
        4.19698         17.0481         1.54457 
        4.20312         16.9758         1.53882 
        4.20925         16.9033         1.53309 
        4.21538         16.8376          1.5274 
        4.22152         16.7846         1.52173 
        4.22766         16.7218         1.51609 
         4.2338         16.6584         1.51048 
        4.23993         16.5962          1.5049 
        4.24607         16.5314         1.49934 
         4.2522         16.4813         1.49382 
        4.25834         16.4071         1.48832 
        4.26447         16.3503         1.48285 
        4.27061         16.2808         1.47741 
        4.27674         16.2202           1.472 
        4.28288         16.1601         1.46661 
        4.28902         16.1047         1.46125 
        4.29515         16.0378         1.45592 
        4.30129         15.9684         1.45061 
        4.30743         15.9277         1.44532 
        4.31356         15.8615         1.44007 
        4.31969         15.8099         1.43485 
        4.32583          15.744         1.42965 
        4.33197         15.6972         1.42447 
         4.3381         15.6229         1.41932 
        4.34424         15.5623         1.41419 
        4.35038         15.5356         1.40909 
        4.35652         15.4407         1.40401 
        4.36265         15.3915         1.39897 
        4.36878          15.331         1.39395 
        4.37492         15.2876         1.38894 
        4.38106         15.2259         1.38396 
        4.38719         15.1727         1.37902 
        4.39333          15.097         1.37409 
        4.39946         15.0582         1.36919 
         4.4056         14.9995         1.36431 
        4.41173         14.9397         1.35946 
        4.41786         14.8923         1.35463 
          4.424         14.8222         1.34983 
        4.43014         14.7834         1.34504 
        4.43628         14.7306         1.34027 
        4.44241         14.6713         1.33554 
        4.44855         14.6352         1.33082 
        4.45469         14.5689         1.32612 
        4.46083         14.5278         1.32146 
        4.46696         14.4681         1.31682 
        4.47309         14.4202         1.31219 
        4.47923         14.3718         1.30758 
        4.48537         14.2989         1.30301 
         4.4915         14.2689         1.29845 
        4.49764         14.2187         1.29391 
        4.50378         14.1584         1.28939 
        4.50991         14.1111         1.28491 
        4.51604         14.0597         1.28044 
        4.52218         14.0093         1.27598 
        4.52832         13.9566         1.27155 
        4.53445         13.9023         1.26715 
        4.54059         13.8497         1.26276 
        4.54673         13.8186         1.25839 
        4.55286         13.7665         1.25404 
          4.559         13.6984         1.24972 
        4.56513         13.6595         1.24542 
        4.57127         13.6098         1.24113 
        4.57741          13.563         1.23687 
        4.58354         13.5152         1.23262 
        4.58968         13.4575          1.2284 
        4.59582         13.4276         1.22419 
        4.60195         13.3618         1.22001 
        4.60809         13.3226         1.21585 
        4.61422         13.2749          1.2117 
        4.62036         13.2312         1.20758 
        4.62649         13.1912         1.20347 
        4.63263          13.138         1.19938 
        4.63876         13.0892         1.19531 
         4.6449         13.0455         1.19126 
        4.65104         13.0089         1.18723 
        4.65717          12.959         1.18322 
        4.66331         12.9227         1.17923 
        4.66944         12.8651         1.17525 
        4.67558         12.8205          1.1713 
        4.68171          12.775         1.16736 
        4.68785         12.7351         1.16344 
        4.69399         12.6909         1.15953 
        4.70012         12.6448         1.15565 
        4.70625         12.6053         1.15179 
        4.71239          12.572         1.14794 
        4.71853         12.5127          1.1441 
        4.72467         12.4763         1.14029 
         4.7308         12.4307         1.13649 
        4.73694         12.4007         1.13271 
        4.74308          12.342         1.12895 
        4.74922         12.3133          1.1252 
        4.75535         12.2664         1.12148 
        4.76148         12.2249         1.11777 
        4.76762         12.1857         1.11407 
        4.77376         12.1564          1.1104 
        4.77989         12.0982         1.10674 
        4.78602         12.0868         1.10309 
        4.79216         12.0231         1.09946 
         4.7983         11.9916         1.09585 
        4.80443         11.9479         1.09226 
        4.81056         11.9048         1.08868 
         4.8167         11.8681         1.08512 
        4.82284         11.8295         1.08157 
        4.82898         11.7789         1.07804 
        4.83511         11.7483         1.07452 
        4.84125         11.7115         1.07102 
        4.84739         11.6638         1.06754 
        4.85352         11.6391         1.06407 
        4.85965         11.5943         1.06062 
        4.86579         11.5601         1.05718 
        4.87193         11.5148         1.05376 
        4.87807         11.4787         1.05035 
         4.8842         11.4405         1.04696 
        4.89034         11.4041         1.04358 
        4.89647          11.363         1.04022 
        4.90261         11.3403         1.03687 
        4.90874         11.2898         1.03354 
        4.91488         11.2649         1.03022 
        4.92102         11.2252         1.02692 
        4.92715         11.1894         1.02363 
        4.93329         11.1473         1.02035 
        4.93942         11.1129         1.01709 
        4.94556         11.0832         1.01385 
         4.9517         11.0415         1.01061 
        4.95783         11.0064          1.0074 
        4.96397         10.9789         1.00419 
        4.97011          10.943           1.001 
        4.97624         10.9116        0.997827 
        4.98238         10.8653        0.994667 
        4.98851         10.8242         0.99152 
        4.99465         10.7992        0.988385 
        5.00078         10.7729        0.985264 
        5.00691         10.7349        0.982159 
        5.01305         10.7029        0.979065 
        5.01919         10.6705        0.975981 
        5.02533         10.6352        0.972913 
        5.03146         10.6119        0.969861 
         5.0376         10.5755         0.96682 
        5.04374         10.5394        0.963791 
        5.04987         10.5077        0.960775 
        5.05601         10.4738        0.957774 
        5.06215         10.4415        0.954783 
        5.06829         10.4068        0.951804 
        5.07442         10.3841        0.948843 
        5.08055         10.3479        0.945894 
        5.08668         10.3075        0.942955 
        5.09282         10.2808        0.940027 
        5.09896         10.2493        0.937115 
        5.10509         10.2191        0.934215 
        5.11123         10.1988        0.931326 
        5.11736         10.1612        0.928448 
         5.1235         10.1331        0.925583 
        5.12964         10.0907         0.92273 
        5.13577         10.0815        0.919889 
        5.14191         10.0371         0.91706 
        5.14804         10.0041        0.914246 
        5.15418         9.98047        0.911441 
        5.16032         9.94991        0.908647 
        5.16645         9.92297        0.905865 
        5.17259         9.88962        0.903095 
        5.17872          9.8636        0.900338 
        5.18486         9.83266         0.89759 
          5.191         9.81217        0.894854 
        5.19713          9.7745        0.892132 
        5.20327         9.75649         0.88942 
        5.20941         9.71414        0.886717 
        5.21555         9.69388        0.884025 
        5.22168         9.66731        0.881347 
        5.22781         9.63979        0.878681 
        5.23395         9.61334        0.876025 
        5.24009         9.58451        0.873378 
        5.24622         9.55451        0.870744 
        5.25236         9.53633        0.868122 
         5.2585         9.50528        0.865507 
        5.26463          9.4856        0.862904 
        5.27077         9.45213        0.860313 
         5.2769         9.42337        0.857734 
        5.28304         9.39842        0.855164 
        5.28917         9.37394        0.852606 
         5.2953         9.34826        0.850058 
        5.30144         9.32125         0.84752 
        5.30757         9.28775        0.844991 
        5.31371         9.27018        0.842473 
        5.31985         9.23376        0.839964 
        5.32599         9.21153        0.837465 
        5.33213         9.19086        0.834977 
        5.33826         9.16006          0.8325 
         5.3444         9.14494        0.830034 
        5.35053         9.11884        0.827577 
        5.35667         9.09707        0.825129 
        5.36281         9.07613        0.822691 
        5.36894         9.04136        0.820264 
        5.37507         9.02056        0.817848 
        5.38121         9.00075        0.815439 
        5.38735         8.96925        0.813041 
        5.39348         8.95639        0.810654 
        5.39961         8.92742        0.808277 
        5.40575          8.9075        0.805906 
        5.41189         8.87921        0.803545 
        5.41803         8.86451        0.801194 
        5.42416         8.82862        0.798854 
         5.4303         8.81191        0.796522 
        5.43644         8.79265          0.7942 
        5.44257          8.7639        0.791888 
        5.44871          8.7398        0.789583 
        5.45484         8.71726        0.787288 
        5.46098         8.70067        0.785003 
        5.46712         8.68066        0.782725 
        5.47325         8.65278        0.780458 
        5.47938         8.63453        0.778202 
        5.48552         8.60875        0.775954 
        5.49165          8.5841        0.773713 
        5.49779         8.56672        0.771481 
        5.50393         8.54866        0.769257 
        5.51006         8.53392        0.767042 
         5.5162         8.50032        0.764837 
        5.52234         8.47665         0.76264 
        5.52847         8.46353        0.760451 
        5.53461         8.44483        0.758271 
        5.54075         8.42639        0.756101 
        5.54688         8.40179        0.753939 
        5.55302         8.38275        0.751784 
        5.55915         8.36862        0.749638 
        5.56529         8.34794        0.747501 
        5.57143         8.32605        0.745372 
        5.57756         8.30213        0.743251 
         5.5837         8.28558        0.741139 
        5.58983         8.27072        0.739036 
        5.59597          8.2488         0.73694 
         5.6021         8.23217        0.734852 
        5.60824         8.21127        0.732771 
        5.61438         8.19798          0.7307 
        5.62051         8.18004        0.728636 
        5.62665         8.15577         0.72658 
        5.63278         8.13873        0.724533 
        5.63892         8.11704        0.722493 
        5.64505         8.10232        0.720461 
        5.65119         8.08645        0.718437 
        5.65733         8.08128        0.716421 
        5.66346         8.05603        0.714412 
         5.6696         8.03531        0.712411 
        5.67573         8.00971        0.710418 
        5.68187         7.99678        0.708432 
          5.688         7.97904        0.706455 
        5.69414         7.96996        0.704485 
        5.70028         7.94949         0.70252 
        5.70642         7.93452        0.700564 
        5.71255          7.9151        0.698616 
        5.71869         7.90684        0.696676 
        5.72482         7.88358        0.694744 
        5.73096         7.87159        0.692818 
        5.73709         7.86282          0.6909 
        5.74322         7.83895         0.68899 
        5.74936          7.8258        0.687085 
         5.7555          7.8103        0.685187 
        5.76164         7.79161        0.683297 
        5.76777         7.77232        0.681416 
        5.77391         7.76621        0.679539 
        5.78005         7.74632         0.67767 
        5.78618         7.73662        0.675809 
        5.79231         7.71584        0.673957 
        5.79845         7.70606        0.672109 
        5.80459         7.69644        0.670266 
        5.81073         7.67371        0.668434 
        5.81686         7.66226        0.666608 
          5.823         7.64722        0.664787 
        5.82914         7.63364        0.662973 
        5.83527         7.61895        0.661169 
         5.8414         7.60721         0.65937 
        5.84754         7.58867        0.657576 
        5.85368          7.5774        0.655789 
        5.85981         7.56945         0.65401 
        5.86595          7.5533        0.652237 
        5.87208         7.54132        0.650471 
        5.87822         7.52481        0.648712 
        5.88435         7.52139         0.64696 
        5.89049         7.50567        0.645212 
        5.89662         7.49878        0.643472 
        5.90276         7.47986        0.641737 
         5.9089         7.47562        0.640009 
        5.91503         7.45934        0.638289 
        5.92117         7.44483        0.636573 
        5.92731           7.438        0.634864 
        5.93344         7.41897        0.633162 
        5.93958         7.41211        0.631466 
        5.94572         7.40426        0.629776 
        5.95186          7.3927        0.628091 
        5.95799         7.37661        0.626415 
        5.96412         7.36594        0.624744 
        5.97026         7.35235        0.623078 
         5.9764         7.34567        0.621419 
        5.98253         7.32967        0.619768 
        5.98866          7.3225         0.61812 
         5.9948         7.31799        0.616478 
        6.00094         7.30997        0.614843 
        6.00707         7.30202        0.613214 
        6.01321         7.28942         0.61159 
        6.01935         7.27721        0.609972 
        6.02548         7.26927        0.608361 
        6.03162         7.26117        0.606756 
        6.03775         7.25417        0.605156 
        6.04389         7.24873        0.603562 
        6.05003          7.2295        0.601972 
        6.05617          7.2304        0.600389 
         6.0623         7.22398        0.598812 
        6.06844         7.21117         0.59724 
        6.07457         7.20279        0.595675 
         6.0807         7.19671        0.594116 
        6.08684         7.18389        0.592562 
        6.09298           7.181        0.591012 
        6.09912         7.17191        0.589468 
        6.10525         7.16798         0.58793 
        6.11138          7.1581        0.586398 
        6.11752         7.15008        0.584871 
        6.12366         7.14543        0.583349 
        6.12979         7.13861        0.581834 
        6.13593         7.13209        0.580323 
        6.14207         7.13015        0.578817 
         6.1482         7.12161        0.577317 
        6.15434          7.1111        0.575822 
        6.16047         7.10774        0.574334 
        6.16661         7.10156        0.572849 
        6.17274          7.0975         0.57137 
        6.17887         7.08832        0.569897 
        6.18501         7.07982        0.568429 
        6.19115          7.0798        0.566965 
        6.19729         7.07441        0.565506 
        6.20342         7.07039        0.564053 
        6.20956         7.06353        0.562605 
         6.2157         7.06458        0.561161 
        6.22183         7.05872        0.559723 
        6.22797          7.0523        0.558291 
         6.2341         7.05081        0.556864 
        6.24024         7.04445         0.55544 
        6.24638         7.04237        0.554022 
        6.25251         7.03925        0.552609 
        6.25865          7.0283        0.551202 
        6.26478         7.03425        0.549798 
        6.27092         7.02828        0.548401 
        6.27705         7.02663        0.547008 
        6.28318          7.0221         0.54562 
