# k  (h/Mpc)    Pcb(k)  (Mpc/h)^3    Pcb_linear(k)  (Mpc/h)^3
     0.00783031          8692.4            8804 
       0.013688         10737.5           10676 
       0.019231           10635         10613.9 
      0.0249154         9485.95         9624.43 
      0.0312784         8126.03         8172.36 
      0.0375637         6888.81         6869.81 
      0.0433917         5898.99         5956.77 
      0.0492413         5313.61            5326 
      0.0555754         4777.34         4871.51 
      0.0619321         4547.95         4525.43 
       0.067871         4135.53         4204.62 
      0.0738098         3778.27         3840.22 
      0.0800417         3339.14         3416.09 
      0.0862327         2963.53         2994.44 
      0.0921407         2648.74         2637.28 
      0.0982031         2346.83         2346.65 
       0.104506         2186.06         2132.35 
       0.110769         2034.91          1991.8 
       0.116806         1921.52         1896.87 
       0.122832         1842.64         1812.92 
       0.129052         1714.47         1714.96 
       0.135211         1606.13         1597.49 
       0.141259         1505.64         1467.23 
       0.147318         1391.23          1335.2 
       0.153489         1262.63         1213.75 
       0.159709         1181.12         1114.69 
       0.165845         1127.12         1042.31 
       0.171974         1064.63         990.932 
       0.178125         1020.84         952.096 
       0.184229         983.464         917.094 
        0.19034         921.407         878.585 
       0.196428         897.588         833.702 
       0.202534         860.191         783.229 
       0.208729         808.388         730.466 
       0.214876         760.269         681.332 
       0.220989         730.778         639.213 
       0.227147         692.571         605.025 
        0.23329         665.033         578.387 
       0.239377         650.643         557.052 
       0.245482         609.079         537.871 
       0.251667         602.801         518.221 
       0.257832         580.416         496.979 
       0.263955         558.686         474.168 
       0.270079         535.949         450.623 
        0.27624         526.391          427.62 
       0.282372         504.164         406.723 
        0.28843         489.163         388.727 
       0.294538           465.9         373.294 
       0.300721         462.251         359.896 
        0.30691          441.17         347.834 
       0.313033         431.808         336.373 
       0.319153         416.876         324.776 
       0.325316         405.262         312.746 
        0.33145         392.208         300.568 
       0.337538         386.248         288.656 
       0.343633         373.098          277.33 
       0.349808          360.58         266.766 
       0.355968         356.025         257.284 
       0.362074         348.029         248.808 
       0.368217         338.507         241.005 
       0.374374         325.587         233.616 
       0.380519         321.804         226.428 
       0.386598         313.557         219.382 
       0.392688         310.186         212.346 
        0.39888         301.627         205.304 
       0.405048          294.57         198.525 
       0.411186         288.519         192.111 
       0.417313         282.919         186.121 
       0.423458          277.26          180.53 
       0.429607          271.37          175.29 
       0.435692         263.797         170.388 
       0.441815         261.719         165.653 
       0.447964         256.655         161.021 
       0.454126         247.086         156.477 
       0.460267         244.028         152.055 
       0.466387         241.079         147.768 
        0.47254         235.657         143.609 
       0.478662          234.52         139.655 
       0.484765         227.066         135.909 
       0.490885         224.053         132.332 
       0.497035         220.746         128.898 
       0.503198         215.476         125.599 
       0.509342         213.111         122.425 
       0.515458         210.194         119.356 
       0.521598          206.47         116.355 
       0.527764         203.411         113.426 
       0.533884         200.721         110.611 
           0.54         197.579         107.896 
       0.546137         196.327          105.27 
       0.552299         192.447         102.732 
       0.558452         190.027         100.294 
       0.564573         186.939         97.9588 
       0.570708         183.438         95.6977 
       0.576825         181.159         93.5131 
       0.582926         178.391         91.3956 
       0.589034         176.249         89.3341 
       0.595184         174.279         87.3192 
       0.601379         172.321         85.3521 
       0.607522         168.771         83.4636 
       0.613639         167.926         81.6432 
       0.619772         164.297         79.8753 
       0.625918         162.752         78.1584 
       0.632068         160.818         76.4927 
       0.638161         159.624         74.8916 
         0.6443         157.279         73.3255 
       0.650464         155.693         71.7988 
       0.656582          153.83         70.3263 
       0.662703         152.007         68.8939 
       0.668861         149.655         67.4927 
       0.675024         147.943         66.1291 
       0.681124         147.106          64.817 
       0.687237          144.55         63.5384 
       0.693381         142.544         62.2892 
       0.699536         141.559         61.0724 
       0.705665         141.368         59.8942 
       0.711789         138.281         58.7488 
       0.717957         137.861          57.626 
        0.72409          135.86          56.539 
       0.730186         133.813         55.4866 
       0.736317         133.016         54.4552 
       0.742472         132.115         53.4462 
       0.748622         130.841         52.4637 
        0.75476          129.65         51.5081 
       0.760888         127.849         50.5778 
       0.767043          127.18         49.6671 
       0.773185         125.815         48.7809 
       0.779291         123.975         47.9216 
       0.785407         123.317         47.0821 
       0.791564         122.225         46.2575 
       0.797719         120.312         45.4533 
       0.803834         119.786         44.6736 
       0.809972         118.357         43.9094 
       0.816124         118.022         43.1617 
       0.822261         116.732         42.4334 
       0.828378         115.659         41.7243 
       0.834502         115.154         41.0309 
       0.840667         113.561         40.3489 
       0.846816         112.383         39.6845 
       0.852925         111.696         39.0393 
       0.859047         110.329         38.4072 
       0.865192         109.727         37.7871 
       0.871341         108.739         37.1804 
       0.877463          107.61         36.5899 
       0.883569         106.975         36.0138 
       0.889708         106.166         35.4472 
       0.895864         105.204         34.8914 
       0.902008         104.409         34.3489 
       0.908149         103.841         33.8182 
       0.914301         102.745          33.298 
       0.920448         102.028         32.7893 
       0.926574         101.313         32.2931 
       0.932687         101.073         31.8082 
       0.938823         99.4839         31.3317 
       0.944975         98.6142         30.8638 
       0.951105         98.1018         30.4073 
       0.957225         96.9755         29.9608 
       0.963368         96.4099         29.5219 
       0.969511         96.1337         29.0918 
       0.975621         95.6355         28.6726 
       0.981748         94.7962         28.2606 
       0.987916         93.8717         27.8542 
        0.99406         93.2701         27.4573 
        1.00019         92.6132          27.069 
        1.00632         92.0158         26.6886 
        1.01246         91.3492          26.315 
        1.01859         90.1782         25.9491 
        1.02471         90.1906         25.5908 
        1.03085         89.2683         25.2379 
        1.03698         88.7809         24.8926 
        1.04314         87.9274         24.5522 
        1.04929          87.423         24.2191 
        1.05541         86.7227         23.8935 
        1.06154          86.416         23.5731 
        1.06769         85.9911         23.2581 
        1.07382         85.5222         22.9499 
        1.07993         84.8801         22.6481 
        1.08607         84.2056         22.3505 
        1.09222         83.8313         22.0579 
        1.09836           83.16          21.771 
        1.10449         82.6972         21.4895 
        1.11063         82.0922         21.2127 
        1.11677         81.6984         20.9409 
         1.1229         80.8601         20.6744 
        1.12903         80.1235         20.4123 
        1.13518          80.379         20.1546 
        1.14131         79.7381         19.9014 
        1.14745         78.9065         19.6528 
        1.15359         78.6004         19.4084 
        1.15973         78.1511         19.1681 
        1.16584         77.5727          18.933 
        1.17197         77.1545         18.7015 
        1.17811         76.7082         18.4731 
        1.18424         76.1342         18.2493 
        1.19038         75.6695         18.0285 
        1.19652         75.3801         17.8115 
        1.20267            74.7         17.5981 
        1.20881         74.3669         17.3882 
        1.21495         73.8184         17.1821 
        1.22108         73.4901         16.9793 
         1.2272         72.7998         16.7804 
        1.23334          72.558         16.5841 
        1.23949         72.1726         16.3906 
        1.24562         71.7701         16.2007 
        1.25174          71.378          16.014 
        1.25789         71.0613         15.8298 
        1.26402          70.646         15.6488 
        1.27014         69.9538         15.4711 
        1.27628         69.7796         15.2957 
        1.28244         69.2187         15.1226 
        1.28858         68.9804         14.9524 
        1.29471         68.6571         14.7853 
        1.30084         68.2108         14.6208 
        1.30697         67.7912         14.4587 
        1.31312         67.3985         14.2987 
        1.31925         67.1437         14.1417 
        1.32537         66.8495         13.9873 
        1.33151         66.1602         13.8345 
        1.33765         65.8992         13.6842 
        1.34378         65.5056         13.5364 
        1.34992         65.2597         13.3907 
        1.35606         64.8917         13.2468 
         1.3622         64.3538         13.1053 
        1.36833          64.186         12.9662 
        1.37445         63.8437         12.8292 
        1.38059         63.3542         12.6938 
        1.38675         63.0363           12.56 
        1.39288         62.6722         12.4287 
        1.39901         62.5424         12.2994 
        1.40515         62.1396         12.1715 
         1.4113         61.8235         12.0456 
        1.41742         61.6584         11.9219 
        1.42355         61.0982         11.7997 
         1.4297         60.8955         11.6789 
        1.43585         60.4526         11.5599 
        1.44198         60.1966         11.4429 
        1.44809         59.9502         11.3278 
        1.45423         59.6434         11.2138 
        1.46036         59.4145         11.1017 
        1.46649         59.0573          10.991 
        1.47263         58.6498         10.8817 
        1.47877         58.4792          10.774 
        1.48491         58.2906         10.6676 
        1.49104         57.8307         10.5629 
        1.49718         57.3757         10.4594 
        1.50333         57.2297         10.3572 
        1.50947         56.9656         10.2566 
         1.5156         56.6387         10.1575 
        1.52172         56.4558         10.0597 
        1.52787         56.2956         9.96293 
          1.534          55.894         9.86759 
        1.54013         55.5692          9.7736 
        1.54627         55.3838         9.68067 
        1.55241         54.9594         9.58893 
        1.55855         54.6999         9.49851 
        1.56467         54.3032         9.40952 
         1.5708         54.3201         9.32141 
        1.57695         54.0336          9.2343 
        1.58308         53.6456         9.14851 
        1.58922         53.6188         9.06376 
        1.59535         53.3747         8.98011 
         1.6015         52.8445          8.8974 
        1.60764         52.7048         8.81578 
        1.61376         52.4288          8.7354 
        1.61989         52.1037         8.65597 
        1.62604         51.9953         8.57735 
        1.63218         51.8277         8.49976 
        1.63831         51.5129          8.4233 
        1.64444         51.2265         8.34776 
        1.65059         50.8919         8.27297 
        1.65673         50.7367         8.19918 
        1.66285          50.425          8.1265 
        1.66898         50.2172         8.05468 
        1.67512         49.9208         7.98359 
        1.68127         49.6515         7.91329 
         1.6874          49.537           7.844 
        1.69353         49.2335         7.77558 
        1.69967          49.005         7.70782 
        1.70581         48.9333         7.64089 
        1.71193          48.682         7.57501 
        1.71806         48.2235         7.50978 
        1.72421         48.1443         7.44518 
        1.73035         47.8902         7.38142 
        1.73649         47.4925         7.31841 
        1.74262         47.4854          7.2562 
        1.74876         47.2733         7.19466 
        1.75489          46.997         7.13397 
        1.76101         46.8238           7.074 
        1.76715         46.5376         7.01463 
        1.77329         46.3461         6.95587 
        1.77943           46.13         6.89776 
        1.78557         45.9736         6.84041 
        1.79171         45.6895         6.78369 
        1.79785         45.4949         6.72761 
        1.80399         45.3534         6.67217 
        1.81012          45.147         6.61744 
        1.81625         44.7467         6.56334 
        1.82239         44.6666         6.50977 
        1.82853         44.3315         6.45682 
        1.83466         44.2495         6.40452 
        1.84078         43.9037         6.35285 
        1.84692         43.7542         6.30167 
        1.85306          43.566         6.25098 
         1.8592         43.2955         6.20094 
        1.86533         43.1915         6.15148 
        1.87147         43.0319         6.10249 
        1.87761         42.8651         6.05402 
        1.88375         42.6073         6.00613 
        1.88988         42.5706         5.95882 
        1.89601         42.2441         5.91198 
        1.90215         42.0827         5.86562 
        1.90829         41.9843         5.81977 
        1.91442         41.7232         5.77441 
        1.92056         41.4994         5.72958 
         1.9267         41.2396         5.68518 
        1.93284         41.1151         5.64122 
        1.93897         40.9687         5.59781 
        1.94509         40.6866         5.55495 
        1.95123         40.6257         5.51243 
        1.95737         40.3626         5.47033 
        1.96349         40.1758         5.42878 
        1.96964         40.0933         5.38754 
        1.97578         39.8308         5.34671 
        1.98192         39.6824         5.30638 
        1.98805         39.5293         5.26647 
        1.99419         39.2621         5.22696 
        2.00033         39.1214         5.18785 
        2.00647         38.9395         5.14914 
         2.0126          38.757         5.11089 
        2.01874          38.641         5.07298 
        2.02488         38.5105         5.03541 
        2.03101         38.2605          4.9983 
        2.03714         38.0978         4.96159 
        2.04328         37.9053         4.92522 
        2.04941         37.7314         4.88923 
        2.05554         37.5282         4.85364 
        2.06167         37.4709         4.81835 
        2.06781         37.2436          4.7834 
        2.07396          37.087         4.74875 
        2.08009         36.9638         4.71451 
        2.08622         36.7262         4.68064 
        2.09237         36.5655         4.64704 
        2.09851         36.3979         4.61377 
        2.10464         36.2818         4.58087 
        2.11077         36.1515         4.54834 
        2.11691         35.9443         4.51605 
        2.12305         35.7655         4.48407 
        2.12918          35.663         4.45248 
        2.13531         35.4456         4.42119 
        2.14145         35.3803         4.39013 
         2.1476         35.1629         4.35933 
        2.15372         34.9666         4.32899 
        2.15985         34.8502          4.2989 
        2.16599         34.8295         4.26901 
        2.17213          34.674         4.23944 
        2.17827         34.3824         4.21015 
         2.1844         34.2649         4.18117 
        2.19054         34.1129         4.15245 
        2.19666         33.9824         4.12404 
         2.2028         33.8082         4.09587 
        2.20893         33.7271         4.06795 
        2.21508         33.5771         4.04026 
        2.22122         33.3576         4.01282 
        2.22736         33.2742         3.98569 
        2.23349         33.1404         3.95882 
        2.23962         32.9261         3.93218 
        2.24577         32.7943         3.90576 
         2.2519         32.6637         3.87963 
        2.25802         32.5381         3.85377 
        2.26417         32.4163         3.82808 
        2.27031         32.3243          3.8026 
        2.27644         32.0752         3.77742 
        2.28257         31.9963         3.75248 
        2.28872         31.8155         3.72771 
        2.29486         31.7686         3.70318 
        2.30099         31.5965         3.67891 
        2.30712         31.4748         3.65485 
        2.31326         31.3826         3.63096 
         2.3194         31.2274         3.60731 
        2.32553         31.0509          3.5839 
        2.33166         30.9382         3.56071 
         2.3378         30.7677         3.53769 
        2.34394         30.6066         3.51487 
        2.35007         30.5134         3.49228 
        2.35619         30.4396         3.46992 
        2.36233         30.3436         3.44771 
        2.36848         30.1253         3.42564 
        2.37462         30.0477         3.40381 
        2.38075         29.9183         3.38219 
        2.38689         29.8511         3.36074 
        2.39303         29.6535         3.33948 
        2.39916         29.4897         3.31843 
        2.40529         29.3166         3.29756 
        2.41143          29.279         3.27686 
        2.41757         29.1892         3.25632 
         2.4237         29.0143           3.236 
        2.42983         28.9002         3.21585 
        2.43598         28.7574         3.19583 
        2.44211         28.6444           3.176 
        2.44823         28.5179         3.15639 
        2.45437         28.4335         3.13689 
        2.46052         28.2594         3.11754 
        2.46665         28.2225         3.09839 
        2.47279         28.0876          3.0794 
        2.47892         27.9269         3.06056 
        2.48507         27.8223         3.04186 
         2.4912         27.7304         3.02335 
        2.49733         27.6115         3.00501 
        2.50347         27.4654         2.98678 
        2.50961         27.4082         2.96871 
        2.51575          27.296         2.95079 
        2.52188         27.1279         2.93305 
        2.52802         27.0839         2.91543 
        2.53416         26.9641         2.89795 
        2.54029         26.7841         2.88064 
        2.54641         26.7639         2.86348 
        2.55255         26.6235         2.84645 
        2.55869         26.5006         2.82952 
        2.56483         26.4065         2.81276 
        2.57096         26.2853         2.79615 
        2.57709          26.143         2.77967 
        2.58323         26.0452         2.76331 
        2.58937         25.9267         2.74707 
        2.59551         25.8391         2.73098 
        2.60164         25.7562         2.71502 
        2.60778         25.6306         2.69918 
        2.61392         25.5181         2.68347 
        2.62006         25.4226         2.66788 
        2.62619         25.3222         2.65244 
        2.63232         25.1921         2.63712 
        2.63846         25.1264          2.6219 
        2.64459         25.0127         2.60682 
        2.65072         24.8918         2.59186 
        2.65686         24.8085         2.57701 
          2.663         24.7172         2.56226 
        2.66915         24.5936         2.54762 
        2.67527         24.4905         2.53313 
        2.68141         24.4335         2.51875 
        2.68755         24.3079         2.50446 
        2.69368         24.2045          2.4903 
        2.69981         24.0743         2.47626 
        2.70595          24.001          2.4623 
        2.71209         23.9025         2.44845 
        2.71823         23.8105         2.43472 
        2.72436         23.7243          2.4211 
         2.7305          23.615         2.40758 
        2.73663         23.5261         2.39417 
        2.74276         23.3647         2.38087 
         2.7489         23.3599         2.36765 
        2.75504         23.2387         2.35453 
        2.76118         23.1545          2.3415 
        2.76732         23.0574         2.32859 
        2.77345          22.961         2.31578 
        2.77959         22.8567         2.30307 
        2.78572         22.7896         2.29045 
        2.79186         22.6679         2.27793 
        2.79798         22.5769         2.26552 
        2.80412         22.5223         2.25317 
        2.81027         22.4189         2.24091 
         2.8164         22.3214         2.22876 
        2.82253         22.2661          2.2167 
        2.82867         22.1246         2.20473 
        2.83481         22.0509         2.19284 
        2.84095         21.9566         2.18104 
        2.84708         21.8976         2.16934 
        2.85322         21.7555         2.15771 
        2.85935         21.7269         2.14617 
        2.86549         21.6534         2.13473 
        2.87162         21.5441         2.12336 
        2.87776         21.4845         2.11208 
        2.88389         21.3635         2.10088 
        2.89003          21.239         2.08976 
        2.89617           21.19         2.07872 
        2.90231         21.1334         2.06775 
        2.90844         21.0365         2.05687 
        2.91458         20.9366         2.04607 
        2.92071         20.8453         2.03536 
        2.92684         20.7748         2.02472 
        2.93298         20.7008         2.01415 
         2.9391         20.6187         2.00368 
        2.94524         20.5181         1.99326 
        2.95138         20.4461         1.98291 
        2.95752         20.3855         1.97263 
        2.96367         20.2839         1.96242 
         2.9698         20.2244          1.9523 
        2.97594         20.1598         1.94225 
        2.98207         20.0668         1.93226 
        2.98821         19.9756         1.92236 
        2.99434         19.8876         1.91252 
        3.00048         19.8552         1.90275 
        3.00662         19.7635         1.89304 
        3.01275         19.6544         1.88342 
        3.01888         19.5958         1.87385 
        3.02503         19.5295         1.86434 
        3.03117         19.4335         1.85491 
        3.03729         19.3748         1.84556 
        3.04342         19.2859         1.83626 
        3.04957         19.2292         1.82701 
         3.0557          19.163         1.81783 
        3.06183         19.0747         1.80874 
        3.06796         19.0047         1.79969 
        3.07411         18.9314         1.79069 
        3.08025         18.8387         1.78177 
        3.08637         18.7529         1.77292 
         3.0925         18.6796         1.76413 
        3.09865         18.6157         1.75537 
         3.1048         18.5441         1.74668 
        3.11093         18.4872         1.73806 
        3.11706         18.4202          1.7295 
         3.1232         18.3289         1.72099 
        3.12933         18.2536         1.71254 
        3.13547         18.2023         1.70415 
        3.14159         18.1264         1.69583 
        3.14773         18.0702         1.68754 
        3.15388         17.9725         1.67931 
        3.16001         17.8821         1.67114 
        3.16614         17.8566         1.66304 
        3.17228         17.7838         1.65497 
        3.17842         17.7223         1.64697 
        3.18455         17.6701         1.63902 
        3.19068         17.5709         1.63112 
        3.19682         17.5129         1.62327 
        3.20297         17.4435         1.61547 
         3.2091         17.3841         1.60772 
        3.21524         17.3121         1.60003 
        3.22138         17.2616         1.59239 
         3.2275         17.1739          1.5848 
        3.23363         17.1162         1.57727 
        3.23977         17.0629         1.56978 
        3.24591         16.9963         1.56233 
        3.25205         16.9223         1.55493 
        3.25818         16.8275         1.54758 
        3.26432         16.7998         1.54028 
        3.27046         16.7115         1.53303 
         3.2766         16.6627         1.52582 
        3.28273         16.6151         1.51866 
        3.28887         16.5335         1.51155 
          3.295         16.4686         1.50449 
        3.30113         16.4163         1.49747 
        3.30727         16.3766         1.49049 
        3.31341         16.2875         1.48356 
        3.31954         16.2154         1.47668 
        3.32568         16.1626         1.46983 
        3.33182         16.1159         1.46303 
        3.33795         16.0298         1.45628 
        3.34409         16.0053         1.44956 
        3.35022         15.9298         1.44289 
        3.35636         15.8808         1.43626 
         3.3625           15.81         1.42967 
        3.36864         15.7692         1.42312 
        3.37477         15.6933         1.41662 
        3.38091         15.6304         1.41016 
        3.38704         15.5689         1.40374 
        3.39318         15.5202         1.39736 
        3.39931         15.4672         1.39101 
        3.40545         15.4115         1.38471 
        3.41158         15.3396         1.37845 
        3.41772         15.2776         1.37222 
        3.42385         15.2373         1.36604 
        3.42998         15.1646          1.3599 
        3.43612         15.1092         1.35379 
        3.44226         15.0552         1.34771 
         3.4484         14.9963         1.34167 
        3.45453         14.9616         1.33568 
        3.46066         14.8931         1.32972 
        3.46681         14.8238         1.32379 
        3.47295         14.7958         1.31789 
        3.47908         14.7284         1.31205 
        3.48521         14.6857         1.30624 
        3.49135          14.619         1.30046 
        3.49749         14.5612         1.29471 
        3.50362         14.5177           1.289 
        3.50976         14.4559         1.28333 
        3.51589         14.3935         1.27769 
        3.52203           14.35         1.27208 
        3.52816         14.2968         1.26651 
        3.53429         14.2577         1.26097 
        3.54043         14.1982         1.25546 
        3.54657         14.1361         1.24998 
        3.55271         14.1017         1.24455 
        3.55884         14.0383         1.23914 
        3.56498         13.9947         1.23376 
        3.57112         13.9274         1.22842 
        3.57725         13.8897         1.22311 
        3.58338         13.8221         1.21783 
        3.58952         13.7835         1.21258 
        3.59566         13.7149         1.20736 
         3.6018         13.6767         1.20217 
        3.60793         13.6369         1.19701 
        3.61407         13.5758         1.19189 
        3.62021         13.5478         1.18679 
        3.62634         13.4783         1.18173 
        3.63247         13.4387         1.17669 
        3.63861         13.3929         1.17169 
        3.64475         13.3407          1.1667 
        3.65089         13.2812         1.16176 
        3.65702         13.2479         1.15684 
        3.66316         13.1956         1.15195 
        3.66929         13.1621         1.14709 
        3.67543         13.0965         1.14225 
        3.68156         13.0536         1.13745 
        3.68769         12.9992         1.13267 
        3.69383         12.9678         1.12792 
        3.69997         12.9206         1.12319 
        3.70611         12.8601          1.1185 
        3.71224         12.8355         1.11383 
        3.71838         12.7602         1.10918 
        3.72451         12.7293         1.10457 
        3.73065         12.6964         1.09998 
        3.73678          12.649         1.09542 
        3.74292         12.5882         1.09088 
        3.74906         12.5439         1.08637 
        3.75519         12.5052         1.08188 
        3.76133         12.4563         1.07742 
        3.76746         12.4096         1.07299 
         3.7736         12.3832         1.06858 
        3.77974         12.3286         1.06419 
        3.78588         12.2835         1.05983 
        3.79201         12.2399          1.0555 
        3.79814          12.203         1.05119 
        3.80428         12.1484          1.0469 
        3.81042         12.1166         1.04264 
        3.81655         12.0702          1.0384 
        3.82268         12.0296         1.03418 
        3.82882         11.9771         1.02999 
        3.83496         11.9326         1.02582 
        3.84109         11.9109         1.02168 
        3.84723         11.8696         1.01756 
        3.85337         11.8064         1.01345 
        3.85951         11.7769         1.00937 
        3.86565         11.7404         1.00532 
        3.87178         11.6954         1.00129 
        3.87791         11.6553         0.99728 
        3.88405         11.6077        0.993291 
        3.89019         11.5736        0.989324 
        3.89632         11.5314        0.985381 
        3.90246         11.4877        0.981457 
         3.9086         11.4459        0.977554 
        3.91473         11.4119        0.973677 
        3.92086         11.3645        0.969824 
        3.92699         11.3383        0.965986 
        3.93313         11.2904        0.962167 
        3.93927         11.2507        0.958372 
         3.9454         11.2037        0.954597 
        3.95154         11.1992         0.95084 
        3.95768         11.1355        0.947103 
        3.96382         11.0933        0.943388 
        3.96995         11.0536        0.939693 
        3.97609         11.0068        0.936018 
        3.98222          10.989        0.932366 
        3.98836         10.9405         0.92873 
         3.9945         10.8976        0.925114 
        4.00063         10.8694        0.921519 
        4.00677         10.8307        0.917939 
        4.01291         10.8045        0.914379 
        4.01904         10.7646        0.910844 
        4.02517          10.724        0.907327 
        4.03131         10.6812        0.903822 
        4.03745         10.6472        0.900336 
        4.04358         10.6039        0.896873 
        4.04972         10.5744        0.893428 
        4.05585         10.5325            0.89 
        4.06199         10.5087        0.886589 
        4.06812         10.4691        0.883197 
        4.07426         10.4268        0.879823 
         4.0804         10.3903        0.876464 
        4.08654         10.3603        0.873123 
        4.09267         10.3222        0.869804 
         4.0988          10.279        0.866504 
        4.10494         10.2549        0.863217 
        4.11108         10.2191        0.859945 
        4.11721         10.1762        0.856693 
        4.12334         10.1432        0.853459 
        4.12948         10.1112        0.850241 
        4.13561         10.0808        0.847038 
        4.14176         10.0453        0.843849 
        4.14789         10.0142        0.840678 
        4.15403         9.98925        0.837526 
        4.16016         9.95093        0.834388 
         4.1663         9.91083        0.831268 
        4.17243         9.87493        0.828165 
        4.17857         9.84564        0.825075 
        4.18471          9.8109        0.822001 
        4.19084         9.78041        0.818944 
        4.19698         9.74181        0.815903 
        4.20312         9.71873        0.812875 
        4.20925         9.68667        0.809865 
        4.21538         9.64562        0.806872 
        4.22152         9.61771         0.80389 
        4.22766         9.58849        0.800924 
         4.2338         9.55434        0.797975 
        4.23993         9.51648         0.79504 
        4.24607         9.49237         0.79212 
         4.2522         9.45841        0.789214 
        4.25834         9.41808        0.786322 
        4.26447          9.4011        0.783448 
        4.27061         9.36034        0.780587 
        4.27674         9.32592         0.77774 
        4.28288         9.30887        0.774904 
        4.28902         9.27598        0.772085 
        4.29515         9.23735        0.769282 
        4.30129         9.21022        0.766491 
        4.30743         9.17771        0.763712 
        4.31356         9.15024        0.760948 
        4.31969         9.12628        0.758202 
        4.32583         9.10369        0.755467 
        4.33197         9.06199        0.752742 
         4.3381         9.03198        0.750033 
        4.34424         9.00564        0.747339 
        4.35038         8.97434        0.744654 
        4.35652          8.9403        0.741984 
        4.36265         8.92318         0.73933 
        4.36878         8.88275        0.736688 
        4.37492         8.86181        0.734057 
        4.38106         8.82594        0.731438 
        4.38719         8.81372        0.728836 
        4.39333         8.77617        0.726247 
        4.39946         8.74266        0.723668 
         4.4056         8.71435        0.721102 
        4.41173         8.69054        0.718549 
        4.41786         8.66056         0.71601 
          4.424         8.62776        0.713482 
        4.43014          8.6078        0.710962 
        4.43628          8.5797        0.708456 
        4.44241         8.56416        0.705965 
        4.44855         8.52799        0.703484 
        4.45469         8.49547        0.701013 
        4.46083         8.46954        0.698558 
        4.46696         8.43928        0.696116 
        4.47309          8.4181        0.693682 
        4.47923         8.39103         0.69126 
        4.48537         8.36439        0.688851 
         4.4915         8.34692        0.686453 
        4.49764         8.31337        0.684066 
        4.50378         8.28014        0.681689 
        4.50991         8.25687        0.679328 
        4.51604         8.22995        0.676977 
        4.52218         8.21036        0.674632 
        4.52832         8.17584        0.672302 
        4.53445         8.14836        0.669984 
        4.54059         8.12719        0.667676 
        4.54673         8.09982        0.665377 
        4.55286         8.07755         0.66309 
          4.559         8.04904        0.660815 
        4.56513         8.02439        0.658551 
        4.57127         8.00559        0.656296 
        4.57741         7.98095        0.654051 
        4.58354         7.95416        0.651818 
        4.58968         7.93404        0.649596 
        4.59582         7.90338        0.647382 
        4.60195         7.88639        0.645181 
        4.60809          7.8537         0.64299 
        4.61422         7.82721        0.640809 
        4.62036         7.80661        0.638638 
        4.62649         7.77671        0.636476 
        4.63263         7.75828        0.634325 
        4.63876         7.72845        0.632184 
         4.6449         7.70706        0.630052 
        4.65104         7.68162         0.62793 
        4.65717         7.66199         0.62582 
        4.66331         7.63546        0.623718 
        4.66944         7.62035        0.621625 
        4.67558           7.593        0.619545 
        4.68171          7.5722        0.617471 
        4.68785         7.55065        0.615406 
        4.69399         7.51661        0.613352 
        4.70012         7.50402         0.61131 
        4.70625         7.47943        0.609275 
        4.71239         7.44744        0.607248 
        4.71853         7.43094        0.605231 
        4.72467         7.41152        0.603223 
         4.7308         7.38659        0.601225 
        4.73694         7.36537        0.599236 
        4.74308         7.34012        0.597255 
        4.74922         7.32287        0.595283 
        4.75535         7.30051        0.593322 
        4.76148          7.2796         0.59137 
        4.76762         7.25311        0.589423 
        4.77376         7.22902        0.587487 
        4.77989         7.21443        0.585562 
        4.78602         7.19396        0.583644 
        4.79216          7.1701        0.581733 
         4.7983         7.14646        0.579831 
        4.80443         7.13315        0.577941 
        4.81056         7.10565        0.576057 
         4.8167         7.08244         0.57418 
        4.82284         7.06249        0.572311 
        4.82898         7.04397        0.570452 
        4.83511         7.02415        0.568603 
        4.84125         7.00944        0.566759 
        4.84739         6.98611        0.564924 
        4.85352         6.96771        0.563099 
        4.85965         6.94658        0.561281 
        4.86579         6.92621        0.559471 
        4.87193         6.90577        0.557668 
        4.87807         6.88009        0.555874 
         4.8842         6.86874        0.554088 
        4.89034         6.85057         0.55231 
        4.89647         6.82557        0.550539 
        4.90261         6.81072        0.548777 
        4.90874         6.78748        0.547023 
        4.91488         6.76521        0.545276 
        4.92102         6.75028        0.543535 
        4.92715         6.73042        0.541803 
        4.93329         6.70529         0.54008 
        4.93942         6.69152        0.538362 
        4.94556         6.66907        0.536652 
         4.9517         6.65147         0.53495 
        4.95783          6.6397        0.533256 
        4.96397         6.61645        0.531569 
        4.97011         6.59959        0.529888 
        4.97624         6.58211        0.528216 
        4.98238         6.56239        0.526552 
        4.98851          6.5418        0.524894 
        4.99465         6.52568        0.523243 
        5.00078         6.50408          0.5216 
        5.00691         6.49207        0.519964 
        5.01305         6.47091        0.518335 
        5.01919         6.45509        0.516711 
        5.02533         6.43696        0.515094 
        5.03146         6.41711        0.513487 
         5.0376         6.40922        0.511885 
        5.04374         6.38256         0.51029 
        5.04987         6.36516        0.508701 
        5.05601         6.34411         0.50712 
        5.06215         6.33156        0.505545 
        5.06829         6.31644        0.503976 
        5.07442         6.30142        0.502416 
        5.08055         6.27772        0.500863 
        5.08668         6.25921        0.499315 
        5.09282          6.2515        0.497772 
        5.09896         6.23718        0.496238 
        5.10509         6.21875        0.494711 
        5.11123         6.19629        0.493189 
        5.11736         6.17912        0.491673 
         5.1235         6.16718        0.490163 
        5.12964         6.14987        0.488661 
        5.13577         6.13173        0.487164 
        5.14191         6.11561        0.485673 
        5.14804         6.09859        0.484191 
        5.15418         6.08701        0.482713 
        5.16032         6.07103        0.481241 
        5.16645         6.05915        0.479775 
        5.17259         6.04242        0.478316 
        5.17872         6.02526        0.476863 
        5.18486         6.00947        0.475415 
          5.191         5.99773        0.473974 
        5.19713         5.97911         0.47254 
        5.20327         5.95664        0.471111 
        5.20941         5.94877        0.469687 
        5.21555          5.9297        0.468268 
        5.22168         5.92085        0.466857 
        5.22781         5.90544        0.465453 
        5.23395         5.88686        0.464053 
        5.24009         5.87163        0.462658 
        5.24622         5.85827         0.46127 
        5.25236         5.84063        0.459888 
         5.2585         5.82508         0.45851 
        5.26463         5.81437        0.457139 
        5.27077         5.80076        0.455774 
         5.2769         5.78586        0.454414 
        5.28304         5.76804         0.45306 
        5.28917         5.75337        0.451712 
         5.2953         5.74582        0.450369 
        5.30144         5.73175        0.449032 
        5.30757         5.72126        0.447699 
        5.31371         5.70171        0.446372 
        5.31985         5.68806         0.44505 
        5.32599         5.67558        0.443733 
        5.33213         5.65838        0.442421 
        5.33826         5.64824        0.441116 
         5.3444         5.63544        0.439816 
        5.35053         5.62818        0.438521 
        5.35667         5.61118        0.437231 
        5.36281         5.59491        0.435946 
        5.36894         5.58618        0.434667 
        5.37507          5.5739        0.433393 
        5.38121         5.55474        0.432124 
        5.38735         5.54839        0.430859 
        5.39348         5.53162        0.429601 
        5.39961          5.5217        0.428348 
        5.40575           5.516        0.427099 
        5.41189         5.48884        0.425854 
        5.41803         5.48566        0.424615 
        5.42416         5.46961        0.423381 
         5.4303          5.4577        0.422152 
        5.43644         5.44708        0.420928 
        5.44257         5.43625        0.419709 
        5.44871         5.42268        0.418494 
        5.45484         5.40906        0.417285 
        5.46098         5.39888         0.41608 
        5.46712         5.38228        0.414879 
        5.47325         5.37451        0.413684 
        5.47938         5.36251        0.412494 
        5.48552         5.35316        0.411309 
        5.49165         5.33808        0.410128 
        5.49779         5.33206        0.408951 
        5.50393         5.31809        0.407779 
        5.51006         5.30616        0.406611 
         5.5162         5.29826        0.405448 
        5.52234         5.28487         0.40429 
        5.52847          5.2707        0.403136 
        5.53461         5.26195        0.401987 
        5.54075          5.2537        0.400842 
        5.54688         5.24316        0.399702 
        5.55302         5.23094        0.398566 
        5.55915         5.21879        0.397435 
        5.56529          5.2046        0.396308 
        5.57143         5.20213        0.395185 
        5.57756         5.19153        0.394067 
         5.5837         5.17915        0.392953 
        5.58983         5.17236        0.391844 
        5.59597         5.15925        0.390739 
         5.6021         5.15576        0.389638 
        5.60824          5.1404        0.388541 
        5.61438         5.13434        0.387448 
        5.62051         5.11855         0.38636 
        5.62665          5.1135        0.385276 
        5.63278         5.10391        0.384196 
        5.63892         5.09258         0.38312 
        5.64505         5.08753        0.382049 
        5.65119         5.07465        0.380981 
        5.65733         5.06715        0.379918 
        5.66346          5.0543        0.378859 
         5.6696         5.03928        0.377803 
        5.67573         5.03529        0.376752 
        5.68187         5.02581        0.375705 
          5.688         5.01571        0.374662 
        5.69414         5.01176        0.373623 
        5.70028         5.00573        0.372587 
        5.70642         4.99538        0.371555 
        5.71255         4.98687        0.370527 
        5.71869          4.9806        0.369504 
        5.72482          4.9658        0.368485 
        5.73096         4.95867        0.367469 
        5.73709         4.95206        0.366458 
        5.74322         4.94262         0.36545 
        5.74936         4.93548        0.364445 
         5.7555         4.93042        0.363444 
        5.76164         4.92274        0.362447 
        5.76777         4.91307        0.361454 
        5.77391         4.90423        0.360465 
        5.78005         4.89865        0.359478 
        5.78618         4.89005        0.358497 
        5.79231         4.88458         0.35752 
        5.79845         4.86951        0.356545 
        5.80459         4.86552        0.355573 
        5.81073         4.85969        0.354606 
        5.81686         4.85556        0.353643 
          5.823         4.84768        0.352682 
        5.82914         4.84119        0.351725 
        5.83527         4.83313        0.350773 
         5.8414         4.82387        0.349824 
        5.84754         4.82065        0.348878 
        5.85368         4.81036        0.347935 
        5.85981         4.80787        0.346996 
        5.86595         4.79819        0.346061 
        5.87208         4.79503        0.345129 
        5.87822         4.78445        0.344201 
        5.88435         4.77858        0.343276 
        5.89049         4.77077        0.342354 
        5.89662         4.76893        0.341436 
        5.90276           4.758        0.340521 
         5.9089         4.75635        0.339609 
        5.91503         4.74683        0.338701 
        5.92117         4.74549        0.337796 
        5.92731         4.73812        0.336894 
        5.93344         4.73101        0.335996 
        5.93958         4.72363        0.335101 
        5.94572         4.72371        0.334209 
        5.95186         4.71825         0.33332 
        5.95799         4.70981        0.332436 
        5.96412          4.7058        0.331554 
        5.97026         4.70016        0.330674 
         5.9764         4.69596        0.329799 
        5.98253          4.6902        0.328928 
        5.98866         4.69023        0.328058 
         5.9948         4.67844        0.327192 
        6.00094         4.68019        0.326329 
        6.00707         4.67403        0.325469 
        6.01321         4.66605        0.324612 
        6.01935         4.66191        0.323758 
        6.02548         4.65656        0.322908 
        6.03162          4.6532         0.32206 
        6.03775         4.65112        0.321216 
        6.04389         4.64738        0.320375 
        6.05003           4.643        0.319536 
        6.05617         4.63871          0.3187 
         6.0623         4.63791        0.317868 
        6.06844         4.63117        0.317038 
        6.07457         4.62601        0.316212 
         6.0807         4.62557        0.315389 
        6.08684         4.61834        0.314569 
        6.09298         4.61861        0.313751 
        6.09912         4.61618        0.312936 
        6.10525         4.60925        0.312124 
        6.11138         4.60909        0.311315 
        6.11752         4.60466        0.310509 
        6.12366         4.60204        0.309706 
        6.12979         4.60083        0.308906 
        6.13593         4.59595        0.308108 
        6.14207         4.59505        0.307313 
         6.1482         4.58972        0.306521 
        6.15434         4.59154        0.305732 
        6.16047         4.58716        0.304946 
        6.16661         4.58638        0.304163 
        6.17274         4.58117        0.303382 
        6.17887         4.57845        0.302604 
        6.18501         4.57888        0.301829 
        6.19115         4.57512        0.301056 
        6.19729         4.57595        0.300286 
        6.20342         4.57051        0.299519 
        6.20956         4.57106        0.298754 
         6.2157          4.5677        0.297992 
        6.22183         4.56659        0.297233 
        6.22797         4.56546        0.296477 
         6.2341         4.56494        0.295723 
        6.24024         4.56512        0.294972 
        6.24638         4.56195        0.294223 
        6.25251         4.56163        0.293477 
        6.25865         4.56067        0.292734 
        6.26478         4.56043        0.291993 
        6.27092         4.56064        0.291255 
        6.27705         4.56091        0.290519 
        6.28318         4.56051        0.289786 
