# k  (h/Mpc)    P(k)  (Mpc/h)^3    P_linear(k)  (Mpc/h)^3
     0.00783031         21201.6         21439.3 
       0.013688         25060.8         25897.5 
       0.019231         24741.3         25231.6 
      0.0249154         22195.5         22135.5 
      0.0312784         17755.2         17936.1 
      0.0375637         14144.8         14384.7 
      0.0433917           12030         12061.5 
      0.0492413         10506.6         10607.8 
      0.0555754         9695.59         9715.46 
      0.0619321         8804.61         9139.12 
       0.067871         8393.69         8588.13 
      0.0738098         7779.87         7869.17 
      0.0800417         6904.37         6934.96 
      0.0862327         5943.36         5949.55 
      0.0921407         5201.63         5100.79 
      0.0982031         4636.68          4423.6 
       0.104506         4102.01         3957.96 
       0.110769         3856.76          3699.1 
       0.116806         3747.02         3568.64 
       0.122832         3585.87         3472.25 
       0.129052         3396.27         3335.71 
       0.135211         3281.75         3126.57 
       0.141259         2980.78         2856.71 
       0.147318         2713.96         2560.37 
       0.153489         2498.28         2279.05 
       0.159709         2368.75         2052.48 
       0.165845          2168.7         1898.31 
       0.171974         2115.94         1805.72 
       0.178125         2061.25          1753.1 
       0.184229         1913.53         1714.07 
        0.19034         1893.52         1664.41 
       0.196428         1833.37         1590.86 
       0.202534         1711.55         1492.67 
       0.208729         1665.72         1379.01 
       0.214876         1572.73         1267.95 
       0.220989         1489.56         1172.68 
       0.227147         1443.24         1099.33 
        0.23329         1384.44         1048.79 
       0.239377         1380.78         1015.39 
       0.245482         1315.95         990.044 
       0.251667         1270.91         963.858 
       0.257832         1247.05          930.93 
       0.263955         1188.29         889.664 
       0.270079         1152.55         842.046 
        0.27624         1103.82         792.446 
       0.282372         1088.68         746.571 
        0.28843         1064.84         708.077 
       0.294538            1017          677.53 
       0.300721         997.996         653.959 
        0.30691         970.761         635.207 
       0.313033         933.869         618.244 
       0.319153         925.146         600.291 
       0.325316         910.565         579.685 
        0.33145         888.079         556.754 
       0.337538         858.264         532.689 
       0.343633         838.916         509.052 
       0.349808         822.013         487.035 
       0.355968         805.663         468.061 
       0.362074         778.867          452.21 
       0.368217         775.619         438.727 
       0.374374         763.973         426.672 
       0.380519          736.15         414.994 
       0.386598         731.214         403.126 
       0.392688          711.65         390.527 
        0.39888          698.27         377.162 
       0.405048         682.203          363.81 
       0.411186         681.791         350.988 
       0.417313         673.389         339.135 
       0.423458         655.461         328.482 
       0.429607         637.749         318.917 
       0.435692         630.889         310.332 
       0.441815         618.793         302.245 
       0.447964         610.534         294.303 
       0.454126         602.495          286.28 
       0.460267         595.081         278.224 
       0.466387          582.05         270.177 
        0.47254         576.049         262.199 
       0.478662         565.207         254.576 
       0.484765         558.021         247.458 
       0.490885         554.011         240.815 
       0.497035         541.375         234.574 
       0.503198          540.48         228.695 
       0.509342         530.484         223.101 
       0.515458         519.913          217.68 
       0.521598         518.677         212.284 
       0.527764         506.669          206.91 
       0.533884         500.497         201.676 
           0.54         497.375         196.598 
       0.546137         489.005          191.69 
       0.552299         486.182         186.968 
       0.558452         478.723         182.472 
       0.564573         477.649         178.223 
       0.570708         470.078         174.156 
       0.576825         461.719         170.246 
       0.582926         460.414         166.445 
       0.589034         452.471         162.706 
       0.595184         448.768         159.014 
       0.601379         441.653         155.389 
       0.607522         434.062         151.902 
       0.613639         433.238         148.552 
       0.619772         430.505         145.313 
       0.625918         423.119         142.178 
       0.632068         421.506         139.144 
       0.638161         416.439         136.233 
         0.6443         410.901         133.388 
       0.650464         407.883         130.615 
       0.656582         403.861          127.94 
       0.662703         401.135         125.336 
       0.668861         394.818         122.785 
       0.675024         393.538         120.298 
       0.681124         384.772         117.901 
       0.687237         384.859         115.564 
       0.693381         379.213          113.28 
       0.699536         379.438         111.057 
       0.705665         373.286         108.907 
       0.711789         371.627         106.822 
       0.717957         367.713         104.779 
        0.72409         363.719         102.804 
       0.730186         364.018         100.892 
       0.736317         358.151         99.0182 
       0.742472          355.12         97.1841 
       0.748622         354.222          95.397 
        0.75476         349.269         93.6578 
       0.760888         347.869         91.9641 
       0.767043         344.344         90.3053 
       0.773185         341.331         88.6911 
       0.779291         338.702          87.126 
       0.785407         336.253          85.597 
       0.791564         334.499         84.0959 
       0.797719         329.173         82.6321 
       0.803834         329.403         81.2131 
       0.809972         324.519         79.8229 
       0.816124         322.549         78.4626 
       0.822261         320.202         77.1382 
       0.828378         318.522         75.8488 
       0.834502         313.928          74.588 
       0.840667         312.989         73.3481 
       0.846816         309.619         72.1402 
       0.852925         310.045         70.9674 
       0.859047         305.629         69.8185 
       0.865192         304.339         68.6915 
       0.871341         301.292         67.5889 
       0.877463         299.978         66.5157 
       0.883569         297.918         65.4687 
       0.889708          294.98          64.439 
       0.895864         291.377         63.4291 
       0.902008         290.393         62.4431 
       0.908149         287.341         61.4788 
       0.914301         286.688         60.5335 
       0.920448         283.194         59.6091 
       0.926574         281.489         58.7074 
       0.932687         281.081         57.8264 
       0.938823          278.11         56.9605 
       0.944975         277.696         56.1104 
       0.951105         275.331         55.2809 
       0.957225         272.161         54.4697 
       0.963368         272.311         53.6721 
       0.969511          268.59         52.8906 
       0.975621         265.862          52.129 
       0.981748         265.587         51.3806 
       0.987916         263.664         50.6422 
        0.99406         261.386         49.9212 
        1.00019         258.971         49.2158 
        1.00632         258.395         48.5248 
        1.01246         256.368         47.8461 
        1.01859         254.249         47.1815 
        1.02471           252.7         46.5305 
        1.03085          251.62         45.8896 
        1.03698         249.912         45.2623 
        1.04314          248.61         44.6441 
        1.04929         247.036          44.039 
        1.05541         245.893         43.4476 
        1.06154         243.352         42.8657 
        1.06769         241.869         42.2937 
        1.07382         239.619         41.7341 
        1.07993         239.244          41.186 
        1.08607         237.728         40.6455 
        1.09222          235.59         40.1143 
        1.09836         234.325         39.5932 
        1.10449         233.178         39.0821 
        1.11063         231.782         38.5795 
        1.11677         229.465          38.086 
         1.1229         229.148         37.6021 
        1.12903         226.711         37.1262 
        1.13518         225.392         36.6582 
        1.14131         224.128         36.1986 
        1.14745         222.701         35.7472 
        1.15359         221.021         35.3034 
        1.15973         220.076         34.8671 
        1.16584         218.646         34.4401 
        1.17197         217.793         34.0197 
        1.17811         215.319         33.6051 
        1.18424         214.329         33.1986 
        1.19038         213.573         32.7977 
        1.19652         211.327         32.4037 
        1.20267         210.494         32.0161 
        1.20881         209.401          31.635 
        1.21495         208.023         31.2608 
        1.22108         206.708         30.8927 
         1.2272         205.359         30.5314 
        1.23334         203.795         30.1751 
        1.23949         203.163         29.8237 
        1.24562         201.473         29.4789 
        1.25174         201.133           29.14 
        1.25789         199.117         28.8055 
        1.26402          198.41         28.4769 
        1.27014         197.117         28.1542 
        1.27628         196.119         27.8356 
        1.28244         194.293         27.5213 
        1.28858         193.612         27.2124 
        1.29471         192.154         26.9089 
        1.30084         191.887         26.6103 
        1.30697         190.062         26.3158 
        1.31312         189.421         26.0254 
        1.31925         188.237         25.7404 
        1.32537         187.454         25.4599 
        1.33151         185.543         25.1826 
        1.33765         185.009         24.9096 
        1.34378         184.103         24.6413 
        1.34992         182.463         24.3767 
        1.35606         181.817         24.1155 
         1.3622         180.131         23.8586 
        1.36833         179.986          23.606 
        1.37445          178.89         23.3573 
        1.38059         177.086         23.1114 
        1.38675         175.853         22.8685 
        1.39288         175.479         22.6301 
        1.39901         174.158         22.3951 
        1.40515         173.125         22.1631 
         1.4113         172.499         21.9344 
        1.41742         171.306         21.7098 
        1.42355         169.913         21.4879 
         1.4297         169.244         21.2685 
        1.43585         168.703         21.0523 
        1.44198          167.31         20.8399 
        1.44809         166.914         20.6309 
        1.45423         165.734         20.4239 
        1.46036         164.902         20.2202 
        1.46649          163.55         20.0192 
        1.47263         162.987         19.8208 
        1.47877         161.863         19.6251 
        1.48491         160.906         19.4318 
        1.49104         159.607         19.2416 
        1.49718         158.927         19.0537 
        1.50333         157.792         18.8681 
        1.50947         157.052         18.6853 
         1.5156         156.185         18.5053 
        1.52172         155.277         18.3276 
        1.52787         154.505         18.1519 
          1.534          153.95         17.9788 
        1.54013          153.03         17.8081 
        1.54627         152.177         17.6393 
        1.55241         151.326         17.4727 
        1.55855           150.4         17.3084 
        1.56467         149.472         17.1468 
         1.5708         148.829         16.9868 
        1.57695         148.034         16.8285 
        1.58308         146.896         16.6727 
        1.58922         146.055         16.5188 
        1.59535         145.287         16.3668 
         1.6015         144.461         16.2166 
        1.60764         143.539         16.0683 
        1.61376         142.868         15.9223 
        1.61989         142.049          15.778 
        1.62604         141.585         15.6352 
        1.63218         140.419         15.4943 
        1.63831         139.801         15.3554 
        1.64444         139.004         15.2182 
        1.65059         138.205         15.0823 
        1.65673         137.277         14.9482 
        1.66285         136.729         14.8162 
        1.66898         136.042         14.6857 
        1.67512          134.81         14.5565 
        1.68127         134.359         14.4288 
         1.6874         133.683         14.3029 
        1.69353         132.877         14.1785 
        1.69967         132.189         14.0554 
        1.70581         131.469         13.9338 
        1.71193         130.932         13.8141 
        1.71806         130.068         13.6955 
        1.72421         129.067         13.5781 
        1.73035         128.772         13.4622 
        1.73649         128.027         13.3478 
        1.74262         127.015         13.2347 
        1.74876         126.343         13.1229 
        1.75489         126.039         13.0126 
        1.76101         125.192         12.9036 
        1.76715         124.584         12.7957 
        1.77329         123.871         12.6889 
        1.77943         122.952         12.5833 
        1.78557         122.107          12.479 
        1.79171         121.507          12.376 
        1.79785         120.798          12.274 
        1.80399         120.256         12.1733 
        1.81012         119.746         12.0738 
        1.81625         118.786         11.9755 
        1.82239         118.533         11.8781 
        1.82853         117.611         11.7819 
        1.83466         116.981         11.6868 
        1.84078         116.541         11.5929 
        1.84692         115.708         11.4998 
        1.85306         115.106         11.4077 
         1.8592          114.52         11.3168 
        1.86533         113.807         11.2268 
        1.87147         113.105         11.1378 
        1.87761         112.776         11.0497 
        1.88375         111.951         10.9626 
        1.88988         111.376         10.8766 
        1.89601         110.759         10.7915 
        1.90215         110.259         10.7072 
        1.90829         109.418         10.6238 
        1.91442          108.91         10.5414 
        1.92056          108.63         10.4599 
         1.9267         107.807         10.3791 
        1.93284         107.125         10.2992 
        1.93897         106.789         10.2203 
        1.94509         106.024         10.1423 
        1.95123         105.351          10.065 
        1.95737         104.916         9.98844 
        1.96349         104.455         9.91288 
        1.96964         103.787         9.83788 
        1.97578         103.264         9.76362 
        1.98192         102.778         9.69028 
        1.98805         102.298          9.6177 
        1.99419         101.705         9.54585 
        2.00033         101.129          9.4747 
        2.00647         100.579         9.40431 
         2.0126         100.008         9.33474 
        2.01874         99.2573         9.26578 
        2.02488         99.0275         9.19746 
        2.03101         98.5348         9.12995 
        2.03714         97.9356         9.06319 
        2.04328         97.4275         8.99702 
        2.04941         96.6796         8.93157 
        2.05554         96.5073         8.86682 
        2.06167         95.8619         8.80262 
        2.06781         95.5354         8.73905 
        2.07396         94.8539         8.67602 
        2.08009         94.3494         8.61372 
        2.08622         93.9534         8.55211 
        2.09237         93.3594         8.49098 
        2.09851         92.9475         8.43044 
        2.10464         92.4146         8.37059 
        2.11077         91.9786          8.3114 
        2.11691         91.3232         8.25265 
        2.12305          90.786         8.19447 
        2.12918         90.4125         8.13699 
        2.13531         90.0467         8.08006 
        2.14145         89.6299         8.02354 
         2.1476         88.9364          7.9675 
        2.15372         88.5402         7.91228 
        2.15985         88.0789         7.85753 
        2.16599         87.3764         7.80314 
        2.17213         87.4075         7.74933 
        2.17827         86.7633         7.69604 
         2.1844         86.2285          7.6433 
        2.19054         85.7442         7.59103 
        2.19666         85.3106         7.53933 
         2.2028          85.082         7.48807 
        2.20893         84.4142         7.43726 
        2.21508         83.8562         7.38686 
        2.22122         83.5114         7.33692 
        2.22736         83.3308         7.28754 
        2.23349         82.8396         7.23863 
        2.23962          82.378         7.19015 
        2.24577         81.8838         7.14206 
         2.2519         81.4045         7.09449 
        2.25802         80.9555         7.04742 
        2.26417         80.6277         7.00066 
        2.27031         80.1001         6.95427 
        2.27644          79.714         6.90844 
        2.28257         79.5844         6.86303 
        2.28872         79.0172         6.81794 
        2.29486         78.5125         6.77327 
        2.30099         78.1788         6.72909 
        2.30712         77.8428         6.68529 
        2.31326         77.3723          6.6418 
         2.3194          77.004         6.59873 
        2.32553         76.6565         6.55611 
        2.33166         76.2917         6.51389 
         2.3378         75.7961         6.47198 
        2.34394         75.4306         6.43043 
        2.35007         75.0602          6.3893 
        2.35619         74.3902         6.34859 
        2.36233         74.1674         6.30813 
        2.36848         73.9552         6.26794 
        2.37462         73.4612         6.22819 
        2.38075          73.125         6.18882 
        2.38689         72.8328         6.14976 
        2.39303         72.4672         6.11105 
        2.39916         72.0304         6.07271 
        2.40529         71.7114          6.0347 
        2.41143         71.2753         5.99699 
        2.41757         70.8227         5.95959 
         2.4237         70.6545         5.92257 
        2.42983         70.2857         5.88587 
        2.43598         69.9443         5.84939 
        2.44211         69.5046         5.81328 
        2.44823         69.0828         5.77756 
        2.45437         68.9012         5.74203 
        2.46052         68.5596         5.70678 
        2.46665         68.1241         5.67189 
        2.47279         67.7266          5.6373 
        2.47892         67.4478         5.60298 
        2.48507         67.0665         5.56891 
         2.4912         66.8077         5.53519 
        2.49733         66.4467         5.50177 
        2.50347         66.0855         5.46857 
        2.50961         65.8255         5.43564 
        2.51575         65.5843           5.403 
        2.52188         65.2291         5.37067 
        2.52802         64.8679         5.33856 
        2.53416         64.5039         5.30671 
        2.54029         64.2448         5.27518 
        2.54641         63.8157         5.24391 
        2.55255         63.5317         5.21287 
        2.55869          63.243         5.18203 
        2.56483         62.9215         5.15148 
        2.57096         62.4915         5.12121 
        2.57709         62.1988         5.09118 
        2.58323         61.9365         5.06135 
        2.58937         61.6636         5.03176 
        2.59551         61.3336         5.00243 
        2.60164         61.0105         4.97335 
        2.60778         60.7579         4.94447 
        2.61392         60.4064         4.91583 
        2.62006         60.2022         4.88743 
        2.62619         59.8187         4.85928 
        2.63232         59.5397         4.83135 
        2.63846         59.2243          4.8036 
        2.64459         58.9404         4.77612 
        2.65072         58.7126         4.74885 
        2.65686         58.4822         4.72178 
          2.663          58.154         4.69488 
        2.66915         57.7888          4.6682 
        2.67527         57.5239         4.64179 
        2.68141         57.2617         4.61556 
        2.68755         56.9352         4.58952 
        2.69368         56.6747          4.5637 
        2.69981         56.3272         4.53811 
        2.70595         56.1277         4.51266 
        2.71209         55.9141         4.48739 
        2.71823         55.6693         4.46237 
        2.72436          55.299         4.43754 
         2.7305         55.0188         4.41288 
        2.73663         54.8128         4.38842 
        2.74276         54.6338         4.36416 
         2.7489         54.2993         4.34007 
        2.75504         53.9593         4.31614 
        2.76118         53.8611         4.29238 
        2.76732         53.5302         4.26884 
        2.77345         53.2537         4.24547 
        2.77959         52.9139         4.22228 
        2.78572          52.711         4.19927 
        2.79186         52.4951         4.17643 
        2.79798         52.2753          4.1538 
        2.80412           51.92         4.13128 
        2.81027         51.7773         4.10891 
         2.8164         51.3883         4.08675 
        2.82253         51.2529         4.06476 
        2.82867          51.039         4.04291 
        2.83481         50.7623         4.02123 
        2.84095          50.596          3.9997 
        2.84708         50.3279         3.97836 
        2.85322         50.0817         3.95715 
        2.85935         49.7445          3.9361 
        2.86549         49.6476         3.91521 
        2.87162         49.3097         3.89448 
        2.87776         49.0411          3.8739 
        2.88389         48.8099         3.85345 
        2.89003         48.6138         3.83317 
        2.89617         48.4082         3.81302 
        2.90231         48.2208         3.79302 
        2.90844         47.9556         3.77317 
        2.91458          47.659         3.75346 
        2.92071         47.5416         3.73392 
        2.92684          47.252         3.71449 
        2.93298         47.0233         3.69521 
         2.9391         46.8094          3.6761 
        2.94524         46.5946         3.65709 
        2.95138         46.3623         3.63821 
        2.95752         46.1621         3.61945 
        2.96367         46.0236         3.60081 
         2.9698         45.7282         3.58235 
        2.97594         45.4423         3.56399 
        2.98207         45.3407         3.54577 
        2.98821         45.0849         3.52769 
        2.99434         44.9376         3.50974 
        3.00048         44.7416          3.4919 
        3.00662          44.487         3.47418 
        3.01275         44.3369         3.45661 
        3.01888         44.0447         3.43916 
        3.02503         43.8422          3.4218 
        3.03117         43.6883         3.40457 
        3.03729         43.4549          3.3875 
        3.04342         43.2439         3.37053 
        3.04957         43.1139         3.35364 
         3.0557         42.8919         3.33689 
        3.06183         42.6365         3.32029 
        3.06796         42.4084         3.30377 
        3.07411         42.2368         3.28734 
        3.08025         42.1156         3.27105 
        3.08637         41.8822          3.2549 
         3.0925         41.6974         3.23883 
        3.09865         41.4782         3.22284 
         3.1048         41.3031         3.20697 
        3.11093         41.1517         3.19123 
        3.11706         40.9344         3.17561 
         3.1232         40.7516         3.16007 
        3.12933          40.544         3.14464 
        3.13547          40.375         3.12932 
        3.14159         40.1599         3.11412 
        3.14773          40.022         3.09899 
        3.15388         39.7912         3.08395 
        3.16001         39.6383         3.06904 
        3.16614         39.5029         3.05423 
        3.17228         39.3271         3.03951 
        3.17842         39.1241         3.02489 
        3.18455         38.9704         3.01037 
        3.19068         38.8278         2.99595 
        3.19682         38.5235          2.9816 
        3.20297         38.3971         2.96735 
         3.2091         38.2108          2.9532 
        3.21524         38.0498         2.93915 
        3.22138           37.93         2.92519 
         3.2275         37.7466         2.91134 
        3.23363         37.6088         2.89758 
        3.23977         37.3487         2.88388 
        3.24591         37.2015         2.87028 
        3.25205         37.0359         2.85676 
        3.25818         36.9006         2.84333 
        3.26432         36.6869            2.83 
        3.27046         36.5709         2.81675 
         3.2766         36.3743         2.80358 
        3.28273         36.2243          2.7905 
        3.28887         36.0565         2.77751 
          3.295         35.8931          2.7646 
        3.30113          35.723         2.75177 
        3.30727            35.6         2.73902 
        3.31341         35.4533         2.72636 
        3.31954          35.282         2.71378 
        3.32568         35.1072         2.70127 
        3.33182         34.9449         2.68884 
        3.33795         34.8124          2.6765 
        3.34409         34.6893         2.66423 
        3.35022         34.4917         2.65203 
        3.35636         34.3359         2.63992 
         3.3625         34.2099         2.62788 
        3.36864         34.0896         2.61591 
        3.37477         33.8871         2.60403 
        3.38091         33.7408         2.59222 
        3.38704         33.6236         2.58048 
        3.39318         33.4264         2.56881 
        3.39931         33.3038         2.55722 
        3.40545         33.1867          2.5457 
        3.41158          33.029         2.53425 
        3.41772         32.9133         2.52287 
        3.42385         32.7487         2.51157 
        3.42998         32.5771         2.50034 
        3.43612         32.4569         2.48918 
        3.44226         32.3131         2.47807 
         3.4484         32.1777         2.46702 
        3.45453         32.0173         2.45606 
        3.46066         31.8955         2.44518 
        3.46681         31.7622         2.43433 
        3.47295         31.6345         2.42355 
        3.47908         31.4473         2.41287 
        3.48521         31.3475         2.40224 
        3.49135         31.2141         2.39167 
        3.49749         31.0987         2.38116 
        3.50362          30.957         2.37072 
        3.50976         30.8082         2.36034 
        3.51589         30.6991         2.35003 
        3.52203         30.5247         2.33977 
        3.52816         30.4082          2.3296 
        3.53429         30.2931         2.31947 
        3.54043         30.1288         2.30939 
        3.54657         30.0324         2.29937 
        3.55271         29.9083         2.28942 
        3.55884         29.7987         2.27954 
        3.56498         29.6331          2.2697 
        3.57112         29.5081         2.25992 
        3.57725         29.3946         2.25021 
        3.58338         29.2822         2.24056 
        3.58952         29.1123         2.23096 
        3.59566         29.0297          2.2214 
         3.6018         28.8852         2.21191 
        3.60793         28.7645         2.20249 
        3.61407         28.6553         2.19311 
        3.62021         28.5088         2.18379 
        3.62634         28.4616         2.17452 
        3.63247         28.3004         2.16532 
        3.63861         28.1526         2.15616 
        3.64475          28.058         2.14704 
        3.65089         27.9267         2.13799 
        3.65702         27.8331           2.129 
        3.66316         27.6809         2.12004 
        3.66929         27.6055         2.11115 
        3.67543         27.4908         2.10231 
        3.68156         27.3564         2.09352 
        3.68769         27.2387         2.08477 
        3.69383         27.1518         2.07608 
        3.69997         27.0065         2.06743 
        3.70611         26.9084         2.05884 
        3.71224         26.8011         2.05029 
        3.71838         26.6838          2.0418 
        3.72451         26.5656         2.03335 
        3.73065         26.4679         2.02496 
        3.73678         26.3519         2.01661 
        3.74292         26.2401          2.0083 
        3.74906         26.1526         2.00004 
        3.75519         25.9809         1.99183 
        3.76133         25.9397         1.98367 
        3.76746         25.8299         1.97556 
         3.7736         25.7112         1.96749 
        3.77974         25.6316         1.95946 
        3.78588         25.4812         1.95147 
        3.79201         25.4054         1.94354 
        3.79814         25.2745         1.93565 
        3.80428         25.1759          1.9278 
        3.81042         25.0956            1.92 
        3.81655         24.9567         1.91224 
        3.82268         24.8661         1.90453 
        3.82882         24.7684         1.89686 
        3.83496         24.6738         1.88922 
        3.84109         24.5519         1.88163 
        3.84723          24.461         1.87409 
        3.85337         24.3437         1.86657 
        3.85951          24.268          1.8591 
        3.86565         24.1354         1.85168 
        3.87178         24.0846          1.8443 
        3.87791         23.9636         1.83697 
        3.88405         23.8493         1.82966 
        3.89019         23.7944          1.8224 
        3.89632         23.6789         1.81518 
        3.90246          23.596           1.808 
         3.9086         23.5124         1.80085 
        3.91473         23.4206         1.79375 
        3.92086         23.3325         1.78669 
        3.92699         23.1977         1.77967 
        3.93313         23.1029         1.77267 
        3.93927         23.0315         1.76572 
         3.9454         22.9529         1.75881 
        3.95154         22.8735         1.75193 
        3.95768          22.762         1.74509 
        3.96382          22.636         1.73828 
        3.96995         22.5708         1.73151 
        3.97609         22.4849         1.72478 
        3.98222         22.3998          1.7181 
        3.98836         22.2903         1.71144 
         3.9945         22.2092         1.70481 
        4.00063         22.1107         1.69823 
        4.00677         22.0617         1.69167 
        4.01291         21.9608         1.68515 
        4.01904         21.8864         1.67867 
        4.02517         21.7815         1.67223 
        4.03131         21.6884         1.66581 
        4.03745         21.6232         1.65942 
        4.04358         21.5477         1.65308 
        4.04972         21.4458         1.64677 
        4.05585         21.3401         1.64049 
        4.06199         21.2649         1.63424 
        4.06812         21.2035         1.62802 
        4.07426         21.1195         1.62184 
         4.0804          21.035         1.61569 
        4.08654          20.946         1.60957 
        4.09267         20.8668         1.60349 
         4.0988         20.7977         1.59744 
        4.10494          20.693         1.59142 
        4.11108         20.6251         1.58542 
        4.11721         20.5477         1.57946 
        4.12334         20.4746         1.57354 
        4.12948         20.3989         1.56764 
        4.13561         20.3197         1.56177 
        4.14176         20.2222         1.55593 
        4.14789         20.1404         1.55012 
        4.15403         20.0613         1.54434 
        4.16016         20.0116         1.53859 
         4.1663         19.9402         1.53287 
        4.17243         19.8462         1.52719 
        4.17857         19.7648         1.52152 
        4.18471         19.6861         1.51589 
        4.19084         19.6194         1.51029 
        4.19698          19.564         1.50471 
        4.20312         19.4505         1.49916 
        4.20925         19.3933         1.49365 
        4.21538         19.3138         1.48816 
        4.22152           19.23         1.48269 
        4.22766          19.193         1.47726 
         4.2338         19.0862         1.47185 
        4.23993          19.021         1.46647 
        4.24607         18.9421         1.46112 
         4.2522         18.8812         1.45579 
        4.25834         18.8083         1.45049 
        4.26447         18.7516         1.44522 
        4.27061         18.6647         1.43998 
        4.27674         18.5966         1.43476 
        4.28288         18.5321         1.42956 
        4.28902         18.4547         1.42439 
        4.29515         18.3912         1.41925 
        4.30129         18.2992         1.41413 
        4.30743         18.2616         1.40904 
        4.31356         18.1811         1.40397 
        4.31969         18.1137         1.39893 
        4.32583          18.064         1.39392 
        4.33197         17.9837         1.38892 
         4.3381         17.9265         1.38395 
        4.34424         17.8479         1.37901 
        4.35038         17.7697         1.37409 
        4.35652          17.704         1.36919 
        4.36265         17.6392         1.36433 
        4.36878         17.5753         1.35948 
        4.37492         17.5203         1.35466 
        4.38106         17.4679         1.34985 
        4.38719         17.3933         1.34508 
        4.39333         17.3392         1.34033 
        4.39946         17.2684          1.3356 
         4.4056         17.1899          1.3309 
        4.41173         17.1206         1.32621 
        4.41786         17.0741         1.32156 
          4.424         17.0207         1.31692 
        4.43014          16.939          1.3123 
        4.43628         16.8856          1.3077 
        4.44241         16.8255         1.30313 
        4.44855         16.7912         1.29858 
        4.45469          16.706         1.29405 
        4.46083         16.6495         1.28955 
        4.46696         16.5917         1.28507 
        4.47309         16.5114          1.2806 
        4.47923         16.4549         1.27616 
        4.48537         16.4075         1.27174 
         4.4915         16.3338         1.26734 
        4.49764         16.2973         1.26296 
        4.50378         16.2205          1.2586 
        4.50991         16.1711         1.25427 
        4.51604         16.1035         1.24996 
        4.52218         16.0509         1.24565 
        4.52832          15.988         1.24138 
        4.53445         15.9246         1.23713 
        4.54059          15.887         1.23289 
        4.54673         15.8294         1.22867 
        4.55286         15.7611         1.22448 
          4.559         15.7099          1.2203 
        4.56513          15.658         1.21615 
        4.57127         15.5947         1.21201 
        4.57741          15.549         1.20789 
        4.58354         15.5004         1.20379 
        4.58968         15.4142         1.19971 
        4.59582         15.3702         1.19565 
        4.60195         15.3254         1.19161 
        4.60809         15.2807         1.18759 
        4.61422         15.2214         1.18359 
        4.62036          15.166          1.1796 
        4.62649         15.0971         1.17563 
        4.63263         15.0702         1.17169 
        4.63876         15.0007         1.16776 
         4.6449         14.9554         1.16384 
        4.65104          14.916         1.15995 
        4.65717         14.8741         1.15608 
        4.66331         14.8012         1.15222 
        4.66944         14.7476         1.14838 
        4.67558         14.7096         1.14456 
        4.68171         14.6365         1.14075 
        4.68785         14.6074         1.13696 
        4.69399         14.5469         1.13319 
        4.70012         14.4891         1.12944 
        4.70625         14.4537          1.1257 
        4.71239         14.4013         1.12198 
        4.71853         14.3535         1.11828 
        4.72467         14.3005         1.11459 
         4.7308         14.2513         1.11092 
        4.73694         14.2186         1.10727 
        4.74308         14.1509         1.10364 
        4.74922         14.1097         1.10001 
        4.75535         14.0678         1.09641 
        4.76148         14.0122         1.09283 
        4.76762         13.9652         1.08926 
        4.77376         13.9104          1.0857 
        4.77989          13.849         1.08217 
        4.78602         13.8274         1.07864 
        4.79216         13.7795         1.07513 
         4.7983         13.7276         1.07164 
        4.80443          13.682         1.06817 
        4.81056         13.6264         1.06471 
         4.8167         13.5798         1.06127 
        4.82284         13.5528         1.05783 
        4.82898         13.4903         1.05442 
        4.83511         13.4672         1.05102 
        4.84125         13.4114         1.04764 
        4.84739         13.3561         1.04427 
        4.85352         13.3096         1.04092 
        4.85965         13.2912         1.03758 
        4.86579          13.229         1.03425 
        4.87193         13.1888         1.03094 
        4.87807          13.143         1.02765 
         4.8842         13.1069         1.02437 
        4.89034         13.0685          1.0211 
        4.89647         13.0189         1.01785 
        4.90261         12.9818         1.01461 
        4.90874         12.9314         1.01139 
        4.91488         12.8959         1.00818 
        4.92102         12.8584         1.00498 
        4.92715         12.8058          1.0018 
        4.93329         12.7486        0.998633 
        4.93942         12.7277        0.995477 
        4.94556         12.6861        0.992336 
         4.9517         12.6492        0.989209 
        4.95783         12.5975        0.986096 
        4.96397         12.5641        0.982996 
        4.97011         12.5237        0.979909 
        4.97624         12.4905        0.976837 
        4.98238          12.436        0.973778 
        4.98851         12.4114        0.970733 
        4.99465         12.3663        0.967699 
        5.00078         12.3163        0.964679 
        5.00691         12.2929        0.961674 
        5.01305         12.2404         0.95868 
        5.01919         12.2071        0.955695 
        5.02533         12.1624        0.952725 
        5.03146         12.1358        0.949771 
         5.0376          12.096        0.946828 
        5.04374         12.0512        0.943896 
        5.04987         12.0197        0.940976 
        5.05601         11.9889        0.938072 
        5.06215         11.9398        0.935176 
        5.06829         11.9014        0.932293 
        5.07442         11.8831        0.929425 
        5.08055         11.8381        0.926571 
        5.08668         11.7966        0.923725 
        5.09282          11.758        0.920891 
        5.09896         11.7294        0.918071 
        5.10509         11.6994        0.915263 
        5.11123         11.6535        0.912466 
        5.11736         11.6183         0.90968 
         5.1235         11.5847        0.906905 
        5.12964         11.5534        0.904143 
        5.13577         11.5203        0.901391 
        5.14191         11.4838        0.898652 
        5.14804         11.4416        0.895927 
        5.15418         11.4111        0.893211 
        5.16032         11.3716        0.890505 
        5.16645         11.3462         0.88781 
        5.17259         11.3161        0.885128 
        5.17872         11.2769        0.882457 
        5.18486         11.2397        0.879795 
          5.191         11.2028        0.877145 
        5.19713         11.1704        0.874508 
        5.20327         11.1388        0.871882 
        5.20941         11.1105        0.869263 
        5.21555         11.0808        0.866655 
        5.22168          11.055        0.864061 
        5.22781         11.0226        0.861478 
        5.23395          10.981        0.858905 
        5.24009         10.9535        0.856341 
        5.24622         10.9258        0.853788 
        5.25236         10.8923        0.851247 
         5.2585          10.854        0.848714 
        5.26463         10.8232        0.846192 
        5.27077         10.7868        0.843681 
         5.2769         10.7732        0.841181 
        5.28304         10.7391        0.838691 
        5.28917         10.7057        0.836211 
         5.2953         10.6736        0.833742 
        5.30144         10.6462        0.831282 
        5.30757         10.6081        0.828831 
        5.31371         10.5826         0.82639 
        5.31985         10.5511        0.823959 
        5.32599         10.5269        0.821536 
        5.33213          10.497        0.819124 
        5.33826         10.4646        0.816724 
         5.3444         10.4437        0.814333 
        5.35053         10.4157        0.811951 
        5.35667         10.3808        0.809578 
        5.36281         10.3471        0.807214 
        5.36894         10.3353        0.804861 
        5.37507         10.2955        0.802518 
        5.38121         10.2713        0.800183 
        5.38735         10.2393        0.797857 
        5.39348          10.209        0.795543 
        5.39961         10.1839        0.793238 
        5.40575         10.1577        0.790939 
        5.41189         10.1264         0.78865 
        5.41803         10.1038         0.78637 
        5.42416          10.073          0.7841 
         5.4303         10.0525        0.781838 
        5.43644         10.0291        0.779586 
        5.44257         9.99433        0.777344 
        5.44871         9.97538        0.775109 
        5.45484         9.94001        0.772883 
        5.46098          9.9246        0.770666 
        5.46712         9.90004        0.768457 
        5.47325         9.86659        0.766258 
        5.47938         9.84849         0.76407 
        5.48552          9.8133        0.761889 
        5.49165         9.79246        0.759715 
        5.49779         9.76901         0.75755 
        5.50393         9.74802        0.755393 
        5.51006           9.718        0.753244 
         5.5162         9.70551        0.751104 
        5.52234          9.6772        0.748973 
        5.52847         9.65568        0.746849 
        5.53461         9.61426        0.744734 
        5.54075         9.59632        0.742628 
        5.54688         9.58532         0.74053 
        5.55302         9.55485        0.738439 
        5.55915         9.53066        0.736358 
        5.56529         9.50962        0.734284 
        5.57143         9.48659        0.732218 
        5.57756         9.47806        0.730159 
         5.5837         9.44357        0.728109 
        5.58983         9.41542        0.726069 
        5.59597         9.39713        0.724035 
         5.6021         9.38126        0.722008 
        5.60824         9.34878        0.719988 
        5.61438         9.33174        0.717978 
        5.62051           9.304        0.715975 
        5.62665         9.29707        0.713979 
        5.63278         9.26877        0.711991 
        5.63892         9.24361        0.710011 
        5.64505         9.23029        0.708039 
        5.65119          9.2069        0.706074 
        5.65733         9.17985        0.704116 
        5.66346         9.16416        0.702166 
         5.6696         9.14134        0.700223 
        5.67573          9.1196        0.698288 
        5.68187         9.10882         0.69636 
          5.688         9.08265         0.69444 
        5.69414         9.06356        0.692526 
        5.70028          9.0358        0.690619 
        5.70642         9.02866        0.688719 
        5.71255         9.00907        0.686827 
        5.71869         8.97794        0.684944 
        5.72482          8.9653        0.683066 
        5.73096         8.94442        0.681196 
        5.73709          8.9331        0.679334 
        5.74322         8.90805        0.677478 
        5.74936         8.88851        0.675627 
         5.7555          8.8742        0.673784 
        5.76164         8.84758        0.671948 
        5.76777          8.8399        0.670121 
        5.77391         8.82826        0.668298 
        5.78005         8.80385        0.666482 
        5.78618         8.78782        0.664674 
        5.79231         8.76913        0.662875 
        5.79845         8.75607        0.661079 
        5.80459         8.74214        0.659289 
        5.81073         8.72285        0.657508 
        5.81686          8.7024        0.655734 
          5.823         8.69203        0.653965 
        5.82914         8.67671        0.652202 
        5.83527         8.65794        0.650449 
         5.8414         8.64429        0.648701 
        5.84754         8.62758        0.646957 
        5.85368         8.60769        0.645221 
        5.85981         8.59163        0.643492 
        5.86595         8.57705        0.641769 
        5.87208         8.56063        0.640053 
        5.87822         8.54544        0.638343 
        5.88435         8.53963         0.63664 
        5.89049         8.51036        0.634941 
        5.89662         8.50131         0.63325 
        5.90276         8.49138        0.631563 
         5.9089         8.46957        0.629883 
        5.91503         8.45946        0.628211 
        5.92117         8.44722        0.626544 
        5.92731         8.43528        0.624882 
        5.93344         8.41942        0.623227 
        5.93958         8.40669        0.621579 
        5.94572         8.39282        0.619936 
        5.95186          8.3747        0.618298 
        5.95799         8.36504        0.616668 
        5.96412         8.35068        0.615043 
        5.97026         8.34311        0.613423 
         5.9764         8.33117         0.61181 
        5.98253         8.31818        0.610204 
        5.98866          8.3008        0.608603 
         5.9948         8.29201        0.607006 
        6.00094         8.28104        0.605416 
        6.00707         8.27177        0.603831 
        6.01321         8.25359        0.602252 
        6.01935         8.25262        0.600679 
        6.02548         8.23613        0.599111 
        6.03162         8.22441         0.59755 
        6.03775          8.2199        0.595995 
        6.04389         8.20269        0.594444 
        6.05003         8.20078        0.592898 
        6.05617         8.18246        0.591357 
         6.0623         8.16969        0.589823 
        6.06844         8.16627        0.588294 
        6.07457         8.15894        0.586772 
         6.0807         8.14521        0.585255 
        6.08684          8.1292        0.583743 
        6.09298         8.12033        0.582235 
        6.09912         8.11808        0.580733 
        6.10525         8.11144        0.579237 
        6.11138         8.09995        0.577746 
        6.11752         8.08759         0.57626 
        6.12366         8.08224        0.574779 
        6.12979         8.07303        0.573304 
        6.13593         8.06711        0.571835 
        6.14207         8.05453        0.570369 
         6.1482         8.05505        0.568909 
        6.15434          8.0456        0.567455 
        6.16047         8.03666        0.566006 
        6.16661         8.03214        0.564561 
        6.17274         8.02435        0.563122 
        6.17887         8.00856        0.561688 
        6.18501         8.01108        0.560259 
        6.19115         8.00475        0.558834 
        6.19729         7.99422        0.557414 
        6.20342          7.9861           0.556 
        6.20956         7.98722        0.554591 
         6.2157         7.97888        0.553185 
        6.22183         7.97547        0.551785 
        6.22797         7.96899        0.550391 
         6.2341         7.97001        0.549002 
        6.24024         7.95672        0.547616 
        6.24638         7.95042        0.546235 
        6.25251         7.94996         0.54486 
        6.25865         7.94362        0.543489 
        6.26478          7.9461        0.542123 
        6.27092         7.94297        0.540762 
        6.27705         7.93647        0.539406 
        6.28318         7.92979        0.538055 
