# k  (h/Mpc)    Pcb(k)  (Mpc/h)^3    Pcb_linear(k)  (Mpc/h)^3
     0.00783031         9305.83         9426.77 
       0.013688         12358.6         12281.5 
       0.019231         13004.2         13000.8 
      0.0249154           12319         12551.3 
      0.0312784         11235.8         11363.3 
      0.0375637         9997.86         10033.8 
      0.0433917         8770.71         8944.29 
      0.0492413         7999.83         8086.87 
      0.0555754         7180.78         7409.73 
      0.0619321         6875.31         6906.76 
       0.067871         6307.18         6502.45 
      0.0738098         5897.34         6090.52 
      0.0800417         5370.41         5614.27 
      0.0862327         4933.24         5103.58 
      0.0921407         4522.11         4615.56 
      0.0982031         4055.45         4155.95 
       0.104506         3771.02         3755.97 
       0.110769         3467.19         3449.94 
       0.116806         3233.86         3232.96 
       0.122832         3085.98         3070.98 
       0.129052          2887.6         2932.47 
       0.135211         2759.29         2797.86 
       0.141259         2652.37         2652.01 
       0.147318         2511.92         2488.48 
       0.153489         2315.31         2311.07 
       0.159709         2185.31          2134.8 
       0.165845         2087.72          1976.9 
       0.171974         1954.54         1843.99 
       0.178125         1854.12            1738 
       0.184229         1778.88         1656.45 
        0.19034         1673.96         1591.01 
       0.196428         1649.86          1533.2 
       0.202534         1598.48         1475.05 
       0.208729         1528.79         1411.16 
       0.214876         1458.84         1342.04 
       0.220989         1415.14         1270.08 
       0.227147         1343.38         1198.53 
        0.23329         1289.24         1132.34 
       0.239377         1264.63         1074.75 
       0.245482          1183.4         1025.95 
       0.251667            1175         984.735 
       0.257832          1132.4         949.604 
       0.263955          1097.4         917.859 
       0.270079         1062.09         886.748 
        0.27624         1052.14         854.542 
       0.282372         1007.54         821.147 
        0.28843         993.064         787.376 
       0.294538         945.098         753.748 
       0.300721         941.471         721.423 
        0.30691         900.354         691.832 
       0.313033          883.55         665.682 
       0.319153             863         642.539 
       0.325316          836.26           621.6 
        0.33145         815.876         602.318 
       0.337538         805.946         583.892 
       0.343633         783.299         565.631 
       0.349808         758.338          547.04 
       0.355968         753.919         528.504 
       0.362074          742.24         510.417 
       0.368217         721.661         492.893 
       0.374374         693.223         476.338 
       0.380519         690.296         460.977 
       0.386598         674.299         446.958 
       0.392688         671.827          433.92 
        0.39888         652.235          421.46 
       0.405048         641.642         409.599 
       0.411186          631.15         398.112 
       0.417313         619.515         386.854 
       0.423458           609.7         375.752 
       0.429607         598.494         364.873 
       0.435692         585.655         354.444 
       0.441815         582.158         344.381 
       0.447964         570.179         334.761 
       0.454126         557.154         325.638 
       0.460267         548.851         317.034 
       0.466387         542.981         308.866 
        0.47254         533.096         300.987 
       0.478662         531.774         293.416 
       0.484765         516.492         286.075 
       0.490885         511.877         278.892 
       0.497035           502.5         271.859 
       0.503198         495.715         265.021 
       0.509342         491.674         258.429 
       0.515458         487.433         252.106 
       0.521598         477.561         246.008 
       0.527764         468.113         240.138 
       0.533884         466.439         234.537 
           0.54         460.326         229.139 
       0.546137         458.695         223.898 
       0.552299         449.905         218.796 
       0.558452         447.252         213.848 
       0.564573         440.131         209.059 
       0.570708          433.93         204.389 
       0.576825         425.389          199.87 
       0.582926         423.945         195.504 
       0.589034         419.857         191.275 
       0.595184         416.032         187.154 
       0.601379         411.534         183.138 
       0.607522         405.065         179.279 
       0.613639         403.933         175.554 
       0.619772         393.731         171.929 
       0.625918         392.867         168.399 
       0.632068         387.393         164.962 
       0.638161         385.968         161.647 
         0.6443         378.845         158.396 
       0.650464         376.408         155.223 
       0.656582         375.243         152.161 
       0.662703         372.182         149.186 
       0.668861          365.66         146.278 
       0.675024         362.463         143.449 
       0.681124         360.779         140.725 
       0.687237         356.809         138.067 
       0.693381          351.99         135.466 
       0.699536         348.718         132.928 
       0.705665         346.729         130.466 
       0.711789         343.297         128.069 
       0.717957         340.782         125.716 
        0.72409         337.536         123.437 
       0.730186         334.171         121.229 
       0.736317         331.064         119.064 
       0.742472         329.795         116.944 
       0.748622         326.654         114.879 
        0.75476         323.734         112.869 
       0.760888         319.692         110.912 
       0.767043         319.786         108.993 
       0.773185         315.447         107.125 
       0.779291         310.698         105.312 
       0.785407         309.824         103.539 
       0.791564         306.642         101.796 
       0.797719         304.159         100.095 
       0.803834          302.14         98.4439 
       0.809972          300.07         96.8248 
       0.816124         300.383          95.239 
       0.822261          295.23         93.6936 
       0.828378         293.663         92.1875 
       0.834502         292.661         90.7138 
       0.840667         288.246         89.2631 
       0.846816         287.185         87.8487 
       0.852925         285.079         86.4742 
       0.859047         283.373         85.1267 
       0.865192         280.917         83.8038 
       0.871341         278.355         82.5085 
       0.877463         276.614         81.2469 
       0.883569         274.903         80.0151 
       0.889708         272.593         78.8029 
       0.895864         269.257         77.6131 
       0.902008         268.816         76.4506 
       0.908149         267.402         75.3129 
       0.914301         264.175         74.1968 
       0.920448         262.102         73.1047 
       0.926574         260.618         72.0386 
       0.932687         260.389         70.9964 
       0.938823         257.223         69.9713 
       0.944975         255.765         68.9643 
       0.951105         254.346          67.981 
       0.957225          251.91         67.0188 
       0.963368         249.072         66.0722 
       0.969511          247.92          65.144 
       0.975621          245.95          64.239 
       0.981748         246.213          63.349 
       0.987916         243.259         62.4705 
        0.99406         240.971         61.6122 
        1.00019         240.968         60.7719 
        1.00632         238.749         59.9482 
        1.01246         236.949         59.1388 
        1.01859          236.36         58.3459 
        1.02471         234.027         57.5686 
        1.03085         231.505          56.803 
        1.03698          230.63         56.0531 
        1.04314         229.021         55.3137 
        1.04929         227.164         54.5896 
        1.05541          226.78         53.8815 
        1.06154         224.651         53.1844 
        1.06769          224.21         52.4986 
        1.07382         222.511         51.8274 
        1.07993         220.651         51.1695 
        1.08607         219.745         50.5205 
        1.09222          218.34         49.8822 
        1.09836         216.346         49.2558 
        1.10449         214.434          48.641 
        1.11063         212.881         48.0361 
        1.11677         212.598         47.4418 
         1.1229         210.699         46.8587 
        1.12903         209.594         46.2851 
        1.13518         208.645         45.7206 
        1.14131          206.84          45.166 
        1.14745         206.383         44.6209 
        1.15359         204.534         44.0849 
        1.15973         204.061         43.5575 
        1.16584         201.721         43.0412 
        1.17197         201.215         42.5326 
        1.17811         199.814         42.0308 
        1.18424         198.634         41.5386 
        1.19038          198.02          41.053 
        1.19652          196.57         40.5753 
        1.20267         195.625         40.1054 
        1.20881         193.952         39.6431 
        1.21495         192.962         39.1888 
        1.22108         192.218         38.7419 
         1.2272         190.484          38.303 
        1.23334         189.533           37.87 
        1.23949         187.985         37.4428 
        1.24562         187.295         37.0234 
        1.25174         184.986         36.6111 
        1.25789         184.317         36.2039 
        1.26402         183.563         35.8037 
        1.27014         182.299         35.4106 
        1.27628         181.426         35.0223 
        1.28244         180.856         34.6391 
        1.28858         179.487         34.2622 
        1.29471         177.626         33.8918 
        1.30084         176.936         33.5273 
        1.30697         175.932         33.1677 
        1.31312         175.217         32.8129 
        1.31925         174.071         32.4644 
        1.32537         173.195         32.1214 
        1.33151         171.565         31.7821 
        1.33765         171.079          31.448 
        1.34378         169.919         31.1194 
        1.34992         169.191         30.7953 
        1.35606         168.334         30.4751 
         1.3622         167.262         30.1601 
        1.36833         166.014         29.8504 
        1.37445         164.814         29.5452 
        1.38059         164.382         29.2434 
        1.38675         163.138         28.9451 
        1.39288         162.554         28.6522 
        1.39901         162.108         28.3635 
        1.40515          160.81         28.0782 
         1.4113         159.152         27.7969 
        1.41742         158.824         27.5206 
        1.42355         157.563         27.2476 
         1.4297         156.752         26.9775 
        1.43585         155.381         26.7112 
        1.44198         155.237         26.4495 
        1.44809         154.123         26.1919 
        1.45423          152.88         25.9368 
        1.46036         152.417         25.6856 
        1.46649         151.505         25.4376 
        1.47263         150.864         25.1928 
        1.47877         149.921         24.9513 
        1.48491         148.588         24.7126 
        1.49104         148.147         24.4776 
        1.49718         146.626         24.2454 
        1.50333         146.184          24.016 
        1.50947         145.525           23.79 
         1.5156         144.636         23.5673 
        1.52172         143.698         23.3475 
        1.52787         142.997           23.13 
          1.534         142.283         22.9156 
        1.54013         141.051         22.7042 
        1.54627         140.615         22.4951 
        1.55241         139.609         22.2886 
        1.55855         139.002         22.0849 
        1.56467         138.317         21.8845 
         1.5708          137.33         21.6859 
        1.57695           136.7         21.4896 
        1.58308         135.896         21.2962 
        1.58922         135.467          21.105 
        1.59535         134.355         20.9162 
         1.6015         133.855         20.7296 
        1.60764          132.95         20.5453 
        1.61376         132.457         20.3638 
        1.61989         131.519         20.1843 
        1.62604         130.879         20.0066 
        1.63218          130.17         19.8312 
        1.63831          129.27         19.6583 
        1.64444         128.747         19.4874 
        1.65059         128.083         19.3182 
        1.65673         126.946         19.1512 
        1.66285          126.87         18.9866 
        1.66898         125.886         18.8239 
        1.67512         125.295         18.6628 
        1.68127         124.392         18.5035 
         1.6874         123.392         18.3464 
        1.69353         122.971         18.1913 
        1.69967          122.51         18.0375 
        1.70581         121.719         17.8857 
        1.71193         121.195         17.7362 
        1.71806         120.298          17.588 
        1.72421          119.83         17.4413 
        1.73035         119.053         17.2965 
        1.73649         118.355         17.1533 
        1.74262         117.841         17.0119 
        1.74876         117.295          16.872 
        1.75489         116.205         16.7339 
        1.76101         115.918         16.5975 
        1.76715         114.909         16.4624 
        1.77329         114.679         16.3287 
        1.77943         113.859         16.1964 
        1.78557         113.332         16.0657 
        1.79171         112.629         15.9365 
        1.79785         112.059         15.8087 
        1.80399         111.481         15.6824 
        1.81012         110.934         15.5576 
        1.81625         110.193         15.4342 
        1.82239         109.915          15.312 
        1.82853         109.414         15.1912 
        1.83466         108.486         15.0718 
        1.84078           108.3         14.9538 
        1.84692         107.313         14.8369 
        1.85306          106.65         14.7212 
         1.8592         106.085         14.6068 
        1.86533         105.639         14.4938 
        1.87147         104.715         14.3818 
        1.87761         104.496         14.2709 
        1.88375         103.795         14.1614 
        1.88988         103.197         14.0532 
        1.89601         102.692          13.946 
        1.90215         102.305         13.8398 
        1.90829         101.599         13.7349 
        1.91442         101.292          13.631 
        1.92056         100.539         13.5283 
         1.9267         100.102         13.4265 
        1.93284          99.408         13.3258 
        1.93897         98.9018         13.2262 
        1.94509         98.5405         13.1279 
        1.95123         97.9322         13.0304 
        1.95737         97.6168         12.9338 
        1.96349          96.862         12.8384 
        1.96964         96.0721         12.7438 
        1.97578         96.0116           12.65 
        1.98192         95.3098         12.5574 
        1.98805         94.5842         12.4657 
        1.99419         94.1576         12.3749 
        2.00033         93.7816          12.285 
        2.00647         93.2945          12.196 
         2.0126         92.7492         12.1081 
        2.01874         92.1558         12.0209 
        2.02488         91.7197         11.9344 
        2.03101         91.3475          11.849 
        2.03714         90.6784         11.7646 
        2.04328         90.2736         11.6808 
        2.04941         89.6831         11.5979 
        2.05554         89.3868         11.5159 
        2.06167         88.8379         11.4346 
        2.06781           88.31         11.3541 
        2.07396         87.8675         11.2742 
        2.08009         87.3594         11.1953 
        2.08622         87.0737         11.1172 
        2.09237         86.4682         11.0397 
        2.09851         86.1633         10.9629 
        2.10464         85.6286          10.887 
        2.11077         85.1126         10.8119 
        2.11691         84.8024         10.7374 
        2.12305         84.2701         10.6635 
        2.12918         83.8162         10.5905 
        2.13531         83.4805         10.5183 
        2.14145         82.7245         10.4465 
         2.1476          82.512         10.3753 
        2.15372         82.0557         10.3051 
        2.15985         81.6418         10.2356 
        2.16599         81.2729         10.1664 
        2.17213         80.7735          10.098 
        2.17827         80.3805         10.0303 
         2.1844         79.8932          9.9632 
        2.19054         79.6347         9.89672 
        2.19666         79.0986         9.83095 
         2.2028         78.8745         9.76571 
        2.20893         78.2804         9.70104 
        2.21508         77.7881         9.63689 
        2.22122         77.6573          9.5733 
        2.22736         77.0652         9.51042 
        2.23349         76.7768         9.44812 
        2.23962         76.2199         9.38636 
        2.24577          75.766         9.32509 
         2.2519         75.6076         9.26446 
        2.25802         75.0985         9.20447 
        2.26417          74.644         9.14484 
        2.27031         74.3842          9.0857 
        2.27644         73.9852         9.02725 
        2.28257         73.4764         8.96932 
        2.28872         73.2096          8.9118 
        2.29486         72.8711         8.85479 
        2.30099         72.3717          8.7984 
        2.30712         72.1214         8.74249 
        2.31326         71.6353         8.68696 
         2.3194         71.4137         8.63196 
        2.32553         70.8901         8.57753 
        2.33166         70.4817         8.52359 
         2.3378         70.1807         8.47004 
        2.34394         69.7763         8.41694 
        2.35007         69.3419         8.36437 
        2.35619         68.9658         8.31232 
        2.36233         68.6834         8.26059 
        2.36848         68.4259          8.2092 
        2.37462         68.0797         8.15836 
        2.38075         67.7846         8.10799 
        2.38689          67.346         8.05801 
        2.39303         67.0895         8.00847 
        2.39916         66.8242         7.95939 
        2.40529         66.3495         7.91074 
        2.41143          65.983         7.86245 
        2.41757          65.754         7.81455 
         2.4237         65.3974         7.76714 
        2.42983          64.974         7.72013 
        2.43598         64.6481         7.67339 
        2.44211          64.346         7.62711 
        2.44823         64.0486         7.58133 
        2.45437         63.6212         7.53579 
        2.46052         63.2746         7.49059 
        2.46665              63         7.44585 
        2.47279         62.6927         7.40149 
        2.47892          62.429         7.35746 
        2.48507         62.0289         7.31375 
         2.4912         61.8599         7.27049 
        2.49733         61.4899          7.2276 
        2.50347         61.0872         7.18497 
        2.50961         60.7828          7.1427 
        2.51575         60.5546         7.10079 
        2.52188         60.1979         7.05927 
        2.52802         59.9819         7.01803 
        2.53416         59.6514         6.97712 
        2.54029         59.4086          6.9366 
        2.54641         58.9633         6.89642 
        2.55255         58.8038         6.85652 
        2.55869         58.4533         6.81688 
        2.56483          58.188          6.7776 
        2.57096          57.834         6.73868 
        2.57709         57.5355         6.70006 
        2.58323         57.1892          6.6617 
        2.58937         56.9985         6.62362 
        2.59551         56.6206         6.58589 
        2.60164         56.5031         6.54847 
        2.60778         56.1952          6.5113 
        2.61392         55.8128         6.47443 
        2.62006         55.6172         6.43786 
        2.62619         55.3496         6.40162 
        2.63232         54.9916         6.36565 
        2.63846         54.7313         6.32991 
        2.64459         54.5155         6.29451 
        2.65072         54.1676         6.25937 
        2.65686          53.869          6.2245 
          2.663         53.6433         6.18983 
        2.66915         53.4104         6.15543 
        2.67527         53.2407         6.12139 
        2.68141         52.8737         6.08757 
        2.68755         52.6418         6.05399 
        2.69368          52.464         6.02068 
        2.69981         52.1337         5.98768 
        2.70595         51.9218         5.95484 
        2.71209         51.7389         5.92224 
        2.71823         51.3612         5.88995 
        2.72436         51.1807          5.8579 
         2.7305         50.8261         5.82607 
        2.73663         50.6563         5.79449 
        2.74276         50.3759         5.76317 
         2.7489         50.0837         5.73206 
        2.75504         49.8319         5.70115 
        2.76118          49.728         5.67046 
        2.76732         49.3473         5.64004 
        2.77345         49.1169         5.60985 
        2.77959         48.9118         5.57988 
        2.78572          48.707         5.55013 
        2.79186         48.5163         5.52061 
        2.79798         48.1843         5.49135 
        2.80412         47.9366         5.46223 
        2.81027         47.7398          5.4333 
         2.8164         47.5227         5.40464 
        2.82253         47.3089         5.37619 
        2.82867         47.0574         5.34793 
        2.83481         46.7582         5.31987 
        2.84095         46.5624         5.29201 
        2.84708         46.3452         5.26439 
        2.85322         46.1627         5.23693 
        2.85935         45.9256         5.20968 
        2.86549         45.6963         5.18264 
        2.87162         45.4432         5.15579 
        2.87776         45.3125         5.12914 
        2.88389         45.1024         5.10265 
        2.89003         44.8645         5.07637 
        2.89617         44.6284         5.05027 
        2.90231         44.3746         5.02435 
        2.90844         44.2399         4.99862 
        2.91458         43.9627         4.97308 
        2.92071          43.849         4.94774 
        2.92684         43.6192         4.92255 
        2.93298         43.3981         4.89756 
         2.9391         43.1379         4.87277 
        2.94524          43.017         4.84811 
        2.95138         42.7775         4.82362 
        2.95752         42.5474         4.79928 
        2.96367         42.3891          4.7751 
         2.9698         42.1821         4.75113 
        2.97594         41.9426         4.72731 
        2.98207         41.8167         4.70366 
        2.98821         41.6096         4.68019 
        2.99434         41.4362         4.65688 
        3.00048         41.2044         4.63372 
        3.00662         40.9623          4.6107 
        3.01275         40.7988         4.58788 
        3.01888          40.715         4.56521 
        3.02503         40.4586         4.54266 
        3.03117         40.2807         4.52027 
        3.03729         39.9796         4.49809 
        3.04342          39.831         4.47603 
        3.04957         39.7169         4.45408 
         3.0557         39.4599          4.4323 
        3.06183         39.2547         4.41072 
        3.06796         39.0923         4.38925 
        3.07411         38.9609         4.36788 
        3.08025         38.7277         4.34669 
        3.08637         38.5516         4.32568 
         3.0925          38.393         4.30478 
        3.09865         38.1905         4.28398 
         3.1048         38.0648         4.26332 
        3.11093         37.8649         4.24284 
        3.11706          37.703          4.2225 
         3.1232         37.5552         4.20228 
        3.12933         37.3328         4.18218 
        3.13547         37.1535         4.16224 
        3.14159         37.0602         4.14245 
        3.14773         36.8003         4.12275 
        3.15388         36.6369         4.10316 
        3.16001         36.4364         4.08373 
        3.16614         36.2909         4.06444 
        3.17228         36.1452         4.04526 
        3.17842         36.0052          4.0262 
        3.18455         35.8283         4.00728 
        3.19068         35.6337         3.98848 
        3.19682         35.5036         3.96979 
        3.20297         35.3223          3.9512 
         3.2091         35.1394         3.93276 
        3.21524         35.0388         3.91443 
        3.22138         34.8485         3.89622 
         3.2275         34.7039         3.87816 
        3.23363         34.5538          3.8602 
        3.23977         34.3535         3.84234 
        3.24591         34.2058          3.8246 
        3.25205         34.0988         3.80695 
        3.25818         33.9232         3.78943 
        3.26432          33.759         3.77202 
        3.27046         33.5945         3.75473 
         3.2766         33.4694         3.73753 
        3.28273         33.3352         3.72046 
        3.28887         33.1392         3.70349 
          3.295         33.0569         3.68663 
        3.30113         32.8617         3.66988 
        3.30727         32.7066         3.65323 
        3.31341         32.5713         3.63669 
        3.31954         32.4453         3.62026 
        3.32568          32.274         3.60391 
        3.33182         32.0952         3.58767 
        3.33795         31.9888         3.57154 
        3.34409         31.8373         3.55549 
        3.35022         31.6996         3.53955 
        3.35636          31.605         3.52372 
         3.3625         31.4237         3.50798 
        3.36864          31.302         3.49233 
        3.37477         31.1393         3.47678 
        3.38091         30.9993         3.46134 
        3.38704         30.8961         3.44599 
        3.39318         30.7223         3.43072 
        3.39931         30.6004         3.41555 
        3.40545         30.4729         3.40048 
        3.41158         30.3318          3.3855 
        3.41772         30.1833         3.37061 
        3.42385         30.0653         3.35582 
        3.42998         29.9496         3.34111 
        3.43612         29.8156          3.3265 
        3.44226         29.6803         3.31196 
         3.4484         29.5483         3.29749 
        3.45453         29.4436         3.28314 
        3.46066         29.3055         3.26888 
        3.46681         29.1647         3.25467 
        3.47295         29.0082         3.24055 
        3.47908         28.9226         3.22656 
        3.48521         28.8012         3.21264 
        3.49135         28.6845         3.19877 
        3.49749         28.4768         3.18501 
        3.50362         28.4037         3.17132 
        3.50976         28.2913         3.15772 
        3.51589         28.1419          3.1442 
        3.52203         28.0474         3.13076 
        3.52816         27.9506         3.11741 
        3.53429         27.7757         3.10413 
        3.54043         27.6886         3.09091 
        3.54657         27.5616         3.07777 
        3.55271         27.4284         3.06472 
        3.55884         27.3414         3.05176 
        3.56498         27.1661         3.03885 
        3.57112         27.0546         3.02602 
        3.57725         26.9509         3.01327 
        3.58338         26.8301         3.00061 
        3.58952         26.7047         2.98801 
        3.59566         26.6245         2.97547 
         3.6018         26.5092         2.96301 
        3.60793         26.3807         2.95063 
        3.61407         26.2558         2.93833 
        3.62021         26.2163         2.92608 
        3.62634         26.0408         2.91391 
        3.63247         25.9171         2.90182 
        3.63861         25.8275         2.88979 
        3.64475         25.7398         2.87781 
        3.65089         25.6678         2.86592 
        3.65702         25.5212          2.8541 
        3.66316         25.4443         2.84234 
        3.66929         25.3109         2.83065 
        3.67543         25.1765         2.81903 
        3.68156         25.1017         2.80748 
        3.68769         24.9569         2.79598 
        3.69383         24.8647         2.78455 
        3.69997         24.7849         2.77318 
        3.70611          24.694         2.76189 
        3.71224         24.5782         2.75065 
        3.71838         24.4751         2.73947 
        3.72451           24.38         2.72837 
        3.73065         24.2555         2.71733 
        3.73678         24.1405         2.70634 
        3.74292         24.0409         2.69541 
        3.74906         23.9781         2.68455 
        3.75519         23.8911         2.67374 
        3.76133         23.7776           2.663 
        3.76746         23.6933         2.65232 
         3.7736         23.5481          2.6417 
        3.77974         23.4652         2.63113 
        3.78588         23.3462         2.62062 
        3.79201         23.2582         2.61018 
        3.79814         23.1954         2.59979 
        3.80428         23.0728         2.58946 
        3.81042         22.9921         2.57917 
        3.81655         22.8906         2.56895 
        3.82268         22.8046          2.5588 
        3.82882         22.7327         2.54869 
        3.83496         22.6208         2.53863 
        3.84109         22.5077         2.52863 
        3.84723         22.4261         2.51869 
        3.85337         22.3393         2.50879 
        3.85951         22.2401         2.49894 
        3.86565          22.147         2.48916 
        3.87178         22.0769         2.47944 
        3.87791         21.9781         2.46977 
        3.88405          21.887         2.46014 
        3.89019         21.8064         2.45056 
        3.89632         21.7036         2.44104 
        3.90246         21.6409         2.43157 
         3.9086           21.54         2.42214 
        3.91473         21.4421         2.41278 
        3.92086         21.3495         2.40347 
        3.92699         21.2676          2.3942 
        3.93313         21.1778         2.38497 
        3.93927         21.1079          2.3758 
         3.9454         20.9885         2.36668 
        3.95154          20.929          2.3576 
        3.95768         20.8505         2.34857 
        3.96382         20.7658         2.33959 
        3.96995          20.685         2.33065 
        3.97609         20.5914         2.32177 
        3.98222         20.5205         2.31294 
        3.98836         20.4434         2.30414 
         3.9945         20.3514          2.2954 
        4.00063         20.3112          2.2867 
        4.00677          20.206         2.27804 
        4.01291           20.12         2.26943 
        4.01904         20.0363         2.26088 
        4.02517         19.9486         2.25237 
        4.03131          19.886         2.24388 
        4.03745         19.7779         2.23545 
        4.04358         19.7368         2.22706 
        4.04972         19.6482         2.21872 
        4.05585         19.5575         2.21042 
        4.06199         19.4847         2.20216 
        4.06812         19.4152         2.19395 
        4.07426         19.3482         2.18578 
         4.0804         19.2501         2.17764 
        4.08654         19.1871         2.16955 
        4.09267         19.1183         2.16151 
         4.0988         19.0438         2.15351 
        4.10494         18.9583         2.14555 
        4.11108         18.8785         2.13762 
        4.11721         18.8088         2.12974 
        4.12334         18.7355          2.1219 
        4.12948         18.6621          2.1141 
        4.13561         18.5791         2.10633 
        4.14176         18.5465          2.0986 
        4.14789         18.4595         2.09091 
        4.15403          18.359         2.08327 
        4.16016         18.3246         2.07566 
         4.1663         18.2486         2.06809 
        4.17243         18.1662         2.06056 
        4.17857         18.0984         2.05307 
        4.18471          18.043         2.04561 
        4.19084         17.9693         2.03819 
        4.19698         17.8927         2.03081 
        4.20312          17.812         2.02346 
        4.20925         17.7616         2.01616 
        4.21538         17.7011         2.00889 
        4.22152         17.6216         2.00165 
        4.22766         17.5552         1.99445 
         4.2338         17.4836         1.98729 
        4.23993         17.4235         1.98016 
        4.24607         17.3524         1.97307 
         4.2522         17.3033         1.96601 
        4.25834         17.2193         1.95899 
        4.26447         17.1511         1.95201 
        4.27061         17.1032         1.94505 
        4.27674         17.0157         1.93813 
        4.28288         16.9619         1.93124 
        4.28902         16.9134         1.92439 
        4.29515         16.8486         1.91758 
        4.30129           16.77         1.91079 
        4.30743         16.7135         1.90404 
        4.31356         16.6365         1.89732 
        4.31969         16.6114         1.89064 
        4.32583         16.5244         1.88399 
        4.33197         16.4743         1.87736 
         4.3381         16.4157         1.87077 
        4.34424          16.352         1.86422 
        4.35038         16.2876         1.85769 
        4.35652         16.2162         1.85119 
        4.36265         16.1701         1.84474 
        4.36878         16.1132         1.83831 
        4.37492         16.0374          1.8319 
        4.38106         15.9797         1.82553 
        4.38719         15.9364          1.8192 
        4.39333         15.8727         1.81289 
        4.39946         15.8079         1.80661 
         4.4056         15.7447         1.80037 
        4.41173         15.7159         1.79415 
        4.41786         15.6378         1.78797 
          4.424         15.5864         1.78181 
        4.43014          15.526         1.77567 
        4.43628         15.4653         1.76957 
        4.44241          15.435          1.7635 
        4.44855         15.3561         1.75745 
        4.45469         15.2984         1.75143 
        4.46083         15.2451         1.74545 
        4.46696         15.1922          1.7395 
        4.47309         15.1159         1.73357 
        4.47923         15.0703         1.72766 
        4.48537         15.0168         1.72179 
         4.4915         14.9644         1.71595 
        4.49764         14.9199         1.71013 
        4.50378         14.8636         1.70433 
        4.50991         14.8175         1.69857 
        4.51604         14.7676         1.69284 
        4.52218         14.7018         1.68712 
        4.52832          14.657         1.68144 
        4.53445         14.6053         1.67578 
        4.54059         14.5511         1.67015 
        4.54673         14.5074         1.66454 
        4.55286         14.4553         1.65896 
          4.559         14.4007         1.65341 
        4.56513         14.3457         1.64788 
        4.57127         14.2944         1.64238 
        4.57741         14.2447          1.6369 
        4.58354         14.1909         1.63145 
        4.58968          14.146         1.62602 
        4.59582         14.1141         1.62062 
        4.60195          14.052         1.61524 
        4.60809         13.9815         1.60989 
        4.61422         13.9428         1.60456 
        4.62036         13.9041         1.59926 
        4.62649         13.8493         1.59398 
        4.63263         13.7994         1.58872 
        4.63876         13.7586         1.58349 
         4.6449            13.7         1.57828 
        4.65104         13.6625          1.5731 
        4.65717          13.618         1.56794 
        4.66331         13.5619          1.5628 
        4.66944          13.514         1.55769 
        4.67558         13.4653          1.5526 
        4.68171         13.4321         1.54753 
        4.68785         13.3802         1.54248 
        4.69399         13.3318         1.53746 
        4.70012         13.2879         1.53247 
        4.70625         13.2374         1.52749 
        4.71239         13.1939         1.52253 
        4.71853         13.1538          1.5176 
        4.72467         13.1163         1.51268 
         4.7308         13.0584          1.5078 
        4.73694          13.018         1.50293 
        4.74308         12.9758         1.49808 
        4.74922         12.9209         1.49326 
        4.75535          12.891         1.48846 
        4.76148         12.8505         1.48368 
        4.76762          12.806         1.47892 
        4.77376         12.7623         1.47418 
        4.77989         12.7098         1.46946 
        4.78602         12.6658         1.46477 
        4.79216          12.636         1.46009 
         4.7983         12.5983         1.45543 
        4.80443         12.5441          1.4508 
        4.81056         12.5159         1.44619 
         4.8167         12.4629         1.44159 
        4.82284         12.4328         1.43701 
        4.82898         12.3865         1.43246 
        4.83511         12.3531         1.42793 
        4.84125         12.3069         1.42341 
        4.84739         12.2633         1.41891 
        4.85352         12.2296         1.41444 
        4.85965         12.1805         1.40999 
        4.86579          12.144         1.40555 
        4.87193         12.1155         1.40113 
        4.87807          12.071         1.39673 
         4.8842         12.0318         1.39235 
        4.89034          11.993         1.38799 
        4.89647         11.9563         1.38365 
        4.90261         11.9208         1.37933 
        4.90874         11.8723         1.37503 
        4.91488         11.8405         1.37074 
        4.92102         11.7949         1.36647 
        4.92715         11.7611         1.36223 
        4.93329         11.7177           1.358 
        4.93942         11.6785         1.35378 
        4.94556         11.6416         1.34959 
         4.9517         11.6138         1.34541 
        4.95783         11.5686         1.34125 
        4.96397         11.5413         1.33711 
        4.97011         11.4992         1.33299 
        4.97624         11.4601         1.32888 
        4.98238         11.4393          1.3248 
        4.98851         11.3926         1.32073 
        4.99465         11.3567         1.31667 
        5.00078         11.3367         1.31264 
        5.00691         11.2833         1.30862 
        5.01305         11.2501         1.30462 
        5.01919         11.2156         1.30063 
        5.02533         11.1883         1.29666 
        5.03146         11.1553         1.29271 
         5.0376         11.1073         1.28877 
        5.04374         11.0755         1.28485 
        5.04987         11.0418         1.28095 
        5.05601         11.0031         1.27707 
        5.06215         10.9818          1.2732 
        5.06829         10.9349         1.26934 
        5.07442          10.906          1.2655 
        5.08055         10.8836         1.26169 
        5.08668         10.8492         1.25788 
        5.09282         10.8083         1.25409 
        5.09896         10.7814         1.25032 
        5.10509          10.748         1.24656 
        5.11123         10.7214         1.24282 
        5.11736         10.6861         1.23909 
         5.1235         10.6402         1.23538 
        5.12964         10.6272         1.23168 
        5.13577         10.5855           1.228 
        5.14191           10.56         1.22433 
        5.14804         10.5221         1.22069 
        5.15418         10.4996         1.21705 
        5.16032         10.4671         1.21343 
        5.16645         10.4277         1.20982 
        5.17259         10.4025         1.20623 
        5.17872         10.3792         1.20265 
        5.18486         10.3371         1.19909 
          5.191         10.3126         1.19554 
        5.19713         10.2771         1.19201 
        5.20327         10.2452         1.18849 
        5.20941         10.2097         1.18499 
        5.21555         10.1945         1.18149 
        5.22168         10.1566         1.17802 
        5.22781         10.1356         1.17456 
        5.23395         10.1085         1.17111 
        5.24009         10.0766         1.16768 
        5.24622         10.0377         1.16426 
        5.25236         10.0246         1.16085 
         5.2585         9.98771         1.15746 
        5.26463         9.96457         1.15408 
        5.27077         9.94334         1.15072 
         5.2769         9.90882         1.14737 
        5.28304         9.88544         1.14403 
        5.28917         9.84822         1.14071 
         5.2953         9.81944          1.1374 
        5.30144         9.79913          1.1341 
        5.30757         9.77935         1.13081 
        5.31371         9.75107         1.12754 
        5.31985         9.71747         1.12428 
        5.32599         9.68345         1.12103 
        5.33213         9.66188          1.1178 
        5.33826         9.63475         1.11458 
         5.3444         9.61735         1.11138 
        5.35053         9.59022         1.10818 
        5.35667         9.55731           1.105 
        5.36281         9.52612         1.10183 
        5.36894         9.50451         1.09867 
        5.37507         9.48377         1.09553 
        5.38121         9.46549          1.0924 
        5.38735         9.43843         1.08928 
        5.39348         9.41899         1.08617 
        5.39961         9.38109         1.08308 
        5.40575         9.36575            1.08 
        5.41189         9.33311         1.07692 
        5.41803         9.30846         1.07387 
        5.42416         9.29334         1.07082 
         5.4303         9.26443         1.06778 
        5.43644         9.24758         1.06476 
        5.44257         9.22139         1.06175 
        5.44871         9.19438         1.05875 
        5.45484         9.17402         1.05577 
        5.46098         9.14627         1.05279 
        5.46712         9.12266         1.04982 
        5.47325         9.09801         1.04687 
        5.47938         9.07459         1.04393 
        5.48552         9.06408           1.041 
        5.49165         9.03498         1.03809 
        5.49779         9.02171         1.03518 
        5.50393         8.98821         1.03228 
        5.51006         8.97967          1.0294 
         5.5162         8.94085         1.02652 
        5.52234         8.92256         1.02366 
        5.52847         8.90326         1.02081 
        5.53461         8.88275         1.01797 
        5.54075         8.86061         1.01514 
        5.54688         8.85055         1.01232 
        5.55302         8.82277         1.00951 
        5.55915         8.80107         1.00671 
        5.56529         8.78638         1.00393 
        5.57143         8.76058         1.00115 
        5.57756            8.74        0.998384 
         5.5837          8.7108         0.99563 
        5.58983         8.69527        0.992887 
        5.59597         8.67517        0.990154 
         5.6021         8.65635         0.98743 
        5.60824         8.62751        0.984715 
        5.61438          8.6119        0.982013 
        5.62051         8.59777         0.97932 
        5.62665          8.5827        0.976637 
        5.63278         8.55991        0.973965 
        5.63892         8.53959        0.971303 
        5.64505         8.51693        0.968651 
        5.65119         8.50048        0.966009 
        5.65733         8.48453        0.963376 
        5.66346         8.47413        0.960754 
         5.6696          8.4484        0.958141 
        5.67573         8.43294        0.955538 
        5.68187         8.41718        0.952945 
          5.688         8.39389        0.950363 
        5.69414         8.38091        0.947789 
        5.70028         8.36028        0.945224 
        5.70642         8.34558        0.942668 
        5.71255         8.32468        0.940123 
        5.71869         8.30758        0.937588 
        5.72482         8.29693        0.935063 
        5.73096         8.27458        0.932546 
        5.73709         8.26646         0.93004 
        5.74322         8.24449        0.927543 
        5.74936         8.22529        0.925053 
         5.7555         8.21219        0.922571 
        5.76164         8.19059        0.920101 
        5.76777          8.1722        0.917641 
        5.77391         8.16074        0.915188 
        5.78005         8.14732        0.912743 
        5.78618         8.12694         0.91031 
        5.79231           8.115        0.907887 
        5.79845         8.10722         0.90547 
        5.80459         8.08291         0.90306 
        5.81073         8.06492        0.900662 
        5.81686         8.05637        0.898273 
          5.823         8.03818        0.895891 
        5.82914         8.02652        0.893517 
        5.83527         8.01874        0.891156 
         5.8414         7.99821        0.888801 
        5.84754         7.98243        0.886453 
        5.85368         7.96778        0.884114 
        5.85981         7.95385        0.881785 
        5.86595         7.94648        0.879465 
        5.87208         7.93572        0.877152 
        5.87822           7.915        0.874849 
        5.88435         7.89846        0.872554 
        5.89049         7.89317        0.870265 
        5.89662         7.87853        0.867986 
        5.90276         7.86182        0.865714 
         5.9089         7.85202         0.86345 
        5.91503         7.84002        0.861196 
        5.92117          7.8322        0.858949 
        5.92731         7.81551        0.856709 
        5.93344         7.80513        0.854478 
        5.93958         7.79135        0.852256 
        5.94572         7.77958        0.850041 
        5.95186         7.77097        0.847833 
        5.95799         7.76158        0.845635 
        5.96412          7.7463        0.843445 
        5.97026         7.73615         0.84126 
         5.9764         7.72265        0.839085 
        5.98253         7.70965         0.83692 
        5.98866          7.6998        0.834759 
         5.9948         7.69418        0.832606 
        6.00094         7.67799        0.830461 
        6.00707         7.66635        0.828324 
        6.01321         7.66052        0.826194 
        6.01935         7.65162        0.824071 
        6.02548         7.64466        0.821957 
        6.03162         7.62974         0.81985 
        6.03775         7.61531        0.817752 
        6.04389         7.61095        0.815659 
        6.05003         7.60863        0.813573 
        6.05617         7.59498        0.811494 
         6.0623         7.58852        0.809423 
        6.06844          7.5779         0.80736 
        6.07457         7.57105        0.805305 
         6.0807           7.563        0.803257 
        6.08684         7.55444        0.801217 
        6.09298         7.54785        0.799182 
        6.09912         7.53437        0.797153 
        6.10525          7.5346        0.795134 
        6.11138         7.52122        0.793121 
        6.11752         7.51431        0.791115 
        6.12366         7.50632        0.789115 
        6.12979         7.50501        0.787124 
        6.13593         7.49049         0.78514 
        6.14207         7.48602         0.78316 
         6.1482         7.48208        0.781188 
        6.15434         7.48314        0.779224 
        6.16047         7.47146        0.777268 
        6.16661         7.46432        0.775317 
        6.17274         7.45466        0.773372 
        6.17887         7.45509        0.771436 
        6.18501         7.44824        0.769505 
        6.19115         7.44686         0.76758 
        6.19729         7.43775        0.765662 
        6.20342         7.43153        0.763751 
        6.20956         7.42678        0.761847 
         6.2157         7.41812        0.759948 
        6.22183         7.42302        0.758057 
        6.22797         7.41868        0.756173 
         6.2341         7.40766        0.754296 
        6.24024         7.40431        0.752423 
        6.24638         7.40059        0.750557 
        6.25251         7.39592        0.748699 
        6.25865         7.39873        0.746847 
        6.26478         7.39028           0.745 
        6.27092         7.38582        0.743161 
        6.27705         7.38722        0.741328 
        6.28318         7.38326        0.739502 
