# k  (h/Mpc)    Pcb(k)  (Mpc/h)^3    Pcb_linear(k)  (Mpc/h)^3
     0.00783031         12954.5         13134.9 
       0.013688         17525.1         17388.2 
       0.019231         18664.5         18682.4 
      0.0249154           17843         18282.1 
      0.0312784         16486.1         16769.3 
      0.0375637         14837.4         14967.9 
      0.0433917         13060.5         13451.1 
      0.0492413         12005.6         12238.6 
      0.0555754           10766         11271.1 
      0.0619321         10391.3         10546.7 
       0.067871          9501.8         9960.01 
      0.0738098         8907.89         9357.36 
      0.0800417         8106.07         8654.87 
      0.0862327         7485.29         7896.02 
      0.0921407         6908.13          7166.5 
      0.0982031         6224.23         6476.14 
       0.104506         5834.61         5873.15 
       0.110769         5384.31         5410.76 
       0.116806         5045.08         5082.72 
       0.122832         4813.36          4837.7 
       0.129052         4495.55         4627.47 
       0.135211         4299.95          4421.5 
       0.141259         4149.02          4196.3 
       0.147318         3942.15          3942.1 
       0.153489         3635.78         3665.21 
       0.159709          3451.1         3389.69 
       0.165845         3330.67         3143.19 
       0.171974         3133.01         2936.57 
       0.178125         2979.39         2772.92 
       0.184229         2856.48          2648.1 
        0.19034         2712.66          2548.4 
       0.196428         2671.57          2459.8 
       0.202534          2578.4         2369.15 
       0.208729         2479.68         2267.74 
       0.214876         2386.91         2156.62 
       0.220989         2315.23         2040.24 
       0.227147          2217.3         1924.63 
        0.23329         2134.27         1818.34 
       0.239377         2109.18         1726.87 
       0.245482         1983.85         1650.52 
       0.251667         1976.56         1587.08 
       0.257832          1903.4          1533.5 
       0.263955         1844.67         1484.83 
       0.270079         1789.11         1436.25 
        0.27624         1771.95         1384.73 
       0.282372         1699.25         1330.33 
        0.28843         1698.99         1274.73 
       0.294538         1620.75         1219.28 
       0.300721         1612.68         1166.32 
        0.30691         1553.48         1118.44 
       0.313033          1523.8         1076.87 
       0.319153         1507.11         1040.68 
       0.325316         1456.43         1008.32 
        0.33145          1427.2         978.481 
       0.337538         1406.14         949.611 
       0.343633         1377.88         920.437 
       0.349808         1336.99         890.166 
       0.355968         1328.21         859.602 
       0.362074         1316.58         829.613 
       0.368217         1277.06         800.671 
       0.374374         1234.36         773.564 
       0.380519         1237.04          748.78 
       0.386598         1206.55          726.48 
       0.392688         1200.56         705.939 
        0.39888         1169.09         686.391 
       0.405048         1157.73         667.657 
       0.411186         1141.17         649.284 
       0.417313         1118.19         631.044 
       0.423458         1101.65         612.823 
       0.429607         1086.89         594.854 
       0.435692         1068.26         577.636 
       0.441815         1062.51         561.087 
       0.447964         1039.01           545.4 
       0.454126         1031.44         530.695 
       0.460267         1009.71          516.93 
       0.466387         995.865         503.908 
        0.47254         991.431         491.342 
       0.478662         981.189         479.202 
       0.484765         958.897         467.317 
       0.490885         953.058         455.588 
       0.497035         932.098          444.05 
       0.503198         928.411         432.804 
       0.509342         916.581         421.964 
       0.515458         913.743         411.607 
       0.521598         893.888         401.692 
       0.527764         875.488         392.196 
       0.533884          876.82         383.162 
           0.54         868.076         374.459 
       0.546137          859.34         365.997 
       0.552299          849.95         357.735 
       0.558452         843.592         349.684 
       0.564573         831.351         341.848 
       0.570708         824.558         334.188 
       0.576825         802.482         326.777 
       0.582926         807.327          319.63 
       0.589034          799.59         312.726 
       0.595184         791.646         306.015 
       0.601379         781.918         299.483 
       0.607522          771.55         293.216 
       0.613639         773.383         287.169 
       0.619772         755.681          281.28 
       0.625918         750.656         275.534 
       0.632068         742.822         269.926 
       0.638161         740.386         264.504 
         0.6443         726.534          259.18 
       0.650464         725.847         253.983 
       0.656582          721.94         248.975 
       0.662703         716.848         244.117 
       0.668861         704.674         239.376 
       0.675024         699.054         234.766 
       0.681124         696.096         230.328 
       0.687237         690.123         225.995 
       0.693381          682.77          221.75 
       0.699536         670.537         217.603 
       0.705665         672.095         213.578 
       0.711789          666.27         209.658 
       0.717957         660.095         205.811 
        0.72409         656.793         202.084 
       0.730186          647.36         198.475 
       0.736317         644.328         194.936 
       0.742472         641.203         191.473 
       0.748622         634.488         188.098 
        0.75476         624.729         184.813 
       0.760888         620.286         181.612 
       0.767043         618.675         178.474 
       0.773185         612.871         175.418 
       0.779291         608.416         172.452 
       0.785407         602.218          169.55 
       0.791564         596.404         166.698 
       0.797719         593.757         163.914 
       0.803834         589.135         161.213 
       0.809972         584.938         158.563 
       0.816124         584.084         155.968 
       0.822261         575.235         153.439 
       0.828378          572.19         150.975 
       0.834502          566.51         148.563 
       0.840667         562.189         146.189 
       0.846816         559.106         143.873 
       0.852925         553.735         141.623 
       0.859047         554.241         139.417 
       0.865192         547.198         137.251 
       0.871341         542.585          135.13 
       0.877463          541.64         133.063 
       0.883569         535.363         131.046 
       0.889708          533.29         129.061 
       0.895864         529.825         127.112 
       0.902008         525.981         125.209 
       0.908149         520.446         123.345 
       0.914301         517.528         121.518 
       0.920448         514.389         119.729 
       0.926574         506.197         117.983 
       0.932687         506.094         116.276 
       0.938823         500.892         114.597 
       0.944975         501.352         112.948 
       0.951105         494.212         111.337 
       0.957225         490.836         109.761 
       0.963368         487.089          108.21 
       0.969511         485.161          106.69 
       0.975621         481.632         105.207 
       0.981748         478.895         103.749 
       0.987916         475.509         102.309 
        0.99406         467.731         100.903 
        1.00019          467.02         99.5257 
        1.00632         464.529         98.1759 
        1.01246         460.748         96.8493 
        1.01859         460.372         95.5496 
        1.02471         454.351         94.2756 
        1.03085         452.388         93.0206 
        1.03698         450.637         91.7914 
        1.04314         446.144         90.5793 
        1.04929         440.743         89.3922 
        1.05541         441.559         88.2313 
        1.06154         435.877         87.0884 
        1.06769         432.386         85.9642 
        1.07382         430.386         84.8638 
        1.07993         427.833         83.7852 
        1.08607         426.529         82.7212 
        1.09222         422.404         81.6747 
        1.09836         419.707         80.6477 
        1.10449         415.686         79.6397 
        1.11063         411.525          78.648 
        1.11677         412.026         77.6737 
         1.1229         409.705         76.7178 
        1.12903         405.651         75.7772 
        1.13518         401.456         74.8518 
        1.14131         400.565         73.9425 
        1.14745         396.742          73.049 
        1.15359          395.03         72.1701 
        1.15973         392.311         71.3055 
        1.16584         389.716         70.4591 
        1.17197         387.968         69.6253 
        1.17811         384.624         68.8026 
        1.18424         380.971         67.9956 
        1.19038         378.592         67.1994 
        1.19652         376.965         66.4163 
        1.20267         374.782         65.6458 
        1.20881         373.236         64.8878 
        1.21495         369.807         64.1431 
        1.22108         367.857         63.4102 
         1.2272         364.674         62.6906 
        1.23334         362.419         61.9806 
        1.23949         360.666           61.28 
        1.24562         358.758         60.5923 
        1.25174         355.504         59.9162 
        1.25789         351.915         59.2484 
        1.26402         350.277         58.5921 
        1.27014          347.99         57.9474 
        1.27628         345.849         57.3105 
        1.28244          345.77          56.682 
        1.28858         341.419         56.0639 
        1.29471         339.269         55.4565 
        1.30084         337.796         54.8586 
        1.30697         335.282         54.2688 
        1.31312         332.058         53.6868 
        1.31925         331.573         53.1153 
        1.32537         330.162         52.5527 
        1.33151         326.172         51.9964 
        1.33765         324.296         51.4484 
        1.34378         323.009         50.9095 
        1.34992         320.574          50.378 
        1.35606         318.942          49.853 
         1.3622         316.762         49.3365 
        1.36833         314.728         48.8286 
        1.37445         313.059         48.3282 
        1.38059         309.684         47.8332 
        1.38675          308.47         47.3441 
        1.39288         306.591         46.8638 
        1.39901         305.361         46.3905 
        1.40515         303.016         45.9227 
         1.4113         301.729         45.4615 
        1.41742         299.291         45.0085 
        1.42355         296.869         44.5608 
         1.4297         295.387          44.118 
        1.43585         293.689         43.6813 
        1.44198         291.883         43.2523 
        1.44809          289.36         42.8298 
        1.45423         287.356         42.4115 
        1.46036         286.456         41.9996 
        1.46649         283.879          41.593 
        1.47263         282.403         41.1915 
        1.47877         280.433         40.7955 
        1.48491         278.546         40.4041 
        1.49104         277.674         40.0188 
        1.49718         275.157         39.6382 
        1.50333         273.468         39.2619 
        1.50947         271.908         38.8914 
         1.5156         269.608         38.5262 
        1.52172         269.122         38.1657 
        1.52787         266.624         37.8092 
          1.534          265.61         37.4577 
        1.54013         262.867          37.111 
        1.54627         262.005         36.7681 
        1.55241         260.304         36.4295 
        1.55855         258.614         36.0957 
        1.56467         256.765          35.767 
         1.5708         256.377         35.4415 
        1.57695         253.814         35.1196 
        1.58308         252.435         34.8024 
        1.58922         249.503          34.489 
        1.59535         248.643         34.1796 
         1.6015         247.962         33.8735 
        1.60764         245.738         33.5714 
        1.61376         244.467         33.2738 
        1.61989         242.759         32.9796 
        1.62604         241.234         32.6884 
        1.63218         239.965         32.4008 
        1.63831         238.339         32.1174 
        1.64444         237.617         31.8373 
        1.65059         235.524         31.5599 
        1.65673         234.307         31.2861 
        1.66285          232.57         31.0163 
        1.66898         231.008         30.7497 
        1.67512           230.1         30.4856 
        1.68127         227.708         30.2245 
         1.6874         226.435          29.967 
        1.69353         225.416         29.7127 
        1.69967         224.023         29.4607 
        1.70581         222.742         29.2118 
        1.71193         221.105         28.9667 
        1.71806         220.283          28.724 
        1.72421         218.642         28.4835 
        1.73035         217.736         28.2461 
        1.73649         216.356         28.0114 
        1.74262          214.88         27.7797 
        1.74876          213.34         27.5504 
        1.75489         211.969         27.3242 
        1.76101         210.898         27.1006 
        1.76715         209.797         26.8792 
        1.77329         208.717           26.66 
        1.77943         207.415         26.4432 
        1.78557          205.76         26.2291 
        1.79171         204.714         26.0174 
        1.79785         203.185          25.808 
        1.80399         202.333         25.6009 
        1.81012         200.952         25.3964 
        1.81625         199.834         25.1943 
        1.82239         198.539          24.994 
        1.82853         197.848         24.7961 
        1.83466         196.194         24.6004 
        1.84078         195.207         24.4072 
        1.84692         193.768         24.2156 
        1.85306         192.995          24.026 
         1.8592         191.547         23.8386 
        1.86533         190.709         23.6534 
        1.87147          189.27         23.4699 
        1.87761          188.65         23.2883 
        1.88375         186.709         23.1089 
        1.88988         185.466         22.9315 
        1.89601         185.081         22.7559 
        1.90215         183.833         22.5821 
        1.90829         182.676         22.4101 
        1.91442         181.345         22.2399 
        1.92056         180.813         22.0717 
         1.9267         179.011          21.905 
        1.93284          178.21         21.7399 
        1.93897         177.376         21.5769 
        1.94509         176.227         21.4159 
        1.95123         175.448         21.2561 
        1.95737         174.355         21.0979 
        1.96349         173.152         20.9417 
        1.96964         172.067         20.7866 
        1.97578          171.15         20.6331 
        1.98192         170.111         20.4814 
        1.98805         168.864         20.3312 
        1.99419         168.057         20.1825 
        2.00033          167.09         20.0353 
        2.00647         166.292         19.8895 
         2.0126         164.885         19.7455 
        2.01874         164.748         19.6027 
        2.02488          163.47         19.4611 
        2.03101         162.065         19.3213 
        2.03714           161.4         19.1829 
        2.04328         160.355         19.0458 
        2.04941         159.506         18.9101 
        2.05554           158.4         18.7758 
        2.06167          157.84         18.6427 
        2.06781         156.685         18.5108 
        2.07396         155.716         18.3801 
        2.08009         155.038         18.2508 
        2.08622         153.971         18.1229 
        2.09237         152.934          17.996 
        2.09851         152.185         17.8703 
        2.10464         151.774         17.7461 
        2.11077          150.59         17.6231 
        2.11691         149.635         17.5011 
        2.12305         148.821         17.3802 
        2.12918          147.99         17.2607 
        2.13531          147.45         17.1424 
        2.14145         146.081         17.0249 
         2.1476          145.16         16.9084 
        2.15372         144.881         16.7935 
        2.15985         144.249         16.6796 
        2.16599          142.79         16.5665 
        2.17213         142.262         16.4545 
        2.17827         141.372         16.3436 
         2.1844          140.42         16.2338 
        2.19054         139.638          16.125 
        2.19666         138.954         16.0173 
         2.2028         138.191         15.9106 
        2.20893          137.73         15.8047 
        2.21508         136.861         15.6997 
        2.22122         135.713         15.5957 
        2.22736         135.036         15.4928 
        2.23349         134.262         15.3908 
        2.23962         133.466         15.2897 
        2.24577         132.749         15.1895 
         2.2519         132.255         15.0903 
        2.25802         131.463         14.9921 
        2.26417          130.58         14.8945 
        2.27031         129.689         14.7977 
        2.27644         129.168         14.7021 
        2.28257         128.501         14.6073 
        2.28872         127.947         14.5132 
        2.29486         126.875         14.4199 
        2.30099         126.303         14.3276 
        2.30712         125.576         14.2362 
        2.31326         124.821         14.1453 
         2.3194          124.32         14.0553 
        2.32553         123.591         13.9663 
        2.33166         123.123          13.878 
         2.3378         122.302         13.7904 
        2.34394         121.681         13.7035 
        2.35007         120.914         13.6176 
        2.35619         120.044         13.5324 
        2.36233         119.642         13.4478 
        2.36848         118.953         13.3637 
        2.37462         118.602         13.2805 
        2.38075         117.583         13.1982 
        2.38689         117.011         13.1164 
        2.39303         116.462         13.0354 
        2.39916         115.904         12.9551 
        2.40529         115.232         12.8755 
        2.41143         114.736         12.7966 
        2.41757         113.814         12.7182 
         2.4237         113.266         12.6407 
        2.42983         112.545         12.5638 
        2.43598         112.133         12.4874 
        2.44211         111.593         12.4117 
        2.44823         110.916         12.3368 
        2.45437         110.388         12.2623 
        2.46052         109.761         12.1884 
        2.46665         108.943         12.1153 
        2.47279         108.642         12.0427 
        2.47892         108.115         11.9707 
        2.48507         107.398         11.8993 
         2.4912         106.741         11.8285 
        2.49733         106.215         11.7584 
        2.50347         105.437         11.6887 
        2.50961         105.069         11.6196 
        2.51575         104.534          11.551 
        2.52188         104.159         11.4832 
        2.52802         103.405         11.4158 
        2.53416          102.83         11.3489 
        2.54029         102.297         11.2826 
        2.54641         101.697         11.2169 
        2.55255         101.354         11.1517 
        2.55869         100.804         11.0869 
        2.56483         100.262         11.0227 
        2.57096         99.5995         10.9591 
        2.57709           99.09          10.896 
        2.58323         98.3624         10.8333 
        2.58937         97.9812          10.771 
        2.59551         97.7588         10.7094 
        2.60164         97.1134         10.6482 
        2.60778         96.5173         10.5874 
        2.61392         95.8928         10.5272 
        2.62006         95.3882         10.4674 
        2.62619         95.0945         10.4082 
        2.63232         94.5589         10.3494 
        2.63846         93.9816          10.291 
        2.64459         93.5428         10.2331 
        2.65072         92.9351         10.1757 
        2.65686         92.5193         10.1187 
          2.663         91.9437         10.0621 
        2.66915         91.6635         10.0059 
        2.67527         91.2577         9.95023 
        2.68141         90.7441         9.89498 
        2.68755          90.163         9.84009 
        2.69368         89.8154         9.78568 
        2.69981         89.3626         9.73175 
        2.70595         88.8867         9.67811 
        2.71209         88.3742         9.62485 
        2.71823         87.9891         9.57208 
        2.72436         87.4855         9.51972 
         2.7305         87.0706         9.46772 
        2.73663          86.514         9.41612 
        2.74276         86.1001         9.36497 
         2.7489         85.6993         9.31414 
        2.75504         85.3155         9.26365 
        2.76118         84.8259         9.21351 
        2.76732         84.3403         9.16382 
        2.77345          83.968         9.11451 
        2.77959         83.5822         9.06556 
        2.78572         83.1576         9.01697 
        2.79186         82.7991         8.96876 
        2.79798         82.3948         8.92095 
        2.80412         81.7923          8.8734 
        2.81027         81.4687         8.82615 
         2.8164         80.8613         8.77934 
        2.82253          80.646         8.73288 
        2.82867         80.2574         8.68672 
        2.83481         79.7879          8.6409 
        2.84095         79.4532          8.5954 
        2.84708         78.9765         8.55029 
        2.85322         78.6339         8.50545 
        2.85935         78.2129         8.46095 
        2.86549           77.81         8.41679 
        2.87162         77.5752         8.37295 
        2.87776         77.1417         8.32943 
        2.88389         76.6408         8.28618 
        2.89003         76.2677         8.24328 
        2.89617         75.9016         8.20065 
        2.90231         75.4295         8.15833 
        2.90844         75.1677         8.11633 
        2.91458         74.7725         8.07462 
        2.92071         74.4201         8.03326 
        2.92684         73.9807         7.99214 
        2.93298         73.7673         7.95133 
         2.9391          73.223         7.91086 
        2.94524          72.866         7.87061 
        2.95138         72.5892         7.83063 
        2.95752         72.2433         7.79089 
        2.96367         71.7037         7.75142 
         2.9698         71.6391         7.71231 
        2.97594         71.3208         7.67343 
        2.98207          70.835         7.63482 
        2.98821         70.4503         7.59651 
        2.99434         70.0792         7.55847 
        3.00048         69.8388         7.52066 
        3.00662         69.4834          7.4831 
        3.01275         69.2162         7.44586 
        3.01888         68.8971         7.40886 
        3.02503         68.4306         7.37205 
        3.03117         68.0928         7.33551 
        3.03729         67.8899         7.29931 
        3.04342         67.4636         7.26332 
        3.04957         67.2376         7.22749 
         3.0557         66.8406         7.19196 
        3.06183         66.4829         7.15673 
        3.06796         66.2381          7.1217 
        3.07411         65.8686         7.08683 
        3.08025          65.563         7.05225 
        3.08637         65.1909         7.01797 
         3.0925         64.9964         6.98387 
        3.09865         64.6671         6.94993 
         3.1048         64.3929         6.91623 
        3.11093         63.9732         6.88282 
        3.11706         63.8396         6.84963 
         3.1232         63.4204         6.81664 
        3.12933         63.0645         6.78386 
        3.13547         62.8096         6.75132 
        3.14159         62.6046         6.71904 
        3.14773         62.2625          6.6869 
        3.15388            61.9         6.65494 
        3.16001         61.6369         6.62326 
        3.16614         61.2438         6.59179 
        3.17228         61.0664          6.5605 
        3.17842         60.8177         6.52941 
        3.18455         60.5389         6.49855 
        3.19068         60.1935          6.4679 
        3.19682         59.9331          6.4374 
        3.20297         59.6255          6.4071 
         3.2091         59.3598         6.37701 
        3.21524         59.0525         6.34712 
        3.22138         58.7998         6.31743 
         3.2275          58.577         6.28796 
        3.23363         58.3285         6.25869 
        3.23977         58.0073         6.22956 
        3.24591          57.686         6.20062 
        3.25205         57.4202         6.17184 
        3.25818         57.1777         6.14327 
        3.26432         56.8234         6.11489 
        3.27046         56.6518         6.08668 
         3.2766         56.4152         6.05865 
        3.28273         56.1917         6.03081 
        3.28887         55.8335         6.00315 
          3.295          55.602         5.97566 
        3.30113         55.3818         5.94835 
        3.30727         55.0751         5.92119 
        3.31341         54.8702         5.89423 
        3.31954         54.6693         5.86744 
        3.32568         54.3863         5.84078 
        3.33182         54.0447         5.81431 
        3.33795         53.8673         5.78802 
        3.34409         53.6525         5.76186 
        3.35022         53.3951         5.73588 
        3.35636         53.0915         5.71007 
         3.3625         52.8714          5.6844 
        3.36864         52.5924          5.6589 
        3.37477         52.3889         5.63355 
        3.38091         52.2289         5.60838 
        3.38704         51.9853         5.58336 
        3.39318         51.7625         5.55849 
        3.39931         51.4318         5.53376 
        3.40545          51.228          5.5092 
        3.41158         50.9526         5.48478 
        3.41772         50.7144         5.46051 
        3.42385         50.4607         5.43641 
        3.42998         50.3094         5.41244 
        3.43612         50.0587         5.38862 
        3.44226          49.922         5.36493 
         3.4484         49.6256         5.34135 
        3.45453         49.3918         5.31797 
        3.46066         49.1672         5.29474 
        3.46681         48.9483         5.27158 
        3.47295         48.7326         5.24858 
        3.47908         48.5481         5.22577 
        3.48521         48.3058         5.20309 
        3.49135         48.1153         5.18051 
        3.49749         47.8908         5.15807 
        3.50362         47.6808         5.13578 
        3.50976         47.4252         5.11362 
        3.51589         47.2017         5.09159 
        3.52203         47.0321         5.06969 
        3.52816         46.8237         5.04794 
        3.53429          46.626         5.02631 
        3.54043         46.4304         5.00477 
        3.54657         46.2096         4.98337 
        3.55271         46.0553         4.96212 
        3.55884         45.7876           4.941 
        3.56498         45.6096         4.91997 
        3.57112          45.415         4.89907 
        3.57725         45.1824         4.87831 
        3.58338         45.0596         4.85769 
        3.58952         44.8339         4.83715 
        3.59566         44.6456         4.81673 
         3.6018         44.4546         4.79644 
        3.60793         44.2047         4.77628 
        3.61407         44.0267         4.75624 
        3.62021          43.901          4.7363 
        3.62634         43.6803         4.71648 
        3.63247         43.5011         4.69678 
        3.63861         43.2924          4.6772 
        3.64475         43.1342         4.65769 
        3.65089         42.9131         4.63832 
        3.65702         42.7306         4.61909 
        3.66316         42.5517         4.59993 
        3.66929         42.3219          4.5809 
        3.67543         42.2214         4.56198 
        3.68156         41.9681         4.54316 
        3.68769         41.7992         4.52445 
        3.69383         41.6172         4.50584 
        3.69997         41.4645         4.48733 
        3.70611         41.2488         4.46894 
        3.71224         41.1364         4.45064 
        3.71838         40.9273         4.43244 
        3.72451         40.7762         4.41436 
        3.73065         40.5503         4.39639 
        3.73678         40.3655         4.37851 
        3.74292         40.2192         4.36071 
        3.74906         40.0449         4.34303 
        3.75519         39.9048         4.32544 
        3.76133          39.733         4.30795 
        3.76746         39.5307         4.29057 
         3.7736         39.3643         4.27329 
        3.77974          39.193         4.25608 
        3.78588         39.0698         4.23897 
        3.79201         38.9102         4.22197 
        3.79814         38.6933         4.20506 
        3.80428         38.5951         4.18824 
        3.81042         38.4131         4.17151 
        3.81655         38.2131         4.15487 
        3.82268         38.1091         4.13835 
        3.82882          37.928          4.1219 
        3.83496         37.7329         4.10553 
        3.84109         37.6207         4.08925 
        3.84723         37.4232         4.07307 
        3.85337         37.2914         4.05696 
        3.85951         37.1041         4.04094 
        3.86565         36.9952         4.02502 
        3.87178         36.8059          4.0092 
        3.87791         36.6348         3.99346 
        3.88405         36.5309         3.97779 
        3.89019         36.3397         3.96221 
        3.89632          36.217         3.94672 
        3.90246         36.0283         3.93131 
         3.9086         35.9047         3.91597 
        3.91473         35.7856         3.90074 
        3.92086         35.6271          3.8856 
        3.92699         35.5137         3.87051 
        3.93313         35.3288          3.8555 
        3.93927         35.1694         3.84059 
         3.9454         35.0596         3.82575 
        3.95154         34.9033         3.81097 
        3.95768         34.7369         3.79628 
        3.96382         34.6209         3.78167 
        3.96995         34.4363         3.76714 
        3.97609         34.3562         3.75269 
        3.98222         34.2106         3.73833 
        3.98836         34.0934         3.72402 
         3.9945         33.9006          3.7098 
        4.00063         33.7654         3.69565 
        4.00677         33.6076         3.68157 
        4.01291         33.5206         3.66756 
        4.01904         33.3657         3.65365 
        4.02517         33.2468         3.63981 
        4.03131         33.0911         3.62601 
        4.03745         32.9595         3.61229 
        4.04358         32.8092         3.59866 
        4.04972         32.6814         3.58509 
        4.05585         32.5727          3.5716 
        4.06199         32.4262         3.55816 
        4.06812         32.2934         3.54481 
        4.07426         32.1884         3.53152 
         4.0804         32.0406         3.51829 
        4.08654         31.9201         3.50513 
        4.09267         31.7892         3.49206 
         4.0988         31.6388         3.47906 
        4.10494         31.5475         3.46611 
        4.11108         31.4208         3.45321 
        4.11721          31.275          3.4404 
        4.12334         31.1796         3.42766 
        4.12948         31.0365         3.41497 
        4.13561         30.9222         3.40235 
        4.14176         30.7942         3.38978 
        4.14789         30.6819         3.37728 
        4.15403         30.5256         3.36485 
        4.16016         30.4316         3.35248 
         4.1663         30.3228         3.34018 
        4.17243         30.1872         3.32794 
        4.17857         30.0608         3.31576 
        4.18471         29.9567         3.30364 
        4.19084           29.82         3.29158 
        4.19698         29.7154         3.27958 
        4.20312         29.5716         3.26764 
        4.20925         29.4583         3.25576 
        4.21538          29.353         3.24395 
        4.22152          29.232         3.23219 
        4.22766         29.1277         3.22048 
         4.2338         28.9943         3.20885 
        4.23993         28.9274         3.19726 
        4.24607         28.7911         3.18574 
         4.2522         28.6784         3.17426 
        4.25834         28.5722         3.16285 
        4.26447         28.4186          3.1515 
        4.27061          28.343         3.14021 
        4.27674         28.2528         3.12896 
        4.28288         28.1651         3.11777 
        4.28902         27.9774         3.10663 
        4.29515         27.9125         3.09556 
        4.30129         27.8016         3.08454 
        4.30743         27.6991         3.07356 
        4.31356         27.5811         3.06264 
        4.31969         27.4755         3.05179 
        4.32583         27.3881         3.04099 
        4.33197         27.2661         3.03022 
         4.3381         27.1296         3.01951 
        4.34424         27.0552         3.00886 
        4.35038         26.9913         2.99825 
        4.35652         26.8574          2.9877 
        4.36265          26.736         2.97721 
        4.36878         26.6613         2.96677 
        4.37492         26.5279         2.95636 
        4.38106          26.449         2.94601 
        4.38719         26.3508         2.93572 
        4.39333         26.2682         2.92548 
        4.39946         26.1448         2.91528 
         4.4056         26.0478         2.90513 
        4.41173         25.9626         2.89503 
        4.41786          25.862         2.88499 
          4.424         25.7784         2.87499 
        4.43014         25.6672         2.86502 
        4.43628         25.5689         2.85511 
        4.44241         25.4748         2.84525 
        4.44855         25.3542         2.83543 
        4.45469         25.2883         2.82566 
        4.46083         25.1495         2.81594 
        4.46696         25.0826         2.80627 
        4.47309         24.9812         2.79664 
        4.47923         24.9026         2.78705 
        4.48537         24.8314         2.77752 
         4.4915         24.7287         2.76803 
        4.49764         24.6159         2.75857 
        4.50378         24.5329         2.74916 
        4.50991         24.4414         2.73981 
        4.51604         24.3454          2.7305 
        4.52218         24.2649         2.72122 
        4.52832         24.1724         2.71199 
        4.53445         24.0637         2.70281 
        4.54059         23.9701         2.69366 
        4.54673         23.8973         2.68456 
        4.55286         23.8212          2.6755 
          4.559         23.7026         2.66648 
        4.56513         23.6572         2.65751 
        4.57127         23.5472         2.64858 
        4.57741           23.47         2.63968 
        4.58354         23.3752         2.63083 
        4.58968         23.3023         2.62202 
        4.59582         23.2055         2.61325 
        4.60195         23.1229         2.60452 
        4.60809         23.0343         2.59584 
        4.61422          22.959         2.58719 
        4.62036         22.8747         2.57858 
        4.62649         22.7801         2.57001 
        4.63263         22.7068         2.56148 
        4.63876         22.6291         2.55299 
         4.6449         22.5583         2.54453 
        4.65104         22.4819         2.53612 
        4.65717         22.3767         2.52774 
        4.66331         22.2816         2.51941 
        4.66944         22.2168          2.5111 
        4.67558         22.1379         2.50285 
        4.68171         22.0842         2.49462 
        4.68785         21.9925         2.48643 
        4.69399         21.9035         2.47828 
        4.70012         21.8309         2.47017 
        4.70625         21.7358         2.46209 
        4.71239         21.6749         2.45405 
        4.71853         21.5807         2.44604 
        4.72467         21.5173         2.43807 
         4.7308         21.4436         2.43014 
        4.73694         21.3688         2.42224 
        4.74308         21.2949         2.41438 
        4.74922         21.2103         2.40655 
        4.75535         21.1475         2.39876 
        4.76148         21.0678         2.39101 
        4.76762         20.9912         2.38328 
        4.77376         20.9219         2.37559 
        4.77989          20.861         2.36794 
        4.78602         20.7867         2.36032 
        4.79216         20.7189         2.35273 
         4.7983         20.6146         2.34518 
        4.80443         20.5556         2.33767 
        4.81056         20.4794         2.33018 
         4.8167         20.4173         2.32272 
        4.82284         20.3353          2.3153 
        4.82898         20.2804         2.30791 
        4.83511         20.1998         2.30056 
        4.84125         20.1422         2.29323 
        4.84739         20.0842         2.28594 
        4.85352         19.9999         2.27869 
        4.85965         19.9327         2.27146 
        4.86579          19.881         2.26426 
        4.87193         19.7946         2.25709 
        4.87807         19.7335         2.24996 
         4.8842         19.6755         2.24286 
        4.89034         19.6045         2.23579 
        4.89647         19.5103         2.22874 
        4.90261         19.4602         2.22174 
        4.90874         19.3895         2.21476 
        4.91488         19.3267         2.20781 
        4.92102         19.2538         2.20089 
        4.92715         19.1926           2.194 
        4.93329         19.1112         2.18714 
        4.93942         19.0774         2.18031 
        4.94556         19.0156          2.1735 
         4.9517         18.9535         2.16673 
        4.95783         18.8687         2.15999 
        4.96397         18.8022         2.15327 
        4.97011         18.7517         2.14658 
        4.97624         18.6925         2.13993 
        4.98238         18.6382          2.1333 
        4.98851         18.5662          2.1267 
        4.99465         18.4995         2.12013 
        5.00078         18.4448         2.11359 
        5.00691         18.3792         2.10708 
        5.01305         18.3344         2.10059 
        5.01919         18.2456         2.09412 
        5.02533         18.2095         2.08768 
        5.03146         18.1459         2.08128 
         5.0376         18.0861          2.0749 
        5.04374         18.0286         2.06855 
        5.04987         17.9731         2.06222 
        5.05601         17.9242         2.05592 
        5.06215         17.8445         2.04965 
        5.06829         17.7912          2.0434 
        5.07442         17.7331         2.03718 
        5.08055         17.6765         2.03099 
        5.08668         17.6271         2.02482 
        5.09282         17.5521         2.01868 
        5.09896         17.5092         2.01256 
        5.10509          17.447         2.00647 
        5.11123         17.3854         2.00041 
        5.11736         17.3447         1.99437 
         5.1235         17.3001         1.98835 
        5.12964         17.2373         1.98236 
        5.13577         17.1941         1.97639 
        5.14191         17.1134         1.97045 
        5.14804         17.0773         1.96454 
        5.15418         17.0144         1.95865 
        5.16032         16.9711         1.95278 
        5.16645         16.9201         1.94693 
        5.17259         16.8704         1.94111 
        5.17872         16.7929         1.93532 
        5.18486         16.7358         1.92954 
          5.191         16.7061         1.92379 
        5.19713         16.6518         1.91807 
        5.20327         16.5954         1.91237 
        5.20941         16.5376         1.90669 
        5.21555         16.4907         1.90103 
        5.22168         16.4438          1.8954 
        5.22781         16.4021          1.8898 
        5.23395          16.353         1.88421 
        5.24009         16.2993         1.87865 
        5.24622         16.2387         1.87311 
        5.25236         16.1967         1.86759 
         5.2585         16.1414         1.86209 
        5.26463          16.089         1.85662 
        5.27077         16.0457         1.85117 
         5.2769         16.0082         1.84574 
        5.28304         15.9438         1.84034 
        5.28917         15.8921         1.83495 
         5.2953         15.8534         1.82959 
        5.30144         15.8122         1.82425 
        5.30757         15.7641         1.81893 
        5.31371          15.709         1.81363 
        5.31985         15.6609         1.80835 
        5.32599          15.609         1.80309 
        5.33213         15.5805         1.79785 
        5.33826         15.5307         1.79264 
         5.3444           15.48         1.78744 
        5.35053         15.4396         1.78227 
        5.35667         15.3983         1.77712 
        5.36281         15.3486         1.77198 
        5.36894         15.3064         1.76687 
        5.37507         15.2694         1.76178 
        5.38121         15.2314         1.75671 
        5.38735         15.1707         1.75166 
        5.39348         15.1385         1.74663 
        5.39961         15.0936         1.74162 
        5.40575         15.0389         1.73662 
        5.41189         15.0065         1.73165 
        5.41803         14.9601          1.7267 
        5.42416         14.9185         1.72177 
         5.4303         14.8616         1.71685 
        5.43644         14.8424         1.71196 
        5.44257         14.7884         1.70708 
        5.44871         14.7402         1.70223 
        5.45484         14.7103         1.69739 
        5.46098         14.6848         1.69257 
        5.46712         14.6401         1.68777 
        5.47325         14.5894         1.68299 
        5.47938         14.5517         1.67823 
        5.48552         14.5201         1.67349 
        5.49165          14.466         1.66877 
        5.49779         14.4256         1.66406 
        5.50393         14.3952         1.65937 
        5.51006         14.3594          1.6547 
         5.5162         14.3214         1.65004 
        5.52234         14.2686         1.64541 
        5.52847          14.236         1.64079 
        5.53461         14.1928         1.63619 
        5.54075          14.158         1.63161 
        5.54688          14.121         1.62705 
        5.55302         14.0947          1.6225 
        5.55915         14.0632         1.61798 
        5.56529         14.0043         1.61347 
        5.57143         13.9901         1.60897 
        5.57756          13.948         1.60449 
         5.5837         13.9053         1.60004 
        5.58983         13.8798          1.5956 
        5.59597         13.8333         1.59117 
         5.6021         13.8012         1.58676 
        5.60824         13.7652         1.58237 
        5.61438         13.7466           1.578 
        5.62051         13.7039         1.57364 
        5.62665         13.6648          1.5693 
        5.63278         13.6327         1.56497 
        5.63892         13.6015         1.56066 
        5.64505         13.5532         1.55637 
        5.65119         13.5304          1.5521 
        5.65733          13.503         1.54784 
        5.66346         13.4739         1.54359 
         5.6696         13.4307         1.53937 
        5.67573         13.4007         1.53515 
        5.68187         13.3745         1.53096 
          5.688         13.3396         1.52678 
        5.69414         13.3084         1.52261 
        5.70028         13.2794         1.51846 
        5.70642         13.2482         1.51433 
        5.71255         13.2174         1.51021 
        5.71869         13.1848         1.50611 
        5.72482         13.1525         1.50202 
        5.73096         13.1328         1.49795 
        5.73709         13.0878          1.4939 
        5.74322         13.0679         1.48986 
        5.74936         13.0453         1.48583 
         5.7555         13.0118         1.48181 
        5.76164         12.9771         1.47782 
        5.76777          12.954         1.47384 
        5.77391         12.9241         1.46987 
        5.78005         12.8837         1.46591 
        5.78618         12.8639         1.46198 
        5.79231         12.8321         1.45806 
        5.79845         12.8223         1.45415 
        5.80459         12.7874         1.45025 
        5.81073         12.7598         1.44637 
        5.81686          12.733         1.44251 
          5.823         12.7022         1.43865 
        5.82914         12.6797         1.43481 
        5.83527         12.6647         1.43099 
         5.8414         12.6191         1.42719 
        5.84754          12.602         1.42339 
        5.85368         12.5782         1.41961 
        5.85981         12.5509         1.41584 
        5.86595         12.5324         1.41209 
        5.87208         12.5027         1.40835 
        5.87822         12.4784         1.40462 
        5.88435         12.4469         1.40091 
        5.89049         12.4219         1.39721 
        5.89662         12.4031         1.39352 
        5.90276         12.3876         1.38985 
         5.9089         12.3672         1.38619 
        5.91503         12.3318         1.38254 
        5.92117         12.3132         1.37891 
        5.92731         12.2963         1.37529 
        5.93344         12.2707         1.37168 
        5.93958          12.246         1.36809 
        5.94572         12.2296         1.36451 
        5.95186         12.2027         1.36094 
        5.95799         12.1916         1.35738 
        5.96412         12.1576         1.35384 
        5.97026         12.1522         1.35031 
         5.9764         12.1256         1.34679 
        5.98253         12.1034         1.34329 
        5.98866         12.0792          1.3398 
         5.9948         12.0658         1.33632 
        6.00094         12.0477         1.33285 
        6.00707         12.0173          1.3294 
        6.01321         12.0039         1.32596 
        6.01935         11.9818         1.32253 
        6.02548         11.9736         1.31911 
        6.03162         11.9478          1.3157 
        6.03775         11.9355         1.31231 
        6.04389          11.909         1.30893 
        6.05003         11.9038         1.30556 
        6.05617         11.8768          1.3022 
         6.0623         11.8674         1.29885 
        6.06844         11.8468         1.29552 
        6.07457         11.8379          1.2922 
         6.0807         11.8112         1.28889 
        6.08684         11.8067         1.28559 
        6.09298         11.7735          1.2823 
        6.09912         11.7649         1.27902 
        6.10525         11.7608         1.27576 
        6.11138         11.7345         1.27251 
        6.11752         11.7251         1.26927 
        6.12366         11.7062         1.26604 
        6.12979         11.6945         1.26282 
        6.13593          11.678         1.25961 
        6.14207         11.6717         1.25642 
         6.1482         11.6514         1.25323 
        6.15434         11.6416         1.25006 
        6.16047         11.6244         1.24689 
        6.16661          11.612         1.24374 
        6.17274         11.5994          1.2406 
        6.17887         11.5984         1.23747 
        6.18501         11.5828         1.23435 
        6.19115         11.5666         1.23124 
        6.19729         11.5618         1.22814 
        6.20342         11.5434         1.22506 
        6.20956         11.5381         1.22198 
         6.2157         11.5342         1.21891 
        6.22183         11.5094         1.21586 
        6.22797         11.5018         1.21282 
         6.2341         11.5007         1.20978 
        6.24024         11.4923         1.20676 
        6.24638         11.4861         1.20374 
        6.25251         11.4778         1.20074 
        6.25865         11.4704         1.19775 
        6.26478         11.4484         1.19477 
        6.27092         11.4489          1.1918 
        6.27705         11.4316         1.18884 
        6.28318         11.4273         1.18588 
