# k  (h/Mpc)    Pcb(k)  (Mpc/h)^3    Pcb_linear(k)  (Mpc/h)^3
     0.00783031         8987.15         9041.62 
       0.013688         10513.3         10732.2 
       0.019231         10314.8           10427 
      0.0249154         9214.56          9177.5 
      0.0312784         7463.49          7485.3 
      0.0375637         5986.89         6032.87 
      0.0433917         5069.93         5057.92 
      0.0492413         4411.45         4424.62 
      0.0555754          4035.1         4016.44 
      0.0619321         3675.25         3749.64 
       0.067871         3487.75         3513.93 
      0.0738098         3219.97         3226.85 
      0.0800417         2871.45         2861.71 
      0.0862327         2478.04         2473.23 
      0.0921407          2151.9         2130.34 
      0.0982031         1896.33         1846.63 
       0.104506         1666.41          1640.9 
       0.110769         1548.91         1517.25 
       0.116806         1497.25         1449.75 
       0.122832         1428.72         1403.16 
       0.129052         1371.05         1348.73 
       0.135211         1312.36         1271.39 
       0.141259         1200.15         1171.15 
       0.147318         1082.93         1057.51 
       0.153489         985.355         944.763 
       0.159709         912.343         848.826 
       0.165845         825.734          778.91 
       0.171974         802.291         733.212 
       0.178125         772.121         705.374 
       0.184229         729.858         686.469 
        0.19034         717.361         667.108 
       0.196428         692.723         641.004 
       0.202534         641.669         605.961 
       0.208729         620.119         563.705 
       0.214876         583.775         520.141 
       0.220989          538.05         480.449 
       0.227147         519.129         447.775 
        0.23329         496.113         423.644 
       0.239377         486.558          406.96 
       0.245482         463.384         394.859 
       0.251667         446.444         384.121 
       0.257832          441.44         372.157 
       0.263955         416.445          357.57 
       0.270079         398.712          340.28 
        0.27624          379.98         321.384 
       0.282372         367.829         302.874 
        0.28843         362.214         286.399 
       0.294538         342.712         272.578 
       0.300721         330.549         261.524 
        0.30691         324.979         252.853 
       0.313033         310.222         245.604 
       0.319153           305.2         238.645 
       0.325316         297.552         231.105 
        0.33145         289.047         222.767 
       0.337538         277.989         213.765 
       0.343633         268.887         204.534 
       0.349808         260.623         195.512 
       0.355968         254.575         187.362 
       0.362074         246.697         180.343 
       0.368217         243.171         174.339 
       0.374374         237.102         169.137 
       0.380519         227.298         164.385 
       0.386598         223.702         159.806 
       0.392688         217.151         155.083 
        0.39888         212.407         150.065 
       0.405048         207.432         144.938 
       0.411186         205.162         139.849 
       0.417313          200.67         134.983 
       0.423458          195.22          130.48 
       0.429607         189.994         126.388 
       0.435692         186.863         122.738 
       0.441815         182.591         119.387 
       0.447964         177.361         116.205 
       0.454126         174.482         113.087 
       0.460267         172.355         109.995 
       0.466387         168.112         106.898 
        0.47254         166.126         103.778 
       0.478662         160.895         100.739 
       0.484765         158.611         97.8379 
       0.490885         155.757          95.089 
       0.497035           153.8         92.4975 
       0.503198         151.617         90.0762 
       0.509342         147.604         87.8088 
       0.515458         145.363         85.6465 
       0.521598         141.793         83.5283 
       0.527764         140.464         81.4335 
       0.533884         139.475         79.3905 
           0.54         135.955         77.3885 
       0.546137         132.826          75.427 
       0.552299          131.08         73.5204 
       0.558452         128.807         71.6967 
       0.564573         128.133         69.9733 
       0.570708         124.651           68.33 
       0.576825         123.134           66.76 
       0.582926          121.76         65.2453 
       0.589034         119.682         63.7676 
       0.595184          118.39          62.316 
       0.601379         116.015         60.8911 
       0.607522         113.572         59.5154 
       0.613639          112.75         58.1828 
       0.619772         111.035         56.8856 
       0.625918         110.239         55.6262 
       0.632068         107.614         54.4083 
       0.638161         106.558         53.2447 
         0.6443         105.776         52.1138 
       0.650464          103.52         51.0166 
       0.656582         102.968         49.9603 
       0.662703         101.746          48.932 
       0.668861         99.5867         47.9227 
       0.675024         99.5501         46.9361 
       0.681124         97.8043         45.9839 
       0.687237         96.4245          45.055 
       0.693381         95.2938         44.1476 
       0.699536         94.2783         43.2658 
       0.705665         93.1584         42.4147 
       0.711789         91.8609         41.5898 
       0.717957         90.7012         40.7829 
        0.72409         89.7925         40.0027 
       0.730186         89.4663         39.2476 
       0.736317         88.0658         38.5071 
       0.742472         86.6343         37.7817 
       0.748622         85.3569         37.0746 
        0.75476         85.4292         36.3864 
       0.760888         84.5585         35.7163 
       0.767043          82.858         35.0604 
       0.773185         81.8476         34.4226 
       0.779291         81.0083         33.8047 
       0.785407         80.3206         33.2017 
       0.791564         79.8135         32.6101 
       0.797719         78.5683         32.0336 
       0.803834         78.2761          31.475 
       0.809972         77.5511         30.9279 
       0.816124         76.3631         30.3928 
       0.822261         75.5384         29.8717 
       0.828378         75.3499         29.3643 
       0.834502         74.4016         28.8683 
       0.840667         73.8291         28.3804 
       0.846816           73.08         27.9052 
       0.852925         72.1824         27.4438 
       0.859047         71.8425         26.9919 
       0.865192         70.9883         26.5488 
       0.871341         70.2629         26.1153 
       0.877463         69.6337         25.6935 
       0.883569         69.5583         25.2822 
       0.889708          68.791         24.8778 
       0.895864         68.2489         24.4813 
       0.902008         67.4513         24.0943 
       0.908149         66.6138         23.7159 
       0.914301          66.402         23.3451 
       0.920448         66.2826         22.9826 
       0.926574         64.8508         22.6291 
       0.932687         64.6787         22.2838 
       0.938823         64.2079         21.9445 
       0.944975          63.433         21.6114 
       0.951105         62.8792         21.2866 
       0.957225         62.6659         20.9689 
       0.963368          62.034         20.6567 
       0.969511         61.6295         20.3509 
       0.975621         60.9508         20.0529 
       0.981748         60.5219         19.7602 
       0.987916         59.9933         19.4714 
        0.99406         59.8049         19.1895 
        1.00019         59.0035         18.9138 
        1.00632         58.5569         18.6438 
        1.01246         58.2453         18.3786 
        1.01859         57.9652          18.119 
        1.02471         57.4298         17.8648 
        1.03085         56.9094         17.6146 
        1.03698         56.5681         17.3697 
        1.04314         56.1027         17.1285 
        1.04929          55.711         16.8924 
        1.05541         55.3472         16.6618 
        1.06154         54.9556         16.4349 
        1.06769         54.5056         16.2118 
        1.07382         53.9647         15.9937 
        1.07993         53.8261         15.7801 
        1.08607          53.368         15.5695 
        1.09222         53.1386         15.3625 
        1.09836         52.7013         15.1596 
        1.10449         52.3764         14.9606 
        1.11063         51.9732         14.7649 
        1.11677         51.7616         14.5729 
         1.1229         51.2226         14.3845 
        1.12903         51.0149         14.1994 
        1.13518          50.763         14.0174 
        1.14131         50.2991         13.8386 
        1.14745         50.0479         13.6631 
        1.15359         49.4188         13.4906 
        1.15973         49.4377          13.321 
        1.16584         49.0473         13.1551 
        1.17197         48.6199         12.9918 
        1.17811         48.3536         12.8308 
        1.18424         47.7573          12.673 
        1.19038          47.664         12.5174 
        1.19652         47.4395         12.3644 
        1.20267         47.0616          12.214 
        1.20881         46.7813         12.0662 
        1.21495         46.5464          11.921 
        1.22108         46.4612         11.7782 
         1.2272         45.9099         11.6381 
        1.23334         45.7566            11.5 
        1.23949         45.4219         11.3638 
        1.24562         45.1289         11.2301 
        1.25174         44.9005         11.0989 
        1.25789         44.7118         10.9693 
        1.26402         44.3939          10.842 
        1.27014          44.251          10.717 
        1.27628         43.8121         10.5937 
        1.28244         43.8153         10.4721 
        1.28858         43.3911         10.3525 
        1.29471          43.044         10.2351 
        1.30084         42.7022         10.1196 
        1.30697         42.7806         10.0057 
        1.31312         42.4277         9.89336 
        1.31925         42.0811         9.78314 
        1.32537         41.8612         9.67471 
        1.33151         41.6117         9.56754 
        1.33765         41.4685         9.46206 
        1.34378         41.2155         9.35838 
        1.34992         40.9762         9.25618 
        1.35606         40.6213         9.15529 
         1.3622         40.5395         9.05608 
        1.36833         40.3695         8.95859 
        1.37445         39.9368         8.86258 
        1.38059         39.8311         8.76768 
        1.38675         39.5339         8.67395 
        1.39288         39.4518         8.58196 
        1.39901         39.1115         8.49135 
        1.40515         38.9983         8.40184 
         1.4113         38.8832         8.31366 
        1.41742         38.5897         8.22707 
        1.42355         38.3846         8.14156 
         1.4297         38.2477           8.057 
        1.43585          38.012         7.97368 
        1.44198         37.7281         7.89185 
        1.44809          37.491         7.81133 
        1.45423         37.4071         7.73163 
        1.46036         37.2613         7.65319 
        1.46649          36.965          7.5758 
        1.47263         36.7881         7.49943 
        1.47877          36.629         7.42414 
        1.48491         36.4039         7.34977 
        1.49104         36.1992         7.27657 
        1.49718         36.0932         7.20432 
        1.50333         35.9234         7.13293 
        1.50947         35.6726         7.06265 
         1.5156         35.5636         6.99343 
        1.52172         35.2934         6.92513 
        1.52787          35.212         6.85761 
          1.534         34.9291         6.79107 
        1.54013          34.974         6.72548 
        1.54627         34.6311         6.66064 
        1.55241         34.4872         6.59664 
        1.55855         34.3251         6.53357 
        1.56467         34.0523          6.4715 
         1.5708         34.0634         6.41007 
        1.57695          33.867         6.34933 
        1.58308         33.6029         6.28953 
        1.58922         33.4782         6.23045 
        1.59535         33.4096         6.17216 
         1.6015         33.3199         6.11453 
        1.60764         33.0212         6.05766 
        1.61376          32.866         6.00167 
        1.61989         32.6349         5.94634 
        1.62604         32.5348         5.89159 
        1.63218         32.2684         5.83756 
        1.63831         32.2538         5.78433 
        1.64444         32.1167         5.73174 
        1.65059         31.8963         5.67968 
        1.65673         31.7799         5.62833 
        1.66285         31.6872         5.57775 
        1.66898         31.4844         5.52777 
        1.67512         31.3288         5.47831 
        1.68127         31.2108         5.42941 
         1.6874         31.0928         5.38122 
        1.69353         30.9343         5.33364 
        1.69967         30.8213         5.28652 
        1.70581         30.6193         5.23999 
        1.71193          30.494         5.19419 
        1.71806         30.3953         5.14885 
        1.72421         30.2271         5.10395 
        1.73035         30.0907         5.05965 
        1.73649         29.9054         5.01587 
        1.74262         29.7257         4.97265 
        1.74876         29.8097         4.92991 
        1.75489         29.5278         4.88776 
        1.76101         29.4504         4.84612 
        1.76715         29.2575          4.8049 
        1.77329         29.0574         4.76411 
        1.77943          29.079         4.72377 
        1.78557         28.9594         4.68397 
        1.79171         28.7765         4.64461 
        1.79785         28.6887         4.60569 
        1.80399         28.5043         4.56723 
        1.81012         28.4237         4.52927 
        1.81625         28.2025         4.49174 
        1.82239         28.1169         4.45459 
        1.82853         28.0252         4.41788 
        1.83466         27.8758         4.38161 
        1.84078         27.7374         4.34579 
        1.84692         27.6057         4.31031 
        1.85306         27.4748         4.27518 
         1.8592         27.3998          4.2405 
        1.86533         27.2932         4.20623 
        1.87147         27.1604         4.17229 
        1.87761         27.0208         4.13871 
        1.88375         26.9153         4.10554 
        1.88988         26.8099         4.07277 
        1.89601         26.6635         4.04033 
        1.90215         26.5507         4.00823 
        1.90829         26.4571         3.97648 
        1.91442          26.326         3.94508 
        1.92056         26.2431         3.91404 
         1.9267          26.176         3.88331 
        1.93284         26.0486         3.85289 
        1.93897         25.9423         3.82285 
        1.94509         25.8017         3.79319 
        1.95123         25.7204         3.76377 
        1.95737         25.5985         3.73465 
        1.96349         25.5485          3.7059 
        1.96964         25.3855         3.67738 
        1.97578         25.2483         3.64914 
        1.98192         25.1427         3.62126 
        1.98805         25.0312         3.59366 
        1.99419         24.9374         3.56635 
        2.00033         24.8372         3.53931 
        2.00647         24.7797         3.51256 
         2.0126         24.6019         3.48612 
        2.01874         24.5519         3.45992 
        2.02488         24.3936         3.43397 
        2.03101         24.3094         3.40833 
        2.03714         24.2298         3.38297 
        2.04328         24.1265         3.35785 
        2.04941         23.9857         3.33299 
        2.05554         23.9255         3.30841 
        2.06167         23.8329         3.28404 
        2.06781         23.7238         3.25992 
        2.07396         23.6274           3.236 
        2.08009         23.4996         3.21236 
        2.08622         23.4429         3.18898 
        2.09237         23.3309         3.16579 
        2.09851         23.2821         3.14283 
        2.10464         23.1352         3.12013 
        2.11077         23.0876         3.09769 
        2.11691         22.9331         3.07541 
        2.12305         22.8758         3.05335 
        2.12918         22.7658         3.03157 
        2.13531         22.6762         3.00999 
        2.14145         22.6092         2.98857 
         2.1476         22.4985         2.96733 
        2.15372         22.4395         2.94641 
        2.15985         22.3056         2.92567 
        2.16599         22.1873         2.90507 
        2.17213         22.1434         2.88468 
        2.17827         22.0535          2.8645 
         2.1844         21.9346         2.84453 
        2.19054         21.9185         2.82474 
        2.19666         21.7752         2.80517 
         2.2028         21.7441         2.78576 
        2.20893         21.6457         2.76653 
        2.21508         21.5534         2.74746 
        2.22122         21.4588         2.72856 
        2.22736         21.3903         2.70988 
        2.23349         21.3048         2.69138 
        2.23962         21.2179         2.67303 
        2.24577         21.1151         2.65485 
         2.2519         21.0153         2.63686 
        2.25802         20.9081         2.61906 
        2.26417         20.8338         2.60138 
        2.27031         20.7601         2.58384 
        2.27644         20.7127         2.56652 
        2.28257         20.6404         2.54935 
        2.28872          20.566         2.53232 
        2.29486         20.4791         2.51544 
        2.30099         20.3629         2.49874 
        2.30712         20.3162         2.48219 
        2.31326         20.2134         2.46577 
         2.3194         20.1562          2.4495 
        2.32553         20.0793          2.4334 
        2.33166         19.9939         2.41746 
         2.3378         19.9082         2.40163 
        2.34394         19.8412         2.38595 
        2.35007         19.7684         2.37042 
        2.35619         19.7285         2.35505 
        2.36233         19.5859         2.33978 
        2.36848         19.5457         2.32462 
        2.37462         19.5067         2.30962 
        2.38075         19.3898         2.29476 
        2.38689         19.2879         2.28003 
        2.39303         19.2494         2.26543 
        2.39916         19.1485         2.25096 
        2.40529         19.1043         2.23663 
        2.41143         19.0024         2.22241 
        2.41757         18.9054         2.20831 
         2.4237           18.87         2.19435 
        2.42983         18.7792         2.18052 
        2.43598           18.69         2.16677 
        2.44211         18.6428         2.15316 
        2.44823         18.5465          2.1397 
        2.45437         18.5202         2.12631 
        2.46052         18.4427         2.11303 
        2.46665         18.3855         2.09989 
        2.47279         18.2854         2.08686 
        2.47892         18.2309         2.07393 
        2.48507         18.1691          2.0611 
         2.4912         18.1044         2.04841 
        2.49733         18.0249         2.03582 
        2.50347          17.962         2.02332 
        2.50961         17.9093         2.01093 
        2.51575         17.8296         1.99864 
        2.52188         17.7216         1.98647 
        2.52802         17.7056         1.97439 
        2.53416         17.6245         1.96241 
        2.54029         17.5118         1.95054 
        2.54641         17.4775         1.93878 
        2.55255         17.4097          1.9271 
        2.55869         17.3571          1.9155 
        2.56483         17.2891         1.90401 
        2.57096         17.1979         1.89263 
        2.57709         17.1643         1.88134 
        2.58323         17.0849         1.87012 
        2.58937         17.0262           1.859 
        2.59551         16.9503         1.84798 
        2.60164         16.9295         1.83705 
        2.60778         16.8388         1.82619 
        2.61392         16.7567         1.81543 
        2.62006         16.6903         1.80476 
        2.62619         16.6504         1.79418 
        2.63232         16.6001         1.78369 
        2.63846         16.5289         1.77327 
        2.64459         16.4789         1.76294 
        2.65072          16.425          1.7527 
        2.65686         16.3442         1.74254 
          2.663         16.2994         1.73244 
        2.66915         16.2426         1.72242 
        2.67527         16.1686         1.71251 
        2.68141         16.1192         1.70266 
        2.68755         16.0484         1.69289 
        2.69368         16.0146          1.6832 
        2.69981         15.8901          1.6736 
        2.70595         15.9124         1.66405 
        2.71209         15.8135         1.65457 
        2.71823         15.7454         1.64518 
        2.72436         15.7075         1.63586 
         2.7305         15.6483         1.62662 
        2.73663         15.5849         1.61744 
        2.74276         15.5282         1.60835 
         2.7489         15.4858         1.59931 
        2.75504         15.4282         1.59034 
        2.76118         15.3627         1.58143 
        2.76732         15.3022         1.57261 
        2.77345         15.2423         1.56385 
        2.77959         15.2038         1.55516 
        2.78572         15.1456         1.54653 
        2.79186         15.0798         1.53798 
        2.79798         15.0363         1.52949 
        2.80412         14.9768         1.52106 
        2.81027         14.9513         1.51268 
         2.8164         14.8706         1.50438 
        2.82253         14.8422         1.49614 
        2.82867         14.7596         1.48796 
        2.83481         14.7051         1.47984 
        2.84095         14.6571         1.47178 
        2.84708         14.6087         1.46379 
        2.85322         14.5514         1.45585 
        2.85935         14.5085         1.44797 
        2.86549         14.4709         1.44015 
        2.87162         14.3838         1.43239 
        2.87776          14.349         1.42469 
        2.88389         14.2867         1.41704 
        2.89003         14.2445         1.40945 
        2.89617         14.1844         1.40192 
        2.90231         14.1245         1.39443 
        2.90844         14.0867         1.38701 
        2.91458         14.0616         1.37964 
        2.92071         14.0138         1.37233 
        2.92684         13.9692         1.36506 
        2.93298         13.9176         1.35785 
         2.9391         13.8692         1.35071 
        2.94524         13.8029          1.3436 
        2.95138          13.782         1.33654 
        2.95752         13.7249         1.32953 
        2.96367         13.6613         1.32256 
         2.9698          13.604         1.31566 
        2.97594         13.5629         1.30881 
        2.98207         13.5181           1.302 
        2.98821         13.4596         1.29524 
        2.99434         13.4328         1.28854 
        3.00048          13.378         1.28187 
        3.00662         13.3322         1.27525 
        3.01275         13.2974         1.26869 
        3.01888         13.2744         1.26217 
        3.02503         13.1912         1.25569 
        3.03117         13.1295         1.24926 
        3.03729         13.1049         1.24289 
        3.04342         13.0497         1.23655 
        3.04957         13.0052         1.23024 
         3.0557         12.9747         1.22399 
        3.06183         12.9203          1.2178 
        3.06796         12.8921         1.21164 
        3.07411         12.8416          1.2055 
        3.08025         12.8007         1.19942 
        3.08637         12.7452          1.1934 
         3.0925         12.7062         1.18741 
        3.09865         12.6644         1.18144 
         3.1048         12.6268         1.17552 
        3.11093         12.5863         1.16965 
        3.11706         12.5359         1.16382 
         3.1232          12.483         1.15803 
        3.12933         12.4482         1.15228 
        3.13547         12.4073         1.14656 
        3.14159         12.3648          1.1409 
        3.14773         12.3485         1.13526 
        3.15388         12.2987         1.12965 
        3.16001         12.2243          1.1241 
        3.16614         12.1965         1.11858 
        3.17228         12.1612         1.11309 
        3.17842         12.1283         1.10764 
        3.18455         12.0854         1.10223 
        3.19068         12.0321         1.09686 
        3.19682          12.003         1.09152 
        3.20297          11.975         1.08621 
         3.2091         11.9297         1.08094 
        3.21524         11.8853          1.0757 
        3.22138         11.8405          1.0705 
         3.2275         11.8156         1.06535 
        3.23363         11.7851         1.06022 
        3.23977         11.7294         1.05513 
        3.24591         11.6946         1.05006 
        3.25205         11.6578         1.04503 
        3.25818         11.6292         1.04003 
        3.26432         11.5826         1.03507 
        3.27046         11.5289         1.03014 
         3.2766          11.502         1.02524 
        3.28273         11.4496         1.02037 
        3.28887          11.417         1.01554 
          3.295         11.3853         1.01073 
        3.30113         11.3603         1.00596 
        3.30727         11.3107         1.00122 
        3.31341         11.2853        0.996511 
        3.31954         11.2401        0.991833 
        3.32568         11.2084         0.98718 
        3.33182         11.1725        0.982558 
        3.33795          11.128        0.977971 
        3.34409          11.082        0.973407 
        3.35022          11.061        0.968873 
        3.35636         11.0241        0.964372 
         3.3625         10.9793        0.959895 
        3.36864         10.9607        0.955448 
        3.37477          10.917        0.951029 
        3.38091         10.8662        0.946641 
        3.38704         10.8434        0.942281 
        3.39318         10.7969        0.937946 
        3.39931         10.7828        0.933638 
        3.40545         10.7338        0.929359 
        3.41158         10.7003        0.925106 
        3.41772         10.6606         0.92088 
        3.42385         10.6342        0.916683 
        3.42998         10.6106        0.912511 
        3.43612         10.5651        0.908365 
        3.44226         10.5349        0.904241 
         3.4484          10.497        0.900139 
        3.45453         10.4776        0.896071 
        3.46066         10.4266         0.89203 
        3.46681         10.3918        0.888003 
        3.47295         10.3659        0.884003 
        3.47908         10.3395        0.880038 
        3.48521         10.3016        0.876095 
        3.49135         10.2563         0.87217 
        3.49749         10.2292        0.868271 
        3.50362         10.1884        0.864397 
        3.50976         10.1625        0.860548 
        3.51589         10.1332        0.856721 
        3.52203         10.0914        0.852918 
        3.52816         10.0527        0.849143 
        3.53429         10.0271        0.845386 
        3.54043         10.0157        0.841648 
        3.54657         9.96892        0.837933 
        3.55271         9.94623        0.834245 
        3.55884          9.9107        0.830582 
        3.56498         9.88163        0.826933 
        3.57112         9.85234        0.823307 
        3.57725         9.82046        0.819707 
        3.58338         9.78608        0.816131 
        3.58952          9.7535        0.812572 
        3.59566           9.723         0.80903 
         3.6018         9.69164        0.805514 
        3.60793          9.6694         0.80202 
        3.61407         9.63569        0.798548 
        3.62021         9.61132        0.795093 
        3.62634         9.57904         0.79166 
        3.63247         9.54841        0.788249 
        3.63861         9.52195        0.784857 
        3.64475         9.49143         0.78148 
        3.65089         9.46812        0.778127 
        3.65702         9.42809        0.774797 
        3.66316         9.40065        0.771482 
        3.66929         9.37791        0.768189 
        3.67543         9.33097        0.764915 
        3.68156         9.31692         0.76166 
        3.68769         9.29292        0.758424 
        3.69383         9.25551        0.755205 
        3.69997         9.23277        0.752004 
        3.70611         9.19361        0.748825 
        3.71224         9.17556        0.745662 
        3.71838         9.13392        0.742517 
        3.72451         9.10624        0.739393 
        3.73065         9.09641        0.736288 
        3.73678         9.05241        0.733198 
        3.74292         9.03246        0.730124 
        3.74906         8.99743        0.727069 
        3.75519         8.97238        0.724033 
        3.76133         8.95467        0.721013 
        3.76746            8.92        0.718013 
         3.7736          8.9015         0.71503 
        3.77974         8.87243         0.71206 
        3.78588         8.83818        0.709107 
        3.79201         8.81206        0.706174 
        3.79814         8.78555        0.703258 
        3.80428         8.75687        0.700357 
        3.81042          8.7342         0.69747 
        3.81655         8.70629        0.694602 
        3.82268         8.68557        0.691753 
        3.82882           8.654        0.688918 
        3.83496         8.62894        0.686096 
        3.84109         8.60379        0.683291 
        3.84723         8.57979        0.680503 
        3.85337         8.55068        0.677727 
        3.85951         8.52289        0.674967 
        3.86565         8.50662        0.672225 
        3.87178         8.46763        0.669501 
        3.87791          8.4446         0.66679 
        3.88405         8.42088        0.664092 
        3.89019         8.39094         0.66141 
        3.89632         8.38093        0.658744 
        3.90246         8.34554        0.656091 
         3.9086         8.32835        0.653452 
        3.91473          8.2942        0.650831 
        3.92086         8.28246        0.648226 
        3.92699          8.2545        0.645631 
        3.93313         8.22957        0.643049 
        3.93927          8.2055        0.640484 
         3.9454         8.17819        0.637933 
        3.95154           8.156        0.635393 
        3.95768         8.12893        0.632868 
        3.96382         8.08851        0.630357 
        3.96995         8.09267        0.627859 
        3.97609         8.05081        0.625376 
        3.98222         8.03209        0.622908 
        3.98836         8.01892        0.620452 
         3.9945         7.98317        0.618008 
        4.00063          7.9649        0.615579 
        4.00677          7.9351        0.613161 
        4.01291         7.91408        0.610755 
        4.01904         7.89996        0.608367 
        4.02517         7.86552        0.605992 
        4.03131         7.84103        0.603624 
        4.03745         7.81845         0.60127 
        4.04358         7.80248         0.59893 
        4.04972         7.77137        0.596604 
        4.05585          7.7573        0.594288 
        4.06199         7.72729        0.591985 
        4.06812         7.70819        0.589695 
        4.07426         7.68186        0.587416 
         4.0804         7.66671        0.585148 
        4.08654         7.64738        0.582892 
        4.09267         7.62231        0.580651 
         4.0988         7.60023        0.578424 
        4.10494         7.57595        0.576205 
        4.11108         7.55498        0.573996 
        4.11721          7.5327        0.571801 
        4.12334         7.50704        0.569618 
        4.12948         7.48651        0.567446 
        4.13561         7.46751        0.565283 
        4.14176         7.44471        0.563131 
        4.14789         7.42587        0.560991 
        4.15403         7.39604        0.558864 
        4.16016         7.37364        0.556747 
         4.1663         7.36668        0.554641 
        4.17243         7.34281        0.552548 
        4.17857          7.3185        0.550463 
        4.18471         7.29102        0.548389 
        4.19084         7.27519        0.546326 
        4.19698         7.25087        0.544275 
        4.20312         7.22556        0.542232 
        4.20925         7.21821        0.540202 
        4.21538         7.18725        0.538183 
        4.22152         7.17262        0.536172 
        4.22766         7.15349        0.534171 
         4.2338         7.13282        0.532182 
        4.23993         7.11334        0.530202 
        4.24607         7.09125        0.528233 
         4.2522         7.07751        0.526273 
        4.25834         7.05541        0.524323 
        4.26447         7.02566        0.522385 
        4.27061         7.01161        0.520456 
        4.27674          6.9901        0.518536 
        4.28288         6.97672        0.516624 
        4.28902         6.95273        0.514724 
        4.29515          6.9316        0.512834 
        4.30129         6.91406        0.510952 
        4.30743         6.89645        0.509079 
        4.31356          6.8661        0.507216 
        4.31969          6.8519        0.505365 
        4.32583         6.83233        0.503522 
        4.33197         6.82029        0.501685 
         4.3381         6.79372        0.499859 
        4.34424         6.77361        0.498043 
        4.35038         6.75105        0.496234 
        4.35652         6.73732        0.494435 
        4.36265         6.72054        0.492647 
        4.36878         6.69675        0.490867 
        4.37492         6.67865        0.489093 
        4.38106         6.66605        0.487329 
        4.38719         6.65049        0.485576 
        4.39333         6.62524        0.483832 
        4.39946         6.60417        0.482094 
         4.4056         6.59001        0.480366 
        4.41173         6.57466        0.478646 
        4.41786         6.55998        0.476936 
          4.424         6.53772        0.475233 
        4.43014          6.5179        0.473536 
        4.43628         6.49986        0.471848 
        4.44241         6.48031         0.47017 
        4.44855         6.46824          0.4685 
        4.45469         6.44526        0.466836 
        4.46083         6.43265        0.465183 
        4.46696         6.41611        0.463538 
        4.47309         6.39396        0.461899 
        4.47923          6.3781        0.460268 
        4.48537         6.35941        0.458647 
         4.4915         6.34804        0.457033 
        4.49764         6.32796        0.455425 
        4.50378         6.31424        0.453825 
        4.50991         6.28716        0.452236 
        4.51604         6.27235        0.450653 
        4.52218         6.25377        0.449075 
        4.52832         6.23848        0.447507 
        4.53445         6.22125        0.445947 
        4.54059         6.20541        0.444393 
        4.54673         6.18857        0.442846 
        4.55286         6.16653        0.441307 
          4.559         6.15809        0.439776 
        4.56513         6.13744        0.438252 
        4.57127         6.12501        0.436735 
        4.57741         6.10982        0.435225 
        4.58354         6.09401        0.433722 
        4.58968         6.07363        0.432227 
        4.59582         6.06167        0.430738 
        4.60195         6.04283        0.429257 
        4.60809         6.02445        0.427783 
        4.61422         6.00958        0.426315 
        4.62036         5.99196        0.424855 
        4.62649         5.97947        0.423401 
        4.63263         5.95999        0.421954 
        4.63876         5.94338        0.420514 
         4.6449          5.9312         0.41908 
        4.65104         5.90699        0.417653 
        4.65717         5.89706        0.416234 
        4.66331         5.88356        0.414821 
        4.66944         5.86342        0.413413 
        4.67558         5.84712        0.412014 
        4.68171          5.8344         0.41062 
        4.68785         5.81783        0.409231 
        4.69399         5.80384         0.40785 
        4.70012         5.78921        0.406477 
        4.70625         5.77991        0.405109 
        4.71239         5.75864        0.403747 
        4.71853         5.74654        0.402391 
        4.72467          5.7279        0.401041 
         4.7308         5.71061        0.399698 
        4.73694         5.70498        0.398361 
        4.74308         5.68216        0.397029 
        4.74922         5.66749        0.395704 
        4.75535         5.66062        0.394386 
        4.76148         5.64423        0.393074 
        4.76762         5.62402        0.391766 
        4.77376         5.61432        0.390465 
        4.77989         5.59316        0.389171 
        4.78602          5.5815        0.387882 
        4.79216           5.573        0.386598 
         4.7983         5.55611        0.385321 
        4.80443         5.53894         0.38405 
        4.81056         5.52591        0.382785 
         4.8167         5.51052        0.381524 
        4.82284         5.49632        0.380268 
        4.82898         5.48608         0.37902 
        4.83511         5.47143        0.377777 
        4.84125         5.45759        0.376539 
        4.84739         5.44292        0.375306 
        4.85352         5.43048        0.374081 
        4.85965         5.41305         0.37286 
        4.86579         5.40234        0.371644 
        4.87193         5.39032        0.370433 
        4.87807         5.37326        0.369228 
         4.8842         5.36082        0.368029 
        4.89034          5.3425        0.366835 
        4.89647          5.3351        0.365646 
        4.90261         5.31965        0.364462 
        4.90874         5.30935        0.363285 
        4.91488         5.29579        0.362112 
        4.92102         5.28259        0.360943 
        4.92715         5.26351         0.35978 
        4.93329         5.25881        0.358623 
        4.93942         5.24393         0.35747 
        4.94556         5.22849        0.356322 
         4.9517         5.21547         0.35518 
        4.95783         5.20405        0.354042 
        4.96397         5.18835         0.35291 
        4.97011         5.17908        0.351782 
        4.97624         5.17004         0.35066 
        4.98238         5.15383        0.349542 
        4.98851         5.13645         0.34843 
        4.99465         5.12826        0.347322 
        5.00078         5.11739        0.346219 
        5.00691         5.10363        0.345122 
        5.01305         5.09305        0.344028 
        5.01919         5.08247        0.342938 
        5.02533         5.06542        0.341854 
        5.03146         5.06001        0.340775 
         5.0376         5.04224        0.339701 
        5.04374          5.0358         0.33863 
        5.04987         5.02193        0.337564 
        5.05601         5.01133        0.336504 
        5.06215         4.99258        0.335447 
        5.06829         4.98772        0.334395 
        5.07442         4.97559        0.333348 
        5.08055         4.96297        0.332307 
        5.08668         4.94598        0.331268 
        5.09282         4.93638        0.330234 
        5.09896         4.92863        0.329205 
        5.10509         4.91703         0.32818 
        5.11123         4.90673         0.32716 
        5.11736         4.88872        0.326143 
         5.1235         4.88204        0.325131 
        5.12964         4.87308        0.324123 
        5.13577         4.85924        0.323119 
        5.14191         4.84884         0.32212 
        5.14804         4.83586        0.321126 
        5.15418          4.8235        0.320135 
        5.16032         4.81442        0.319149 
        5.16645         4.80221        0.318166 
        5.17259         4.79448        0.317188 
        5.17872         4.78527        0.316214 
        5.18486         4.77424        0.315243 
          5.191         4.76136        0.314277 
        5.19713         4.75143        0.313316 
        5.20327          4.7431        0.312358 
        5.20941         4.72941        0.311403 
        5.21555         4.72277        0.310453 
        5.22168         4.71058        0.309507 
        5.22781         4.70141        0.308566 
        5.23395         4.68796        0.307628 
        5.24009         4.67735        0.306693 
        5.24622         4.67025        0.305763 
        5.25236         4.65774        0.304837 
         5.2585         4.65214        0.303913 
        5.26463         4.64201        0.302995 
        5.27077          4.6263         0.30208 
         5.2769         4.61809        0.301169 
        5.28304         4.60805        0.300262 
        5.28917         4.59786        0.299358 
         5.2953          4.5891        0.298459 
        5.30144         4.58157        0.297563 
        5.30757         4.57063         0.29667 
        5.31371         4.55922        0.295781 
        5.31985         4.55485        0.294895 
        5.32599          4.5431        0.294013 
        5.33213          4.5319        0.293135 
        5.33826         4.52139        0.292261 
         5.3444         4.51817         0.29139 
        5.35053         4.50459        0.290523 
        5.35667         4.49882        0.289659 
        5.36281         4.48949        0.288798 
        5.36894         4.47915        0.287941 
        5.37507          4.4701        0.287089 
        5.38121         4.46126        0.286239 
        5.38735         4.44716        0.285392 
        5.39348         4.44069         0.28455 
        5.39961         4.43418         0.28371 
        5.40575         4.42194        0.282874 
        5.41189         4.41651        0.282041 
        5.41803         4.40659        0.281211 
        5.42416         4.39706        0.280385 
         5.4303         4.39222        0.279562 
        5.43644         4.37978        0.278743 
        5.44257         4.37319        0.277927 
        5.44871         4.36294        0.277114 
        5.45484         4.35906        0.276304 
        5.46098         4.34588        0.275498 
        5.46712         4.33711        0.274694 
        5.47325         4.33157        0.273894 
        5.47938         4.32318        0.273098 
        5.48552         4.31616        0.272305 
        5.49165         4.30732        0.271514 
        5.49779         4.30115        0.270727 
        5.50393         4.29529        0.269943 
        5.51006          4.2872        0.269161 
         5.5162         4.27864        0.268383 
        5.52234         4.27175        0.267608 
        5.52847         4.26292        0.266836 
        5.53461         4.25166        0.266067 
        5.54075         4.24605        0.265301 
        5.54688         4.24061        0.264539 
        5.55302         4.23162        0.263779 
        5.55915         4.22509        0.263022 
        5.56529         4.21851        0.262268 
        5.57143         4.20767        0.261517 
        5.57756         4.20509        0.260769 
         5.5837         4.19482        0.260024 
        5.58983         4.18993        0.259282 
        5.59597         4.17867        0.258543 
         5.6021         4.17486        0.257807 
        5.60824         4.16719        0.257073 
        5.61438          4.1584        0.256343 
        5.62051         4.15472        0.255615 
        5.62665         4.14638         0.25489 
        5.63278         4.14191        0.254168 
        5.63892         4.12972        0.253448 
        5.64505         4.12958        0.252732 
        5.65119         4.12331        0.252018 
        5.65733         4.11628        0.251307 
        5.66346         4.10706        0.250599 
         5.6696         4.09869        0.249893 
        5.67573         4.09416         0.24919 
        5.68187         4.08704         0.24849 
          5.688         4.08132        0.247793 
        5.69414         4.07673        0.247098 
        5.70028         4.06983        0.246406 
        5.70642         4.06166        0.245716 
        5.71255         4.06227        0.245029 
        5.71869         4.05221        0.244345 
        5.72482         4.04677        0.243664 
        5.73096         4.04342        0.242985 
        5.73709         4.03385        0.242309 
        5.74322         4.03118        0.241636 
        5.74936         4.02238        0.240964 
         5.7555         4.02141        0.240295 
        5.76164         4.01298        0.239629 
        5.76777         4.00901        0.238965 
        5.77391         4.00249        0.238304 
        5.78005         3.99913        0.237645 
        5.78618         3.99071        0.236989 
        5.79231         3.98791        0.236336 
        5.79845          3.9842        0.235685 
        5.80459         3.98014        0.235035 
        5.81073         3.97158        0.234389 
        5.81686         3.97084        0.233746 
          5.823         3.96267        0.233104 
        5.82914         3.95777        0.232465 
        5.83527          3.9545        0.231829 
         5.8414         3.94852        0.231195 
        5.84754         3.94216        0.230563 
        5.85368         3.94346        0.229933 
        5.85981         3.93592        0.229306 
        5.86595         3.93146        0.228681 
        5.87208         3.92771        0.228059 
        5.87822         3.92119        0.227439 
        5.88435         3.91587        0.226821 
        5.89049         3.91343        0.226206 
        5.89662         3.91263        0.225592 
        5.90276         3.90896        0.224981 
         5.9089         3.90214        0.224372 
        5.91503         3.89707        0.223766 
        5.92117          3.8927        0.223162 
        5.92731         3.89446        0.222559 
        5.93344         3.88654         0.22196 
        5.93958         3.87954        0.221362 
        5.94572         3.87854        0.220767 
        5.95186         3.87631        0.220173 
        5.95799         3.87311        0.219583 
        5.96412         3.86877        0.218994 
        5.97026         3.86556        0.218407 
         5.9764         3.86271        0.217823 
        5.98253         3.86053        0.217241 
        5.98866          3.8587         0.21666 
         5.9948         3.85195        0.216082 
        6.00094         3.85096        0.215506 
        6.00707         3.84833        0.214932 
        6.01321         3.84341         0.21436 
        6.01935          3.8413         0.21379 
        6.02548         3.84049        0.213222 
        6.03162         3.83801        0.212657 
        6.03775         3.83582        0.212094 
        6.04389         3.83113        0.211532 
        6.05003         3.83057        0.210972 
        6.05617         3.82817        0.210414 
         6.0623         3.82547        0.209859 
        6.06844         3.82135        0.209306 
        6.07457         3.81928        0.208754 
         6.0807          3.8191        0.208205 
        6.08684         3.81356        0.207658 
        6.09298         3.81236        0.207112 
        6.09912         3.81251        0.206568 
        6.10525         3.80886        0.206027 
        6.11138         3.81013        0.205487 
        6.11752         3.80406        0.204949 
        6.12366         3.80472        0.204413 
        6.12979         3.80542         0.20388 
        6.13593         3.79988        0.203348 
        6.14207         3.80007        0.202817 
         6.1482         3.80123        0.202289 
        6.15434         3.79875        0.201763 
        6.16047          3.7927        0.201239 
        6.16661         3.79647        0.200716 
        6.17274         3.79699        0.200195 
        6.17887         3.79614        0.199677 
        6.18501         3.79562         0.19916 
        6.19115          3.7928        0.198644 
        6.19729         3.79263        0.198131 
        6.20342         3.79028        0.197619 
        6.20956         3.79142        0.197109 
         6.2157          3.7906        0.196601 
        6.22183         3.79207        0.196095 
        6.22797         3.78896        0.195591 
         6.2341         3.78957        0.195088 
        6.24024         3.79001        0.194587 
        6.24638         3.78499        0.194088 
        6.25251         3.78769        0.193591 
        6.25865         3.78771        0.193095 
        6.26478         3.78864        0.192601 
        6.27092         3.79083        0.192109 
        6.27705         3.78752        0.191619 
        6.28318         3.79036         0.19113 
