# k  (h/Mpc)    P(k)  (Mpc/h)^3    P_linear(k)  (Mpc/h)^3
     0.00783031         318.604         321.647 
       0.013688         374.346         377.448 
       0.019231         366.778         367.792 
      0.0249154         329.423         329.258 
      0.0312784         277.774         277.468 
      0.0375637         232.628         232.481 
      0.0433917         201.745         201.156 
      0.0492413         179.382         179.202 
      0.0555754         163.287         162.777 
      0.0619321         149.334         149.785 
       0.067871         137.918         137.866 
      0.0738098         125.021         124.923 
      0.0800417         110.855         110.561 
      0.0862327          96.963         96.8108 
      0.0921407         85.5995          85.441 
      0.0982031         76.6069         76.2814 
       0.104506         69.4676         69.4575 
       0.110769         64.8069         64.7761 
       0.116806         61.5671         61.3597 
       0.122832         58.2016          58.189 
       0.129052         54.7312         54.5873 
       0.135211         50.7505           50.53 
       0.141259         46.4035         46.2818 
       0.147318         42.1858         42.1555 
       0.153489         38.5992         38.4617 
       0.159709         35.6642         35.4729 
       0.165845          33.252         33.2468 
       0.171974         31.7824         31.5744 
       0.178125         30.3627         30.2007 
       0.184229         28.9855          28.901 
        0.19034         27.6998         27.5053 
       0.196428           26.14         25.9758 
       0.202534         24.3997         24.3582 
       0.208729         22.9081          22.745 
       0.214876         21.5126         21.2848 
       0.220989         20.1527         20.0411 
       0.227147         19.2432         19.0106 
        0.23329         18.3996         18.1657 
       0.239377         17.6812          17.443 
       0.245482         16.9919         16.7639 
       0.251667         16.2302         16.0708 
       0.257832          15.596         15.3533 
       0.263955         14.8045         14.6237 
       0.270079         14.0881         13.9033 
        0.27624          13.368         13.2203 
       0.282372         12.7617         12.6047 
        0.28843         12.2931         12.0671 
       0.294538         11.7984         11.5903 
       0.300721          11.314         11.1566 
        0.30691         10.9684         10.7521 
       0.313033         10.5608         10.3638 
       0.319153         10.2385         9.97894 
       0.325316         9.76321         9.59298 
        0.33145         9.38255         9.21649 
       0.337538         9.04226         8.85764 
       0.343633         8.73192         8.52039 
       0.349808          8.3936          8.2047 
       0.355968         8.09695         7.91524 
       0.362074         7.86125          7.6499 
       0.368217         7.59676         7.39885 
       0.374374         7.39018          7.1583 
       0.380519         7.11875         6.92526 
       0.386598         6.87617         6.70026 
       0.392688         6.64651           6.481 
        0.39888         6.45155         6.26561 
       0.405048         6.25306         6.06073 
       0.411186         6.05306         5.86768 
       0.417313         5.87211         5.68564 
       0.423458         5.67602         5.51334 
       0.429607         5.54268         5.34968 
       0.435692         5.39501         5.19467 
       0.441815         5.22283          5.0444 
       0.447964         5.05902         4.89852 
       0.454126         4.93824         4.75686 
       0.460267         4.82064         4.62043 
       0.466387         4.67789         4.48958 
        0.47254         4.56017         4.36337 
       0.478662         4.43008         4.24309 
       0.484765          4.3178          4.1284 
       0.490885         4.19396         4.01826 
       0.497035         4.07389         3.91191 
       0.503198         3.98808         3.80921 
       0.509342         3.87217         3.71032 
       0.515458         3.78852         3.61517 
       0.521598         3.69777         3.52276 
       0.527764         3.61936         3.43304 
       0.533884         3.50717         3.34706 
           0.54         3.43462         3.26422 
       0.546137         3.34131         3.18411 
       0.552299         3.26891         3.10655 
       0.558452         3.19191          3.0318 
       0.564573         3.12367         2.95992 
       0.570708         3.05348         2.89022 
       0.576825         2.98529         2.82295 
       0.582926         2.91235         2.75798 
       0.589034         2.85855         2.69492 
       0.595184         2.80217          2.6334 
       0.601379         2.73144         2.57338 
       0.607522         2.66895         2.51575 
       0.613639         2.60613         2.46018 
       0.619772         2.56204          2.4062 
       0.625918         2.50753         2.35378 
       0.632068         2.45664         2.30292 
       0.638161         2.40548           2.254 
         0.6443         2.35373         2.20615 
       0.650464         2.30651         2.15951 
       0.656582         2.26951         2.11455 
       0.662703         2.22236         2.07087 
       0.668861         2.16712         2.02818 
       0.675024         2.12781         1.98669 
       0.681124         2.10708         1.94678 
       0.687237         2.05553          1.9079 
       0.693381          2.0059         1.86992 
       0.699536         1.98088          1.8329 
       0.705665         1.94291         1.79706 
       0.711789          1.8986         1.76221 
       0.717957         1.86512         1.72805 
        0.72409         1.83206         1.69499 
       0.730186         1.80818           1.663 
       0.736317          1.7666         1.63168 
       0.742472         1.74112         1.60105 
       0.748622         1.71244         1.57124 
        0.75476         1.67389         1.54226 
       0.760888         1.65202         1.51405 
       0.767043         1.60842         1.48645 
       0.773185         1.58814          1.4596 
       0.779291         1.57028         1.43356 
       0.785407         1.53938         1.40813 
       0.791564         1.51239         1.38315 
       0.797719         1.48615          1.3588 
       0.803834         1.46173         1.33519 
       0.809972         1.43798         1.31206 
       0.816124         1.41514         1.28944 
       0.822261         1.39314          1.2674 
       0.828378         1.36915         1.24596 
       0.834502         1.34671         1.22499 
       0.840667         1.32904         1.20437 
       0.846816         1.30571         1.18429 
       0.852925         1.28272          1.1648 
       0.859047         1.26343          1.1457 
       0.865192         1.24528         1.12697 
       0.871341         1.22814         1.10865 
       0.877463         1.20441         1.09083 
       0.883569         1.18802         1.07344 
       0.889708         1.17309         1.05634 
       0.895864         1.15544         1.03957 
       0.902008         1.13472          1.0232 
       0.908149         1.12005          1.0072 
       0.914301         1.10588        0.991516 
       0.920448          1.0906        0.976181 
       0.926574         1.07734        0.961226 
       0.932687          1.0606        0.946617 
       0.938823         1.04038         0.93226 
       0.944975         1.02958         0.91817 
       0.951105         1.00952        0.904423 
       0.957225         0.99778        0.890982 
       0.963368        0.985987         0.87777 
       0.969511        0.973794        0.864827 
       0.975621        0.957435        0.852215 
       0.981748        0.940489        0.839824 
       0.987916            0.93        0.827603 
        0.99406        0.920034        0.815671 
        1.00019        0.906474        0.803999 
        1.00632        0.897456        0.792567 
        1.01246        0.884433        0.781341 
        1.01859        0.873217        0.770352 
        1.02471        0.858247        0.759588 
        1.03085        0.846657        0.748993 
        1.03698        0.838439        0.738624 
        1.04314        0.827018        0.728408 
        1.04929        0.818863        0.718409 
        1.05541        0.804468        0.708639 
        1.06154        0.796664        0.699027 
        1.06769         0.78726        0.689579 
        1.07382        0.776632        0.680337 
        1.07993        0.766954        0.671285 
        1.08607        0.758091        0.662361 
        1.09222        0.747056        0.653591 
        1.09836        0.739606         0.64499 
        1.10449        0.728354        0.636555 
        1.11063        0.719434        0.628261 
        1.11677         0.71259        0.620118 
         1.1229         0.70122        0.612135 
        1.12903         0.69537        0.604285 
        1.13518        0.685871        0.596567 
        1.14131        0.679004        0.588988 
        1.14745        0.672508        0.581545 
        1.15359        0.662849         0.57423 
        1.15973        0.655917        0.567038 
        1.16584        0.647257        0.560002 
        1.17197         0.63907        0.553075 
        1.17811        0.631483        0.546245 
        1.18424        0.624586         0.53955 
        1.19038        0.616569        0.532949 
        1.19652        0.611891        0.526461 
        1.20267        0.605663        0.520081 
        1.20881        0.595878        0.513808 
        1.21495        0.590584        0.507649 
        1.22108        0.584538        0.501592 
         1.2272        0.576408        0.495649 
        1.23334        0.570901        0.489788 
        1.23949        0.565791        0.484008 
        1.24562        0.559173        0.478338 
        1.25174        0.553351        0.472768 
        1.25789        0.545467        0.467269 
        1.26402        0.540887        0.461868 
        1.27014        0.533343        0.456565 
        1.27628        0.529579         0.45133 
        1.28244         0.52378        0.446167 
        1.28858        0.517006        0.441093 
        1.29471        0.511987        0.436108 
        1.30084         0.50691        0.431205 
        1.30697        0.503101         0.42637 
        1.31312        0.497463        0.421602 
        1.31925        0.491838        0.416923 
        1.32537        0.487112        0.412319 
        1.33151        0.481662        0.407767 
        1.33765         0.47684        0.403288 
        1.34378         0.47119        0.398884 
        1.34992        0.468357        0.394543 
        1.35606        0.462246        0.390258 
         1.3622        0.458233        0.386044 
        1.36833        0.454336        0.381902 
        1.37445        0.449728        0.377823 
        1.38059        0.445135        0.373791 
        1.38675        0.440161        0.369809 
        1.39288        0.435294          0.3659 
        1.39901        0.432146         0.36205 
        1.40515         0.42746        0.358247 
         1.4113        0.424764          0.3545 
        1.41742        0.419986        0.350821 
        1.42355        0.414271        0.347187 
         1.4297        0.412262        0.343594 
        1.43585         0.40722        0.340053 
        1.44198        0.404202        0.336576 
        1.44809        0.399659        0.333153 
        1.45423        0.396541        0.329766 
        1.46036        0.392635        0.326433 
        1.46649        0.388799        0.323144 
        1.47263        0.384433        0.319898 
        1.47877        0.383239        0.316698 
        1.48491          0.3773        0.313537 
        1.49104        0.375972        0.310425 
        1.49718        0.371255        0.307354 
        1.50333         0.36848        0.304319 
        1.50947        0.365458        0.301332 
         1.5156        0.361741        0.298388 
        1.52172        0.358812        0.295485 
        1.52787        0.354527        0.292614 
          1.534        0.352528        0.289784 
        1.54013        0.349254        0.286995 
        1.54627        0.346391        0.284238 
        1.55241        0.343063        0.281516 
        1.55855        0.340071        0.278834 
        1.56467        0.337418        0.276194 
         1.5708        0.333979        0.273581 
        1.57695         0.33107        0.270997 
        1.58308        0.327384        0.268454 
        1.58922        0.325792         0.26594 
        1.59535        0.322333         0.26346 
         1.6015        0.319859        0.261009 
        1.60764        0.316966        0.258589 
        1.61376         0.31436        0.256207 
        1.61989        0.311595        0.253853 
        1.62604        0.308622        0.251524 
        1.63218        0.306992        0.249225 
        1.63831        0.303771         0.24696 
        1.64444        0.301726        0.244722 
        1.65059        0.298519        0.242507 
        1.65673        0.296354        0.240322 
        1.66285        0.294228        0.238169 
        1.66898        0.291626        0.236043 
        1.67512        0.288941        0.233938 
        1.68127        0.286454        0.231857 
         1.6874        0.284649        0.229806 
        1.69353        0.282037        0.227781 
        1.69967        0.279754        0.225775 
        1.70581        0.278031        0.223795 
        1.71193        0.275977        0.221846 
        1.71806         0.27349        0.219916 
        1.72421         0.27112        0.218005 
        1.73035         0.26869        0.216118 
        1.73649        0.267414        0.214255 
        1.74262        0.264419        0.212415 
        1.74876        0.262988        0.210596 
        1.75489        0.261045        0.208801 
        1.76101        0.258657        0.207028 
        1.76715        0.256866        0.205273 
        1.77329        0.254667        0.203536 
        1.77943        0.252579        0.201819 
        1.78557        0.251387        0.200123 
        1.79171        0.249405        0.198447 
        1.79785        0.247038         0.19679 
        1.80399        0.244673        0.195152 
        1.81012        0.243614        0.193535 
        1.81625        0.242037        0.191937 
        1.82239        0.240494        0.190355 
        1.82853        0.237918        0.188791 
        1.83466        0.236135        0.187246 
        1.84078        0.234432         0.18572 
        1.84692        0.232845        0.184209 
        1.85306        0.231306        0.182713 
         1.8592        0.229521        0.181235 
        1.86533        0.228086        0.179775 
        1.87147        0.225876        0.178329 
        1.87761        0.224321        0.176899 
        1.88375        0.222688        0.175486 
        1.88988        0.220841        0.174089 
        1.89601        0.218957        0.172708 
        1.90215        0.217875         0.17134 
        1.90829        0.215963        0.169987 
        1.91442        0.215039        0.168649 
        1.92056        0.213736        0.167327 
         1.9267        0.211789        0.166017 
        1.93284        0.209969        0.164721 
        1.93897        0.208779        0.163441 
        1.94509        0.207533        0.162177 
        1.95123        0.205529        0.160923 
        1.95737        0.204342        0.159682 
        1.96349        0.202867        0.158457 
        1.96964        0.201392        0.157242 
        1.97578        0.199898        0.156038 
        1.98192        0.199013         0.15485 
        1.98805        0.197613        0.153674 
        1.99419        0.196522         0.15251 
        2.00033        0.194797        0.151357 
        2.00647        0.193514        0.150217 
         2.0126        0.192274         0.14909 
        2.01874        0.191038        0.147973 
        2.02488        0.189743        0.146867 
        2.03101        0.188159        0.145774 
        2.03714        0.187689        0.144693 
        2.04328        0.185668        0.143622 
        2.04941         0.18498        0.142562 
        2.05554        0.183655        0.141514 
        2.06167        0.182322        0.140475 
        2.06781        0.180623        0.139446 
        2.07396        0.180049        0.138426 
        2.08009        0.178642        0.137418 
        2.08622        0.177671        0.136422 
        2.09237        0.176485        0.135433 
        2.09851        0.174995        0.134453 
        2.10464        0.174118        0.133485 
        2.11077        0.172731        0.132528 
        2.11691        0.171873        0.131578 
        2.12305        0.170572        0.130637 
        2.12918        0.169398        0.129708 
        2.13531        0.168533        0.128788 
        2.14145        0.167366        0.127874 
         2.1476        0.166397        0.126969 
        2.15372        0.165536        0.126076 
        2.15985         0.16415        0.125191 
        2.16599        0.163104        0.124313 
        2.17213        0.162368        0.123443 
        2.17827          0.1612        0.122582 
         2.1844         0.16038         0.12173 
        2.19054        0.159401        0.120886 
        2.19666        0.158406        0.120051 
         2.2028        0.156955        0.119223 
        2.20893        0.156331        0.118403 
        2.21508        0.155422        0.117589 
        2.22122        0.154569        0.116783 
        2.22736         0.15333        0.115986 
        2.23349        0.152266        0.115196 
        2.23962        0.151527        0.114414 
        2.24577        0.150752        0.113638 
         2.2519         0.14983         0.11287 
        2.25802        0.148812        0.112111 
        2.26417        0.148149        0.111356 
        2.27031        0.147093        0.110608 
        2.27644        0.146714        0.109869 
        2.28257         0.14547        0.109136 
        2.28872        0.144625        0.108409 
        2.29486        0.143828        0.107689 
        2.30099        0.142767        0.106976 
        2.30712        0.142051         0.10627 
        2.31326        0.141055        0.105569 
         2.3194        0.140414        0.104875 
        2.32553        0.139627        0.104188 
        2.33166        0.138774        0.103507 
         2.3378        0.137966        0.102832 
        2.34394        0.137179        0.102162 
        2.35007        0.136418        0.101499 
        2.35619        0.135678        0.100843 
        2.36233        0.134829        0.100192 
        2.36848        0.134081       0.0995443 
        2.37462         0.13358        0.098904 
        2.38075        0.132682         0.09827 
        2.38689        0.131988       0.0976409 
        2.39303        0.131226       0.0970175 
        2.39916        0.130394       0.0964001 
        2.40529        0.129655       0.0957882 
        2.41143        0.128744       0.0951811 
        2.41757        0.128182        0.094579 
         2.4237        0.127524       0.0939832 
        2.42983        0.126953       0.0933926 
        2.43598        0.126097       0.0928055 
        2.44211        0.125037       0.0922244 
        2.44823        0.124881       0.0916496 
        2.45437        0.124107       0.0910781 
        2.46052        0.123361        0.090511 
        2.46665        0.122711       0.0899497 
        2.47279        0.121968       0.0893933 
        2.47892        0.121616       0.0888413 
        2.48507        0.120569       0.0882934 
         2.4912        0.120134       0.0877512 
        2.49733        0.119621       0.0872139 
        2.50347        0.118927         0.08668 
        2.50961        0.118049       0.0861505 
        2.51575        0.117523       0.0856258 
        2.52188        0.116893       0.0851062 
        2.52802         0.11649       0.0845902 
        2.53416         0.11565       0.0840783 
        2.54029         0.11514       0.0835715 
        2.54641        0.114511       0.0830691 
        2.55255        0.113942       0.0825703 
        2.55869        0.113186       0.0820748 
        2.56483        0.112612        0.081584 
        2.57096        0.112219       0.0810978 
        2.57709        0.111459       0.0806154 
        2.58323        0.110989       0.0801364 
        2.58937        0.110558       0.0796611 
        2.59551        0.109978       0.0791902 
        2.60164        0.109411       0.0787233 
        2.60778        0.108906       0.0782596 
        2.61392         0.10834       0.0777998 
        2.62006        0.107778       0.0773439 
        2.62619        0.107209       0.0768921 
        2.63232        0.106745       0.0764437 
        2.63846        0.106143       0.0759985 
        2.64459        0.105531       0.0755574 
        2.65072        0.105104       0.0751198 
        2.65686        0.104452       0.0746855 
          2.663         0.10405        0.074254 
        2.66915         0.10365       0.0738259 
        2.67527         0.10307       0.0734022 
        2.68141        0.102587       0.0729816 
        2.68755        0.102185       0.0725639 
        2.69368        0.101644       0.0721498 
        2.69981        0.101217       0.0717395 
        2.70595        0.100594       0.0713313 
        2.71209        0.100166       0.0709263 
        2.71823       0.0998209        0.070525 
        2.72436       0.0992088       0.0701269 
         2.7305       0.0986563       0.0697317 
        2.73663       0.0981861       0.0693396 
        2.74276       0.0980195       0.0689509 
         2.7489       0.0974541       0.0685648 
        2.75504       0.0971685       0.0681813 
        2.76118       0.0963146       0.0678005 
        2.76732       0.0961267       0.0674233 
        2.77345       0.0956659        0.067049 
        2.77959       0.0951535       0.0666775 
        2.78572       0.0948172       0.0663088 
        2.79186       0.0942047       0.0659431 
        2.79798       0.0938013       0.0655805 
        2.80412        0.093546       0.0652199 
        2.81027       0.0932379       0.0648617 
         2.8164       0.0926716       0.0645069 
        2.82253       0.0922693       0.0641548 
        2.82867        0.092006       0.0638051 
        2.83481        0.091499       0.0634579 
        2.84095       0.0910923       0.0631133 
        2.84708       0.0907488       0.0627717 
        2.85322       0.0903021       0.0624322 
        2.85935       0.0899057       0.0620953 
        2.86549       0.0895986       0.0617611 
        2.87162       0.0891901       0.0614293 
        2.87776       0.0887973       0.0611001 
        2.88389       0.0883228       0.0607729 
        2.89003        0.088015       0.0604485 
        2.89617       0.0878357       0.0601262 
        2.90231       0.0871864       0.0598062 
        2.90844        0.086955       0.0594887 
        2.91458       0.0866248       0.0591735 
        2.92071       0.0863564        0.058861 
        2.92684       0.0858424       0.0585503 
        2.93298       0.0854339       0.0582421 
         2.9391       0.0852435       0.0579364 
        2.94524       0.0849079       0.0576325 
        2.95138       0.0845271       0.0573307 
        2.95752        0.084215       0.0570308 
        2.96367       0.0838085       0.0567329 
         2.9698       0.0835196       0.0564378 
        2.97594       0.0832411       0.0561445 
        2.98207       0.0829584       0.0558533 
        2.98821       0.0826227       0.0555644 
        2.99434       0.0821283       0.0552775 
        3.00048       0.0819038       0.0549925 
        3.00662       0.0815753       0.0547094 
        3.01275       0.0813031       0.0544288 
        3.01888       0.0810697         0.05415 
        3.02503       0.0807139       0.0538728 
        3.03117       0.0803922       0.0535976 
        3.03729       0.0801009        0.053325 
        3.04342       0.0797782        0.053054 
        3.04957       0.0795043       0.0527843 
         3.0557        0.079385       0.0525169 
        3.06183       0.0788929       0.0522518 
        3.06796       0.0787532       0.0519882 
        3.07411       0.0784132       0.0517259 
        3.08025       0.0780322       0.0514658 
        3.08637        0.077855        0.051208 
         3.0925        0.077571       0.0509516 
        3.09865        0.077291       0.0506965 
         3.1048        0.077097       0.0504432 
        3.11093       0.0768338       0.0501921 
        3.11706       0.0764923       0.0499427 
         3.1232       0.0763312       0.0496949 
        3.12933       0.0760052       0.0494487 
        3.13547       0.0757914       0.0492043 
        3.14159       0.0754962       0.0489619 
        3.14773       0.0752254       0.0487206 
        3.15388       0.0750192       0.0484807 
        3.16001       0.0747284       0.0482429 
        3.16614       0.0745775       0.0480068 
        3.17228       0.0742496        0.047772 
        3.17842       0.0740016       0.0475388 
        3.18455       0.0738201       0.0473073 
        3.19068       0.0735584       0.0470775 
        3.19682        0.073257       0.0468488 
        3.20297        0.073181       0.0466216 
         3.2091       0.0728929       0.0463961 
        3.21524       0.0726557       0.0461722 
        3.22138       0.0724512       0.0459496 
         3.2275       0.0722491       0.0457289 
        3.23363       0.0720991       0.0455096 
        3.23977        0.071808       0.0452915 
        3.24591       0.0717035       0.0450748 
        3.25205       0.0714942       0.0448594 
        3.25818       0.0712743       0.0446455 
        3.26432        0.071025       0.0444331 
        3.27046       0.0708422        0.044222 
         3.2766       0.0706976       0.0440123 
        3.28273       0.0705976        0.043804 
        3.28887       0.0704742       0.0435971 
          3.295       0.0702063       0.0433915 
        3.30113       0.0699957       0.0431873 
        3.30727       0.0699089       0.0429843 
        3.31341       0.0697896       0.0427827 
        3.31954       0.0696005       0.0425825 
        3.32568       0.0695107       0.0423833 
        3.33182        0.069263       0.0421855 
        3.33795       0.0692541       0.0419891 
        3.34409       0.0690399       0.0417937 
        3.35022       0.0688699       0.0415996 
        3.35636       0.0688337        0.041407 
         3.3625        0.068682       0.0412153 
        3.36864       0.0684875       0.0410249 
        3.37477       0.0682941       0.0408358 
        3.38091       0.0682789       0.0406479 
        3.38704       0.0681511       0.0404612 
        3.39318       0.0681936       0.0402756 
        3.39931       0.0680269       0.0400912 
        3.40545       0.0678867        0.039908 
        3.41158       0.0678912       0.0397259 
        3.41772       0.0677381        0.039545 
        3.42385       0.0676443       0.0393653 
        3.42998        0.067602       0.0391866 
        3.43612       0.0675979       0.0390091 
        3.44226       0.0674656       0.0388326 
         3.4484       0.0673999       0.0386569 
        3.45453        0.067353       0.0384827 
        3.46066       0.0674057       0.0383097 
        3.46681       0.0672832       0.0381372 
        3.47295       0.0673146        0.037966 
        3.47908       0.0672057       0.0377962 
        3.48521       0.0671018       0.0376273 
        3.49135       0.0671813       0.0374592 
        3.49749       0.0671569       0.0372923 
        3.50362        0.067247       0.0371264 
        3.50976       0.0671004       0.0369616 
        3.51589       0.0670902       0.0367977 
        3.52203       0.0670012       0.0366348 
        3.52816       0.0671193       0.0364731 
        3.53429       0.0670717       0.0363123 
        3.54043       0.0670588       0.0361521 
        3.54657       0.0671038       0.0359931 
        3.55271       0.0671283       0.0358351 
        3.55884        0.067162       0.0356782 
        3.56498       0.0671844       0.0355219 
        3.57112        0.067144       0.0353666 
        3.57725        0.067189       0.0352124 
        3.58338       0.0673105       0.0350593 
        3.58952       0.0673501       0.0349068 
        3.59566       0.0673713       0.0347552 
         3.6018       0.0673554       0.0346045 
        3.60793       0.0675121       0.0344549 
        3.61407       0.0675606       0.0343061 
        3.62021       0.0676384       0.0341582 
        3.62634       0.0677127       0.0340111 
        3.63247       0.0678469        0.033865 
        3.63861       0.0678626       0.0337197 
        3.64475       0.0680568        0.033575 
        3.65089       0.0681167       0.0334314 
        3.65702       0.0681552       0.0332888 
        3.66316       0.0683724       0.0331467 
        3.66929       0.0684385       0.0330057 
        3.67543       0.0686061       0.0328654 
        3.68156       0.0686927        0.032726 
        3.68769       0.0688251       0.0325873 
        3.69383       0.0689909       0.0324494 
        3.69997        0.069105       0.0323123 
        3.70611       0.0692559       0.0321761 
        3.71224       0.0694372       0.0320406 
        3.71838       0.0695136       0.0319058 
        3.72451       0.0698681        0.031772 
        3.73065        0.069987       0.0316389 
        3.73678       0.0700708       0.0315066 
        3.74292        0.070208       0.0313749 
        3.74906       0.0705815        0.031244 
        3.75519       0.0706495       0.0311139 
        3.76133       0.0708412       0.0309845 
        3.76746        0.071206       0.0308559 
         3.7736       0.0712289       0.0307281 
        3.77974       0.0716771       0.0306009 
        3.78588        0.071729       0.0304743 
        3.79201       0.0720555       0.0303486 
        3.79814        0.072216       0.0302237 
        3.80428       0.0724897       0.0300994 
        3.81042       0.0727247       0.0299757 
        3.81655       0.0729396       0.0298528 
        3.82268       0.0733136       0.0297307 
        3.82882       0.0735244       0.0296092 
        3.83496       0.0737396       0.0294882 
        3.84109       0.0741561        0.029368 
        3.84723       0.0743409       0.0292486 
        3.85337       0.0745932       0.0291296 
        3.85951       0.0749159       0.0290113 
        3.86565       0.0753234       0.0288938 
        3.87178       0.0756394       0.0287771 
        3.87791       0.0758874       0.0286609 
        3.88405       0.0761698       0.0285453 
        3.89019       0.0767387       0.0284303 
        3.89632       0.0769433        0.028316 
        3.90246       0.0773052       0.0282023 
         3.9086       0.0777364       0.0280892 
        3.91473       0.0780333       0.0279769 
        3.92086       0.0783786       0.0278652 
        3.92699       0.0787914        0.027754 
        3.93313       0.0792019       0.0276433 
        3.93927       0.0795984       0.0275334 
         3.9454       0.0798646        0.027424 
        3.95154       0.0804153       0.0273152 
        3.95768       0.0808906       0.0272069 
        3.96382       0.0812019       0.0270993 
        3.96995       0.0816645       0.0269922 
        3.97609          0.0821       0.0268858 
        3.98222       0.0825918         0.02678 
        3.98836       0.0830166       0.0266747 
         3.9945        0.083504         0.02657 
        4.00063        0.083976       0.0264658 
        4.00677        0.084353       0.0263622 
        4.01291       0.0848413        0.026259 
        4.01904        0.085427       0.0261567 
        4.02517       0.0860145       0.0260548 
        4.03131       0.0864466       0.0259533 
        4.03745       0.0870407       0.0258524 
        4.04358       0.0874158       0.0257521 
        4.04972       0.0880053       0.0256524 
        4.05585       0.0885229       0.0255531 
        4.06199       0.0890169       0.0254543 
        4.06812       0.0897412       0.0253561 
        4.07426       0.0900601       0.0252585 
         4.0804       0.0908697       0.0251612 
        4.08654       0.0915352       0.0250645 
        4.09267       0.0921317       0.0249684 
         4.0988       0.0926788       0.0248729 
        4.10494       0.0935187       0.0247777 
        4.11108       0.0937469        0.024683 
        4.11721       0.0947453       0.0245889 
        4.12334       0.0952423       0.0244953 
        4.12948       0.0959145       0.0244022 
        4.13561       0.0965544       0.0243095 
        4.14176       0.0971786       0.0242172 
        4.14789       0.0981747       0.0241254 
        4.15403       0.0988531       0.0240342 
        4.16016       0.0992299       0.0239434 
         4.1663        0.100133       0.0238531 
        4.17243        0.100969       0.0237634 
        4.17857        0.101673        0.023674 
        4.18471         0.10238        0.023585 
        4.19084        0.103273       0.0234966 
        4.19698        0.103989       0.0234086 
        4.20312        0.104655        0.023321 
        4.20925        0.105585       0.0232339 
        4.21538        0.106441       0.0231473 
        4.22152        0.107277       0.0230611 
        4.22766         0.10829       0.0229753 
         4.2338        0.108914         0.02289 
        4.23993        0.109815       0.0228051 
        4.24607        0.110559       0.0227206 
         4.2522        0.111663       0.0226366 
        4.25834          0.1125       0.0225529 
        4.26447        0.113498       0.0224698 
        4.27061        0.114321       0.0223871 
        4.27674        0.115314       0.0223047 
        4.28288        0.116306       0.0222227 
        4.28902        0.117078       0.0221412 
        4.29515        0.118373       0.0220602 
        4.30129        0.119518       0.0219794 
        4.30743        0.120288       0.0218991 
        4.31356        0.121241       0.0218192 
        4.31969        0.122156       0.0217398 
        4.32583        0.123546       0.0216607 
        4.33197        0.124407       0.0215819 
         4.3381        0.125757       0.0215036 
        4.34424        0.126725       0.0214257 
        4.35038        0.127706       0.0213481 
        4.35652        0.128752       0.0212709 
        4.36265        0.130293       0.0211942 
        4.36878         0.13102       0.0211179 
        4.37492        0.132174       0.0210418 
        4.38106        0.133596       0.0209661 
        4.38719        0.135331       0.0208909 
        4.39333        0.136162       0.0208161 
        4.39946        0.137521       0.0207416 
         4.4056        0.138451       0.0206674 
        4.41173        0.140047       0.0205936 
        4.41786        0.141255       0.0205203 
          4.424        0.142623       0.0204472 
        4.43014        0.144504       0.0203744 
        4.43628         0.14518        0.020302 
        4.44241         0.14686         0.02023 
        4.44855        0.148286       0.0201583 
        4.45469        0.149538       0.0200869 
        4.46083        0.150876        0.020016 
        4.46696        0.152388       0.0199455 
        4.47309        0.154008       0.0198751 
        4.47923         0.15518       0.0198052 
        4.48537        0.156858       0.0197356 
         4.4915        0.158506       0.0196663 
        4.49764        0.160015       0.0195974 
        4.50378        0.161921       0.0195287 
        4.50991         0.16325       0.0194605 
        4.51604        0.164424       0.0193926 
        4.52218        0.166664       0.0193249 
        4.52832        0.167979       0.0192576 
        4.53445        0.169626       0.0191906 
        4.54059        0.172047        0.019124 
        4.54673        0.172646       0.0190576 
        4.55286        0.175313       0.0189916 
          4.559        0.176822       0.0189258 
        4.56513        0.178228       0.0188605 
        4.57127        0.180474       0.0187954 
        4.57741        0.182407       0.0187306 
        4.58354        0.183894       0.0186661 
        4.58968         0.18582       0.0186019 
        4.59582        0.187928        0.018538 
        4.60195        0.189897       0.0184744 
        4.60809        0.191961       0.0184112 
        4.61422        0.194193       0.0183482 
        4.62036        0.196118       0.0182856 
        4.62649        0.198136       0.0182231 
        4.63263        0.200632       0.0181611 
        4.63876        0.202548       0.0180993 
         4.6449        0.204707       0.0180377 
        4.65104        0.207419       0.0179765 
        4.65717        0.209043       0.0179156 
        4.66331        0.210881       0.0178549 
        4.66944        0.213448       0.0177945 
        4.67558        0.215806       0.0177345 
        4.68171        0.218523       0.0176746 
        4.68785        0.220502        0.017615 
        4.69399        0.222527       0.0175557 
        4.70012        0.225628       0.0174968 
        4.70625        0.227521       0.0174381 
        4.71239        0.230235       0.0173796 
        4.71853        0.232798       0.0173214 
        4.72467        0.235635       0.0172635 
         4.7308        0.238191       0.0172058 
        4.73694        0.240796       0.0171484 
        4.74308        0.242644       0.0170913 
        4.74922        0.246989       0.0170344 
        4.75535        0.249707       0.0169778 
        4.76148        0.251776       0.0169215 
        4.76762        0.253954       0.0168653 
        4.77376        0.257673       0.0168095 
        4.77989         0.26082        0.016754 
        4.78602        0.263125       0.0166986 
        4.79216        0.266176       0.0166435 
         4.7983        0.268961       0.0165887 
        4.80443        0.272939       0.0165341 
        4.81056        0.275443       0.0164798 
         4.8167         0.27733       0.0164257 
        4.82284        0.281566       0.0163718 
        4.82898        0.285273       0.0163182 
        4.83511        0.287909       0.0162648 
        4.84125        0.291976       0.0162117 
        4.84739        0.294753       0.0161588 
        4.85352        0.297783       0.0161061 
        4.85965        0.302027       0.0160537 
        4.86579        0.305418       0.0160015 
        4.87193         0.30845       0.0159495 
        4.87807        0.312732       0.0158978 
         4.8842        0.316572       0.0158463 
        4.89034        0.320241        0.015795 
        4.89647        0.324113        0.015744 
        4.90261        0.327601       0.0156932 
        4.90874        0.331139       0.0156426 
        4.91488        0.335502       0.0155923 
        4.92102        0.338463       0.0155421 
        4.92715        0.342746       0.0154921 
        4.93329        0.346568       0.0154425 
        4.93942        0.351102        0.015393 
        4.94556        0.355424       0.0153437 
         4.9517        0.359654       0.0152946 
        4.95783        0.364042       0.0152458 
        4.96397        0.368159       0.0151971 
        4.97011        0.372204       0.0151487 
        4.97624        0.377334       0.0151005 
        4.98238        0.381604       0.0150526 
        4.98851        0.387491       0.0150048 
        4.99465        0.390013       0.0149572 
        5.00078        0.395477       0.0149098 
        5.00691        0.401169       0.0148627 
        5.01305        0.405926       0.0148158 
        5.01919        0.409607        0.014769 
        5.02533        0.415491       0.0147224 
        5.03146        0.420031       0.0146761 
         5.0376        0.426024       0.0146299 
        5.04374        0.430565        0.014584 
        5.04987        0.437005       0.0145382 
        5.05601        0.442065       0.0144927 
        5.06215        0.447449       0.0144473 
        5.06829        0.453215       0.0144021 
        5.07442        0.458976       0.0143571 
        5.08055        0.465018       0.0143124 
        5.08668        0.469068       0.0142678 
        5.09282        0.475995       0.0142234 
        5.09896        0.482418       0.0141792 
        5.10509        0.487036       0.0141352 
        5.11123        0.494089       0.0140913 
        5.11736        0.501065       0.0140477 
         5.1235         0.50625       0.0140042 
        5.12964        0.513035       0.0139609 
        5.13577        0.519488       0.0139178 
        5.14191        0.525386       0.0138749 
        5.14804         0.53275       0.0138322 
        5.15418        0.536654       0.0137896 
        5.16032        0.544717       0.0137473 
        5.16645         0.55347        0.013705 
        5.17259        0.558806        0.013663 
        5.17872        0.566005       0.0136212 
        5.18486        0.575677       0.0135795 
          5.191        0.581442        0.013538 
        5.19713        0.588957       0.0134967 
        5.20327        0.596593       0.0134556 
        5.20941        0.604474       0.0134146 
        5.21555        0.610754       0.0133737 
        5.22168        0.618991       0.0133331 
        5.22781        0.627475       0.0132927 
        5.23395        0.637203       0.0132524 
        5.24009        0.641941       0.0132122 
        5.24622         0.65094       0.0131723 
        5.25236        0.658644       0.0131325 
         5.2585         0.66875       0.0130928 
        5.26463        0.675682       0.0130534 
        5.27077        0.688108       0.0130141 
         5.2769        0.692883       0.0129749 
        5.28304        0.703475        0.012936 
        5.28917        0.710937       0.0128971 
         5.2953        0.719002       0.0128585 
        5.30144        0.730169         0.01282 
        5.30757        0.740736       0.0127817 
        5.31371        0.749293       0.0127435 
        5.31985        0.759649       0.0127054 
        5.32599         0.77257       0.0126675 
        5.33213        0.778115       0.0126298 
        5.33826        0.790803       0.0125922 
         5.3444        0.801356       0.0125548 
        5.35053        0.809843       0.0125175 
        5.35667        0.818242       0.0124804 
        5.36281        0.830499       0.0124435 
        5.36894        0.842253       0.0124067 
        5.37507        0.852256         0.01237 
        5.38121         0.86197       0.0123335 
        5.38735        0.876019       0.0122971 
        5.39348        0.888405       0.0122609 
        5.39961        0.898101       0.0122249 
        5.40575        0.906794       0.0121889 
        5.41189        0.922925       0.0121531 
        5.41803        0.929539       0.0121175 
        5.42416        0.948658        0.012082 
         5.4303        0.956722       0.0120466 
        5.43644        0.970725       0.0120114 
        5.44257        0.980588       0.0119764 
        5.44871        0.994818       0.0119414 
        5.45484         1.01193       0.0119066 
        5.46098         1.02204        0.011872 
        5.46712         1.03625       0.0118374 
        5.47325         1.05198       0.0118031 
        5.47938         1.06422       0.0117689 
        5.48552         1.07529       0.0117348 
        5.49165         1.09047       0.0117008 
        5.49779         1.10736        0.011667 
        5.50393          1.1192       0.0116333 
        5.51006         1.13296       0.0115997 
         5.5162         1.15097       0.0115663 
        5.52234         1.16522       0.0115329 
        5.52847         1.17704       0.0114998 
        5.53461         1.19349       0.0114667 
        5.54075         1.21287       0.0114338 
        5.54688         1.22457        0.011401 
        5.55302         1.23716       0.0113684 
        5.55915         1.25674       0.0113359 
        5.56529         1.27063       0.0113035 
        5.57143         1.28091       0.0112712 
        5.57756         1.30651        0.011239 
         5.5837         1.32155        0.011207 
        5.58983         1.34127       0.0111751 
        5.59597         1.35532       0.0111434 
         5.6021         1.37571       0.0111117 
        5.60824         1.38787       0.0110802 
        5.61438         1.40655       0.0110488 
        5.62051          1.4235       0.0110175 
        5.62665         1.43967       0.0109863 
        5.63278         1.45728       0.0109553 
        5.63892         1.47909       0.0109244 
        5.64505         1.49899       0.0108936 
        5.65119         1.51162       0.0108629 
        5.65733         1.53645       0.0108324 
        5.66346         1.56653       0.0108019 
         5.6696         1.56757       0.0107716 
        5.67573          1.6011       0.0107414 
        5.68187         1.61735       0.0107113 
          5.688         1.63764       0.0106813 
        5.69414         1.65399       0.0106515 
        5.70028         1.68072       0.0106217 
        5.70642         1.70073        0.010592 
        5.71255         1.71621       0.0105625 
        5.71869         1.74271       0.0105331 
        5.72482         1.75825       0.0105038 
        5.73096         1.78643       0.0104746 
        5.73709         1.79942       0.0104456 
        5.74322         1.82131       0.0104166 
        5.74936         1.84167       0.0103878 
         5.7555         1.85934        0.010359 
        5.76164         1.89108       0.0103304 
        5.76777         1.90398       0.0103019 
        5.77391          1.9162       0.0102734 
        5.78005         1.95291       0.0102451 
        5.78618         1.97118       0.0102169 
        5.79231         1.98931       0.0101888 
        5.79845         2.01306       0.0101608 
        5.80459         2.05526       0.0101329 
        5.81073         2.06231       0.0101051 
        5.81686         2.09378       0.0100775 
          5.823         2.10709       0.0100499 
        5.82914         2.13557       0.0100224 
        5.83527          2.1512      0.00999507 
         5.8414         2.17485      0.00996781 
        5.84754           2.201      0.00994063 
        5.85368         2.23343      0.00991355 
        5.85981         2.24168      0.00988659 
        5.86595         2.26292      0.00985974 
        5.87208         2.29453      0.00983298 
        5.87822         2.32484      0.00980633 
        5.88435         2.34443      0.00977978 
        5.89049         2.36611      0.00975331 
        5.89662         2.38265      0.00972694 
        5.90276         2.41605      0.00970066 
         5.9089         2.44247      0.00967447 
        5.91503         2.47496      0.00964841 
        5.92117         2.48941      0.00962243 
        5.92731         2.52176      0.00959653 
        5.93344         2.53146      0.00957074 
        5.93958         2.56463      0.00954506 
        5.94572         2.58579      0.00951945 
        5.95186         2.60914      0.00949393 
        5.95799         2.63567      0.00946854 
        5.96412          2.6494      0.00944322 
        5.97026         2.67923      0.00941798 
         5.9764         2.70424      0.00939286 
        5.98253         2.73444      0.00936784 
        5.98866         2.75109      0.00934288 
         5.9948         2.76242      0.00931801 
        6.00094         2.79986      0.00929324 
        6.00707         2.81915      0.00926856 
        6.01321         2.84517      0.00924396 
        6.01935         2.87531      0.00921946 
        6.02548         2.89516      0.00919505 
        6.03162          2.9091      0.00917073 
        6.03775         2.93724      0.00914651 
        6.04389         2.96227      0.00912236 
        6.05003         2.96948      0.00909828 
        6.05617         3.00782      0.00907429 
         6.0623         3.01112      0.00905041 
        6.06844         3.05062      0.00902661 
        6.07457         3.06564       0.0090029 
         6.0807         3.08092      0.00897928 
        6.08684         3.12019      0.00895574 
        6.09298         3.13169      0.00893227 
        6.09912         3.16084      0.00890888 
        6.10525         3.14898       0.0088856 
        6.11138          3.1897      0.00886239 
        6.11752         3.20389      0.00883926 
        6.12366         3.20986      0.00881621 
        6.12979         3.23181      0.00879326 
        6.13593          3.2445      0.00877039 
        6.14207         3.28317      0.00874758 
         6.1482         3.29462      0.00872485 
        6.15434         3.28925      0.00870222 
        6.16047         3.32029      0.00867968 
        6.16661         3.33556       0.0086572 
        6.17274         3.36593       0.0086348 
        6.17887         3.35731       0.0086125 
        6.18501         3.36245      0.00859026 
        6.19115         3.40747      0.00856809 
        6.19729          3.3813        0.008546 
        6.20342         3.41815        0.008524 
        6.20956         3.43825      0.00850207 
         6.2157         3.45798      0.00848021 
        6.22183         3.44469      0.00845844 
        6.22797         3.46279      0.00843675 
         6.2341           3.468      0.00841514 
        6.24024         3.45618      0.00839359 
        6.24638          3.4744      0.00837211 
        6.25251         3.48749      0.00835073 
        6.25865         3.48826      0.00832941 
        6.26478         3.48945      0.00830816 
        6.27092         3.48937        0.008287 
        6.27705         3.51017      0.00826592 
        6.28318         3.03938       0.0082449 
