#  a  GeffG(a,k)  D1(a,k)  D1mnu(a,k) ( D1_transfer(a,k) D1mnu_transfer(a,k) )  D2(a,k)  D3a(a,k)  D3b(a,k)  (source terms)  (Output for k = 1e-05 h/Mpc)
       0.047619                1        0.952283      0.00120931        0.952282        0.841065        -0.38817       -0.287327        0.205234        0.995081        0.995075        0.995075        0.995075 
      0.0485219                1        0.970401      0.00154141          0.9704        0.898977       -0.403025       -0.303977        0.217126        0.995081        0.995075        0.995075        0.995075 
      0.0494419                1        0.988806      0.00237672        0.988805        0.961074       -0.418444       -0.321583        0.229702        0.995082        0.995075        0.995075        0.995075 
      0.0503793                1          1.0076      0.00371941          1.0076         1.02648       -0.434447         -0.3402           0.243        0.995082        0.995075        0.995075        0.995075 
      0.0513344                1         1.02668      0.00557535         1.02668         1.09363       -0.451057        -0.35989        0.257063        0.995082        0.995075        0.995075        0.995075 
      0.0523077                1          1.0461      0.00794963          1.0461         1.16397       -0.468298       -0.380714        0.271936        0.995083        0.995075        0.995075        0.995075 
      0.0532995                1         1.06586       0.0108478         1.06587           1.239       -0.486194        -0.40274        0.287667        0.995083        0.995075        0.995075        0.995075 
        0.05431                1         1.08602       0.0142756         1.08602         1.32001       -0.504772       -0.426038        0.304306        0.995083        0.995075        0.995075        0.995075 
      0.0553397                1         1.10657       0.0182386         1.10657         1.40816       -0.524056       -0.450683        0.321905        0.995084        0.995075        0.995075        0.995075 
      0.0563889                1         1.12754       0.0227429         1.12754         1.50443       -0.544075       -0.476753        0.340522        0.995084        0.995075        0.995075        0.995075 
      0.0574581                1         1.14894       0.0277945         1.14895         1.60967       -0.564856       -0.504333        0.360215        0.995085        0.995075        0.995075        0.995075 
      0.0585475                1         1.17078       0.0333996         1.17079          1.7246        -0.58643        -0.53351        0.381047        0.995085        0.995075        0.995075        0.995075 
      0.0596575                1         1.19307       0.0395645         1.19307         1.84984       -0.608827       -0.564377        0.403085        0.995086        0.995075        0.995075        0.995075 
      0.0607886                1         1.21579       0.0462958          1.2158         1.98588       -0.632078       -0.597034          0.4264        0.995086        0.995075        0.995075        0.995075 
      0.0619411                1         1.23897       0.0536001         1.23898         2.13313       -0.656216       -0.631585        0.451065        0.995087        0.995075        0.995075        0.995075 
      0.0631155                1         1.26259       0.0614842         1.26259          2.2919       -0.681277        -0.66814        0.477158        0.995088        0.995075        0.995075        0.995075 
      0.0643122                1         1.28664       0.0699551         1.28665         2.46241       -0.707294       -0.706816        0.504765        0.995088        0.995075        0.995075        0.995075 
      0.0655315                1         1.31112         0.07902         1.31113         2.64484       -0.734305       -0.747737        0.533971        0.995089        0.995075        0.995075        0.995075 
       0.066774                1         1.33603       0.0886862         1.33604         2.83926       -0.762349       -0.791034        0.564871         0.99509        0.995075        0.995075        0.995075 
        0.06804                1         1.36135       0.0989611         1.36136         3.04603       -0.791463       -0.836844        0.597563        0.995091        0.995075        0.995075        0.995075 
        0.06933                1         1.38713        0.109852         1.38714         3.26638       -0.821691       -0.885315         0.63215        0.995091        0.995075        0.995075        0.995075 
      0.0706445                1         1.41339        0.121368          1.4134         3.50152       -0.853074         -0.9366        0.668743        0.995092        0.995075        0.995075        0.995075 
      0.0719839                1         1.44015        0.133515         1.44017         3.75248       -0.885657       -0.990863        0.707459        0.995093        0.995075        0.995075        0.995075 
      0.0733487                1         1.46745        0.146303         1.46746         4.02012       -0.919486        -1.04828         0.74842        0.995094        0.995075        0.995075        0.995075 
      0.0747394                1         1.49528         0.15974          1.4953         4.30512       -0.954608        -1.10902        0.791757        0.995095        0.995075        0.995075        0.995075 
      0.0761564                1         1.52367        0.173834         1.52369         4.60802       -0.991073         -1.1733        0.837608        0.995096        0.995075        0.995075        0.995075 
      0.0776003                1         1.55262        0.188594         1.55263         4.92923        -1.02893        -1.24131        0.886118        0.995097        0.995075        0.995075        0.995075 
      0.0790716                1         1.58212        0.204028         1.58214         5.26904        -1.06824        -1.31326        0.937441        0.995098        0.995075        0.995075        0.995075 
      0.0805708                1         1.61218        0.220147          1.6122         5.62761        -1.10905         -1.3894         0.99174        0.995099        0.995075        0.995075        0.995075 
      0.0820984                1          1.6428        0.236959         1.64282         6.00502        -1.15142        -1.46995         1.04919        0.995101        0.995075        0.995075        0.995075 
       0.083655                1         1.67396        0.254473         1.67398         6.40127        -1.19541        -1.55518         1.10997        0.995102        0.995075        0.995075        0.995075 
       0.085241                1         1.70568          0.2727          1.7057          6.8182        -1.24108        -1.64535         1.17427        0.995103        0.995075        0.995075        0.995075 
      0.0868572                1         1.73797        0.291649           1.738         7.26153         -1.2885        -1.74075          1.2423        0.995104        0.995075        0.995075        0.995075 
       0.088504                1         1.77088        0.311331         1.77091         7.73681        -1.33773        -1.84169         1.31427        0.995106        0.995075        0.995075        0.995075 
       0.090182                1         1.80443        0.331755         1.80446         8.24883        -1.38884        -1.94849         1.39041        0.995107        0.995075        0.995075        0.995075 
      0.0918918                1         1.83864        0.352933         1.83866         8.80175         -1.4419        -2.06147         1.47097        0.995109        0.995075        0.995075        0.995075 
      0.0936341                1          1.8735        0.374875         1.87353          9.3991        -1.49699        -2.18101         1.55619         0.99511        0.995075        0.995075        0.995075 
      0.0954093                1         1.90904        0.397591         1.90907         10.0438        -1.55419        -2.30748         1.64634        0.995112        0.995075        0.995075        0.995075 
      0.0972183                1         1.94526        0.421094         1.94529         10.7384        -1.61357        -2.44127         1.74172        0.995114        0.995075        0.995075        0.995075 
      0.0990615                1         1.98214        0.445394         1.98217         11.4849        -1.67522        -2.58282         1.84262        0.995116        0.995075        0.995075        0.995075 
        0.10094                1         2.01969        0.470504         2.01973         12.2848        -1.73922        -2.73256         1.94936        0.995118        0.995075        0.995075        0.995075 
       0.102853                1         2.05793        0.496434         2.05797         13.1418        -1.80567        -2.89098         2.06228         0.99512        0.995075        0.995075        0.995075 
       0.104804                1         2.09688        0.523198         2.09692          14.061        -1.87465        -3.05857         2.18173        0.995122        0.995075        0.995075        0.995075 
       0.106791                1         2.13658        0.550807         2.13662         15.0468        -1.94626        -3.23585         2.30809        0.995125        0.995075        0.995075        0.995075 
       0.108815                1         2.17704        0.579273         2.17708         16.1029         -2.0206         -3.4234         2.44176        0.995127        0.995075        0.995075        0.995075 
       0.110878                1         2.21828        0.608611         2.21832         17.2324        -2.09778        -3.62179         2.58315         0.99513        0.995075        0.995075        0.995075 
       0.112981                1          2.2603        0.638832         2.26035         18.4375         -2.1779        -3.83165         2.73272        0.995133        0.995075        0.995075        0.995075 
       0.115123                1         2.30311        0.669951         2.30316         19.7201        -2.26108        -4.05365         2.89093        0.995136        0.995075        0.995075        0.995075 
       0.117305                1         2.34671         0.70198         2.34676         21.0815        -2.34742        -4.28847         3.05827        0.995139        0.995075        0.995075        0.995075 
        0.11953                1         2.39111        0.734933         2.39116          22.526        -2.43705        -4.53686         3.23529        0.995142        0.995075        0.995075        0.995075 
       0.121796                1         2.43633        0.768824         2.43638         24.0634        -2.53009        -4.79959         3.42252        0.995145        0.995075        0.995075        0.995075 
       0.124105                1         2.48241        0.803669         2.48247         25.7023        -2.62668        -5.07749         3.62055        0.995148        0.995075        0.995075        0.995075 
       0.126458                1         2.52937         0.83948         2.52943         27.4502        -2.72694        -5.37142         3.83001        0.995152        0.995075        0.995075        0.995075 
       0.128856                1         2.57723        0.876273         2.57729         29.3133        -2.83101        -5.68231         4.05155        0.995156        0.995075        0.995075        0.995075 
       0.131299                1         2.62598        0.914063         2.62604         31.2965        -2.93904        -6.01112         4.28585         0.99516        0.995075        0.995075        0.995075 
       0.133788                1         2.67563        0.952865          2.6757         33.4039        -3.05117        -6.35889         4.53366        0.995164        0.995075        0.995075        0.995075 
       0.136325                1         2.72619        0.992695         2.72626         35.6419        -3.16756        -6.72668         4.79574        0.995168        0.995075        0.995075        0.995075 
       0.138909                1          2.7777         1.03357         2.77777         38.0234        -3.28836        -7.11565         5.07291        0.995172        0.995075        0.995075        0.995075 
       0.141543                1         2.83017          1.0755         2.83025         40.5604        -3.41375        -7.52701         5.36603        0.995177        0.995075        0.995075        0.995075 
       0.144227                1         2.88364         1.11851         2.88372         43.2631        -3.54389        -7.96203           5.676        0.995182        0.995075        0.995075        0.995075 
       0.146961                1         2.93811         1.16261         2.93819         46.1396        -3.67896        -8.42206          6.0038        0.995187        0.995075        0.995075        0.995075 
       0.149748                1         2.99359         1.20782         2.99367         49.1968        -3.81915        -8.90852         6.35043        0.995192        0.995075        0.995075        0.995075 
       0.152587                1         3.05009         1.25415         3.05017         52.4419        -3.96464        -9.42291         6.71696        0.995197        0.995075        0.995075        0.995075 
        0.15548                1         3.10763         1.30163         3.10772         55.8912        -4.11563        -9.96683         7.10453        0.995203        0.995075        0.995075        0.995075 
       0.158428                1         3.16624         1.35027         3.16634         59.5617        -4.27232        -10.5419         7.51433        0.995209        0.995075        0.995075        0.995075 
       0.161431                1         3.22596         1.40009         3.22605         63.4678        -4.43493          -11.15         7.94761        0.995215        0.995075        0.995075        0.995075 
       0.164492                1         3.28678          1.4511         3.28688         67.6212        -4.60367        -11.7929         8.40572        0.995221        0.995075        0.995075        0.995075 
       0.167611                1         3.34872         1.50333         3.34882         72.0315        -4.77878        -12.4726         8.89004        0.995228        0.995075        0.995075        0.995075 
       0.170789                1         3.41179         1.55679          3.4119         76.7133        -4.96047        -13.1912         9.40206        0.995235        0.995075        0.995075        0.995075 
       0.174027                1         3.47603          1.6115         3.47614         81.6899          -5.149        -13.9508         9.94334        0.995242        0.995075        0.995075        0.995075 
       0.177326                1         3.54146         1.66748         3.54157         86.9824        -5.34462        -14.7538         10.5155         0.99525        0.995075        0.995075        0.995075 
       0.180688                1          3.6081         1.72476         3.60821         92.6079        -5.54757        -15.6026         11.1204        0.995258        0.995075        0.995075        0.995075 
       0.184114                1         3.67595         1.78334         3.67607         98.5806        -5.75814        -16.4998         11.7597        0.995266        0.995075        0.995075        0.995075 
       0.187605                1         3.74503         1.84324         3.74515         104.919        -5.97659         -17.448         12.4354        0.995275        0.995075        0.995075        0.995075 
       0.191162                1         3.81538          1.9045         3.81551         111.653        -6.20321        -18.4502         13.1495        0.995283        0.995075        0.995075        0.995075 
       0.194786                1         3.88702         1.96712         3.88715          118.81        -6.43829        -19.5093         13.9042        0.995293        0.995075        0.995075        0.995075 
       0.198479                1         3.95996         2.03113          3.9601         126.412        -6.68214        -20.6286         14.7018        0.995302        0.995075        0.995075        0.995075 
       0.202242                1         4.03422         2.09654         4.03436         134.478        -6.93507        -21.8112         15.5446        0.995312        0.995075        0.995075        0.995075 
       0.206077                1         4.10982         2.16338         4.10996         143.038        -7.19741        -23.0608          16.435        0.995323        0.995075        0.995075        0.995075 
       0.209984                1         4.18679         2.23167         4.18694         152.132        -7.46948         -24.381         17.3759        0.995334        0.995075        0.995075        0.995075 
       0.213965                1         4.26514         2.30142          4.2653         161.789        -7.75163        -25.7757         18.3698        0.995345        0.995075        0.995075        0.995075 
       0.218022                1          4.3449         2.37266         4.34506         172.037        -8.04422        -27.2491         19.4198        0.995357        0.995075        0.995075        0.995075 
       0.222156                1         4.42608          2.4454         4.42625         182.908         -8.3476        -28.8053         20.5288         0.99537        0.995075        0.995075        0.995075 
       0.226368                1         4.50871         2.51967         4.50888         194.452        -8.66216         -30.449         21.7002        0.995382        0.995075        0.995075        0.995075 
        0.23066                1         4.59281         2.59549         4.59299         206.708        -8.98827        -32.1848         22.9373        0.995396        0.995075        0.995075        0.995075 
       0.235033                1          4.6784         2.67288         4.67858          219.71        -9.32635        -34.0178         24.2436         0.99541        0.995075        0.995075        0.995075 
       0.239489                1         4.76549         2.75184         4.76568         233.504        -9.67678        -35.9532         25.6229        0.995424        0.995075        0.995075        0.995075 
        0.24403                1         4.85411         2.83242          4.8543         248.144          -10.04        -37.9965         27.0792        0.995439        0.995075        0.995075        0.995075 
       0.248656                1         4.94428         2.91462         4.94448         263.681        -10.4164        -40.1534         28.6164        0.995455        0.995075        0.995075        0.995075 
       0.253371                1         5.03601         2.99846         5.03622         280.157        -10.8065        -42.4301          30.239        0.995472        0.995075        0.995075        0.995075 
       0.258175                1         5.12933         3.08396         5.12954         297.634        -11.2107        -44.8327         31.9515        0.995489        0.995075        0.995075        0.995075 
        0.26307                1         5.22426         3.17115         5.22447         316.178        -11.6295        -47.3681         33.7585        0.995507        0.995075        0.995075        0.995075 
       0.268057                1          5.3208         3.26003         5.32103         335.845        -12.0633         -50.043         35.6651        0.995525        0.995075        0.995075        0.995075 
        0.27314                1         5.41899         3.35063         5.41922         356.698        -12.5126        -52.8648         37.6763        0.995544        0.995075        0.995075        0.995075 
       0.278318                1         5.51883         3.44296         5.51907         378.816         -12.978        -55.8411         39.7977        0.995564        0.995075        0.995075        0.995075 
       0.283595                1         5.62035         3.53704          5.6206         402.272        -13.4598        -58.9798         42.0349        0.995585        0.995075        0.995075        0.995075 
       0.288972                1         5.72356         3.63289         5.72381         427.134        -13.9587        -62.2891         44.3938        0.995607        0.995075        0.995075        0.995075 
       0.294451                1         5.82847         3.73051         5.82873         453.498        -14.4752        -65.7778         46.8806         0.99563        0.995075        0.995075        0.995075 
       0.300034                1         5.93511         3.82993         5.93537         481.449        -15.0098        -69.4549         49.5017        0.995654        0.995075        0.995075        0.995075 
       0.305722                1         6.04347         3.93115         6.04375         511.072         -15.563        -73.3296         52.2637        0.995678        0.995075        0.995075        0.995075 
       0.311519                1         6.15358         4.03419         6.15386         542.475        -16.1353        -77.4118         55.1737        0.995704        0.995075        0.995075        0.995075 
       0.317425                1         6.26545         4.13906         6.26574         575.762        -16.7274        -81.7117         58.2389         0.99573        0.995075        0.995075        0.995075 
       0.323443                1         6.37908         4.24577         6.37938         611.032        -17.3398        -86.2397         61.4667        0.995758        0.995075        0.995075        0.995075 
       0.329576                1         6.49449         4.35433         6.49479         648.412        -17.9731        -91.0068         64.8651        0.995787        0.995075        0.995075        0.995075 
       0.335824                1         6.61168         4.46474         6.61199         688.013        -18.6277        -96.0243          68.442        0.995817        0.995075        0.995075        0.995075 
       0.342191                1         6.73065         4.57701         6.73097         729.965        -19.3044        -101.304         72.2059        0.995849        0.995075        0.995075        0.995075 
       0.348679                1         6.85141         4.69114         6.85174         774.424        -20.0037        -106.858         76.1653        0.995881        0.995075        0.995075        0.995075 
        0.35529                1         6.97397         4.80714         6.97431         821.521         -20.726        -112.698         80.3292        0.995915        0.995075        0.995075        0.995075 
       0.362026                1         7.09832           4.925         7.09867         871.394        -21.4721        -118.839         84.7068        0.995951        0.995075        0.995075        0.995075 
        0.36889                1         7.22446         5.04472         7.22482         924.227        -22.2425        -125.292         89.3075        0.995988        0.995075        0.995075        0.995075 
       0.375884                1         7.35239         5.16631         7.35276          980.18        -23.0377        -132.071         94.1411        0.996026        0.995075        0.995075        0.995075 
       0.383011                1          7.4821         5.28975         7.48247         1039.42        -23.8583        -139.191         99.2175        0.996066        0.995075        0.995075        0.995075 
       0.390273                1         7.61358         5.41503         7.61396         1102.15        -24.7048        -146.666         104.547        0.996108        0.995075        0.995075        0.995075 
       0.397672                1         7.74682         5.54215         7.74722         1168.56        -25.5778         -154.51          110.14        0.996151        0.995075        0.995075        0.995075 
       0.405212                1         7.88181         5.67108         7.88221         1238.85        -26.4777        -162.738         116.006        0.996196        0.995075        0.995075        0.995075 
       0.412895                1         8.01852         5.80182         8.01894         1313.26        -27.4052        -171.365         122.158        0.996243        0.995075        0.995075        0.995075 
       0.420723                1         8.15696         5.93435         8.15739         1392.02        -28.3606        -180.407         128.605        0.996293        0.995075        0.995075        0.995075 
         0.4287                1         8.29708         6.06863         8.29752         1475.36        -29.3445         -189.88          135.36        0.996344        0.995075        0.995075        0.995075 
       0.436828                1         8.43886         6.20465         8.43931         1563.57        -30.3572        -199.798         142.432        0.996397        0.995075        0.995075        0.995075 
        0.44511                1         8.58228         6.34238         8.58274         1656.87        -31.3993        -210.177         149.833        0.996452        0.995075        0.995075        0.995075 
       0.453549                1         8.72729         6.48179         8.72777         1755.59        -32.4709        -221.034         157.575         0.99651        0.995075        0.995075        0.995075 
       0.462148                1         8.87388         6.62283         8.87437            1860        -33.5726        -232.384         165.669        0.996571        0.995075        0.995075        0.995075 
       0.470911                1         9.02199         6.76548         9.02249         1970.44        -34.7046        -244.242         174.126        0.996633        0.995075        0.995075        0.995075 
       0.479839                1         9.17158         6.90968         9.17209         2087.24        -35.8672        -256.625         182.956        0.996699        0.995075        0.995075        0.995075 
       0.488937                1         9.32261         7.05539         9.32314         2210.73        -37.0605        -269.547         192.172        0.996767        0.995075        0.995075        0.995075 
       0.498207                1         9.47503         7.20257         9.47557         2341.32        -38.2848        -283.024         201.783        0.996838        0.995075        0.995075        0.995075 
       0.507653                1         9.62878         7.35115         9.62933         2479.38        -39.5402         -297.07         211.801        0.996912        0.995075        0.995075        0.995075 
       0.517278                1         9.78381         7.50108         9.78437         2625.32        -40.8267          -311.7         222.235         0.99699        0.995075        0.995075        0.995075 
       0.527085                1         9.94004          7.6523         9.94062         2779.56        -42.1445        -326.926         233.095         0.99707        0.995075        0.995075        0.995075 
       0.537079                1         10.0974         7.80475          10.098         2942.57        -43.4933        -342.762          244.39        0.997154        0.995075        0.995075        0.995075 
       0.547261                1         10.2559         7.95835         10.2565         3114.82        -44.8731        -359.221         256.129        0.997242        0.995075        0.995075        0.995075 
       0.557637                1         10.4154         8.11302          10.416         3296.81        -46.2838        -376.313          268.32        0.997334        0.995075        0.995075        0.995075 
        0.56821                1         10.5758         8.26871         10.5764         3489.07         -47.725        -394.049         280.971        0.997429        0.995075        0.995075        0.995075 
       0.578983                1          10.737         8.42532         10.7376         3692.17        -49.1966        -412.439         294.089        0.997529        0.995075        0.995075        0.995075 
       0.589961                1          10.899         8.58276         10.8997         3906.71         -50.698        -431.491         307.679        0.997633        0.995075        0.995075        0.995075 
       0.601146                1         11.0617         8.74097         11.0624         4133.27        -52.2288        -451.211         321.747        0.997741        0.995075        0.995075        0.995075 
       0.612544                1          11.225         8.89984         11.2257         4372.52        -53.7884        -471.607         336.296        0.997855        0.995075        0.995075        0.995075 
       0.624157                1         11.3887         9.05928         11.3895         4625.13        -55.3764        -492.682         351.331        0.997973        0.995075        0.995075        0.995075 
       0.635991                1         11.5529          9.2192         11.5536         4891.84        -56.9919        -514.439         366.852        0.998097        0.995075        0.995075        0.995075 
       0.648049                1         11.7174          9.3795         11.7181         5173.42        -58.6342         -536.88         382.862        0.998226        0.995075        0.995075        0.995075 
       0.660336                1         11.8821         9.54008         11.8828         5470.61        -60.3025        -560.005          399.36        0.998361        0.995075        0.995075        0.995075 
       0.672856                1         12.0468         9.70083         12.0476          5784.3        -61.9958        -583.811         416.345        0.998501        0.995075        0.995075        0.995075 
       0.685613                1         12.2116         9.86167         12.2124         6115.38        -63.7132        -608.295         433.814        0.998649        0.995075        0.995075        0.995075 
       0.698612                1         12.3763         10.0225         12.3771         6464.78        -65.4535        -633.451         451.764        0.998803        0.995075        0.995075        0.995075 
       0.711858                1         12.5408         10.1831         12.5416          6833.5        -67.2157        -659.273         470.188        0.998964        0.995075        0.995075        0.995075 
       0.725354                1         12.7049         10.3436         12.7057         7222.52        -68.9986        -685.751         489.082        0.999132        0.995075        0.995075        0.995075 
       0.739107                1         12.8686         10.5036         12.8695         7632.91         -70.801        -712.874         508.436        0.999308        0.995075        0.995075        0.995075 
        0.75312                1         13.0318         10.6633         13.0327         8065.94        -72.6214        -740.629         528.243        0.999492        0.995075        0.995075        0.995075 
       0.767399                1         13.1944         10.8223         13.1952         8522.83        -74.4585        -769.003         548.491        0.999685        0.995075        0.995075        0.995075 
       0.781949                1         13.3562         10.9808         13.3571         9004.76        -76.3109        -797.977         569.169        0.999886        0.995075        0.995075        0.995075 
       0.796775                1         13.5171         11.1384         13.5181         9513.09        -78.1772        -827.535         590.263          1.0001        0.995075        0.995075        0.995075 
       0.811881                1         13.6772         11.2952         13.6781           10049        -80.0558        -857.655          611.76         1.00032        0.995075        0.995075        0.995075 
       0.827274                1         13.8362          11.451         13.8371         10614.2        -81.9452        -888.317         633.645         1.00055        0.995075        0.995075        0.995075 
       0.842959                1          13.994         11.6057          13.995         11211.2        -83.8438        -919.497           655.9         1.00079        0.995075        0.995075        0.995075 
       0.858941                1         14.1506         11.7593         14.1516         11841.6          -85.75        -951.171         678.508         1.00105        0.995075        0.995075        0.995075 
       0.875227                1         14.3059         11.9116         14.3069         12505.8        -87.6624        -983.312          701.45         1.00131        0.995075        0.995075        0.995075 
       0.891821                1         14.4598         12.0625         14.4608         13202.7        -89.5791        -1015.89         724.707         1.00159        0.995075        0.995075        0.995075 
        0.90873                1         14.6121         12.2121         14.6132         13935.9        -91.4986        -1048.88         748.259         1.00188        0.995075        0.995075        0.995075 
       0.925959                1         14.7629         12.3601         14.7639         14715.7        -93.4194        -1082.26         772.084         1.00219        0.995075        0.995075        0.995075 
       0.943515                1         14.9119         12.5065         14.9131         15550.3        -95.3397        -1115.98          796.16         1.00252        0.995075        0.995075        0.995075 
       0.961404                1         15.0598         12.6513         15.0605         16430.1        -97.2581        -1150.02         820.465         1.00286        0.995075        0.995075        0.995075 
       0.979632                1         15.2035         12.7943          15.206         17328.4        -99.1728        -1184.35         844.976         1.00321        0.995075        0.995075        0.995075 
       0.998205                1          15.347         12.9355         15.3498         18225.8        -101.082        -1218.94         869.669         1.00355        0.995075        0.995075        0.995075 
        1.01713                1          15.366         13.0748         15.3634         18311.1        -102.985        -1253.74         894.522         1.00358        0.995075        0.995075        0.995075 
        1.03642                1         15.3613         13.2122         15.3634         18311.1         -104.88        -1288.74         919.509         1.00358        0.995075        0.995075        0.995075 
        1.05607                1         15.3625         13.3476         15.3634         18311.1        -106.766        -1323.88         944.608         1.00358        0.995075        0.995075        0.995075 
        1.07609                1         15.3622          13.481         15.3634         18311.1         -108.64        -1359.15         969.793         1.00358        0.995075        0.995075        0.995075 
        1.09649                1         15.3623         13.6123         15.3634         18311.1        -110.502         -1394.5         995.042         1.00358        0.995075        0.995075        0.995075 
        1.11728                1         15.3623         13.7414         15.3634         18311.1         -112.35        -1429.91         1020.33         1.00358        0.995075        0.995075        0.995075 
        1.13846                1         15.3623         13.8685         15.3634         18311.1        -114.184        -1465.34         1045.63         1.00358        0.995075        0.995075        0.995075 
        1.16005                1         15.3623         13.9933         15.3634         18311.1        -116.001        -1500.76         1070.93         1.00358        0.995075        0.995075        0.995075 
        1.18204                1         15.3623         14.1159         15.3634         18311.1        -117.801        -1536.13          1096.2         1.00358        0.995075        0.995075        0.995075 
        1.20445                1         15.3623         14.2363         15.3634         18311.1        -119.583        -1571.43         1121.41         1.00358        0.995075        0.995075        0.995075 
        1.22729                1         15.3623         14.3544         15.3634         18311.1        -121.346        -1606.62         1146.55         1.00358        0.995075        0.995075        0.995075 
        1.25056                1         15.3623         14.4702         15.3634         18311.1        -123.088        -1641.68          1171.6         1.00358        0.995075        0.995075        0.995075 
        1.27427                1         15.3623         14.5838         15.3634         18311.1        -124.809        -1676.57         1196.53         1.00358        0.995075        0.995075        0.995075 
        1.29843                1         15.3623          14.695         15.3634         18311.1        -126.508        -1711.28         1221.32         1.00358        0.995075        0.995075        0.995075 
        1.32305                1         15.3623          14.804         15.3634         18311.1        -128.184        -1745.76         1245.96         1.00358        0.995075        0.995075        0.995075 
        1.34813                1         15.3623         14.9106         15.3634         18311.1        -129.836        -1780.01         1270.43         1.00358        0.995075        0.995075        0.995075 
        1.37369                1         15.3623          15.015         15.3634         18311.1        -131.465        -1813.98          1294.7         1.00358        0.995075        0.995075        0.995075 
        1.39974                1         15.3623         15.1171         15.3634         18311.1        -133.069        -1847.66         1318.77         1.00358        0.995075        0.995075        0.995075 
        1.42628                1         15.3623         15.2168         15.3634         18311.1        -134.647        -1881.03         1342.62         1.00358        0.995075        0.995075        0.995075 
        1.45332                1         15.3623         15.3144         15.3634         18311.1          -136.2        -1914.07         1366.23         1.00358        0.995075        0.995075        0.995075 
        1.48087                1         15.3623         15.4096         15.3634         18311.1        -137.726        -1946.75         1389.59         1.00358        0.995075        0.995075        0.995075 
        1.50895                1         15.3623         15.5026         15.3634         18311.1        -139.226        -1979.06         1412.68         1.00358        0.995075        0.995075        0.995075 
        1.53756                1         15.3623         15.5934         15.3634         18311.1        -140.699        -2010.98          1435.5         1.00358        0.995075        0.995075        0.995075 
        1.56671                1         15.3623          15.682         15.3634         18311.1        -142.145         -2042.5         1458.02         1.00358        0.995075        0.995075        0.995075 
        1.59641                1         15.3623         15.7685         15.3634         18311.1        -143.564        -2073.59         1480.25         1.00358        0.995075        0.995075        0.995075 
        1.62668                1         15.3623         15.8527         15.3634         18311.1        -144.955        -2104.26         1502.17         1.00358        0.995075        0.995075        0.995075 
        1.65752                1         15.3623         15.9349         15.3634         18311.1        -146.319        -2134.47         1523.77         1.00358        0.995075        0.995075        0.995075 
        1.68895                1         15.3623         16.0149         15.3634         18311.1        -147.655        -2164.23         1545.05         1.00358        0.995075        0.995075        0.995075 
        1.72097                1         15.3623         16.0929         15.3634         18311.1        -148.963        -2193.53         1565.99         1.00358        0.995075        0.995075        0.995075 
         1.7536                1         15.3623         16.1688         15.3634         18311.1        -150.244        -2222.35          1586.6         1.00358        0.995075        0.995075        0.995075 
        1.78685                1         15.3623         16.2427         15.3634         18311.1        -151.497        -2250.68         1606.86         1.00358        0.995075        0.995075        0.995075 
        1.82073                1         15.3623         16.3147         15.3634         18311.1        -152.723        -2278.53         1626.77         1.00358        0.995075        0.995075        0.995075 
        1.85525                1         15.3623         16.3847         15.3634         18311.1        -153.922        -2305.88         1646.33         1.00358        0.995075        0.995075        0.995075 
        1.89042                1         15.3623         16.4528         15.3634         18311.1        -155.093        -2332.73         1665.53         1.00358        0.995075        0.995075        0.995075 
        1.92626                1         15.3623          16.519         15.3634         18311.1        -156.237        -2359.08         1684.37         1.00358        0.995075        0.995075        0.995075 
        1.96279                1         15.3623         16.5834         15.3634         18311.1        -157.355        -2384.92         1702.85         1.00358        0.995075        0.995075        0.995075 
              2                1         15.3623         16.5837         15.3634         18311.1         -157.36        -2385.05         1702.94         1.00358        0.995075        0.995075        0.995075 
