# k  (h/Mpc)    P(k)  (Mpc/h)^3    P_linear(k)  (Mpc/h)^3
     0.00783031         10853.8         10968.3 
       0.013688         11837.8         12116.9 
       0.019231         10786.9         10915.7 
      0.0249154         8886.27         8827.09 
      0.0312784         6562.15         6554.09 
      0.0375637         4898.34         4913.15 
      0.0433917         4016.43         3988.18 
      0.0492413         3504.88         3499.59 
      0.0555754         3281.22         3254.86 
      0.0619321         3041.03         3093.61 
       0.067871         2869.39         2881.37 
      0.0738098         2568.85         2563.79 
      0.0800417         2182.49         2156.98 
      0.0862327         1787.28         1762.53 
      0.0921407          1499.3         1461.34 
      0.0982031         1311.23         1256.13 
       0.104506         1174.42         1145.09 
       0.110769         1133.26         1104.82 
       0.116806          1124.6         1091.48 
       0.122832         1082.82         1066.47 
       0.129052          1021.8         1005.38 
       0.135211         945.142         909.033 
       0.141259         829.897         797.272 
       0.147318         725.567         691.146 
       0.153489         649.238         606.488 
       0.159709         604.945         551.723 
       0.165845         560.958         524.333 
       0.171974           559.5         513.715 
       0.178125          547.02         507.684 
       0.184229         519.889         495.672 
        0.19034         502.959         472.005 
       0.196428         474.603         437.589 
       0.202534         427.731         397.787 
       0.208729         406.143         359.233 
       0.214876         378.919         328.287 
       0.220989         350.784         306.934 
       0.227147         342.256         294.014 
        0.23329         331.084         286.688 
       0.239377         327.605         281.101 
       0.245482         312.571         273.794 
       0.251667         299.036         262.783 
       0.257832         292.095         248.324 
       0.263955         271.822         232.125 
       0.270079         256.724         216.305 
        0.27624         244.007         202.626 
       0.282372         235.894         192.104 
        0.28843         232.808          184.67 
       0.294538         221.641         179.232 
       0.300721         214.432         174.626 
        0.30691          210.74         169.711 
       0.313033         200.696         163.898 
       0.319153         196.543         157.012 
       0.325316         190.162          149.46 
        0.33145          183.36         141.968 
       0.337538         175.553         135.211 
       0.343633         169.808         129.448 
       0.349808         164.368         124.725 
       0.355968          160.69         120.857 
       0.362074         156.001         117.489 
       0.368217          153.16         114.186 
       0.374374         149.012         110.657 
       0.380519         142.711         106.874 
       0.386598         139.831         102.929 
       0.392688         135.026          98.974 
        0.39888         132.431         95.1751 
       0.405048         128.787         91.7399 
       0.411186          126.85         88.7266 
       0.417313         123.827         86.0867 
       0.423458         120.535         83.6722 
       0.429607         117.175         81.3667 
       0.435692         115.403         79.1078 
       0.441815         112.225         76.7869 
       0.447964         108.748         74.4138 
       0.454126         106.771         72.0585 
       0.460267         105.552         69.7932 
       0.466387         102.399         67.6583 
        0.47254         101.277         65.6683 
       0.478662         97.9121         63.8536 
       0.484765         96.1969         62.1668 
       0.490885          94.097         60.5522 
       0.497035         93.0517          58.973 
       0.503198         91.4005         57.4202 
       0.509342         89.0357         55.8904 
       0.515458         87.3329         54.3839 
       0.521598         85.0256         52.9082 
       0.527764          84.273         51.4854 
       0.533884          83.433         50.1488 
           0.54         81.1415         48.8848 
       0.546137         79.1832         47.6761 
       0.552299         77.6651         46.5118 
       0.558452         76.4489         45.3898 
       0.564573         75.9857         44.3074 
       0.570708         73.7632         43.2505 
       0.576825         72.9033         42.2201 
       0.582926          72.054         41.2155 
       0.589034         70.6834          40.238 
       0.595184         69.6458         39.2872 
       0.601379         68.2541         38.3682 
       0.607522         66.5828         37.4953 
       0.613639         66.1295         36.6594 
       0.619772         64.8058         35.8493 
       0.625918         64.4008          35.061 
       0.632068         62.8027         34.2919 
       0.638161         62.0999         33.5488 
         0.6443         61.5968         32.8201 
       0.650464         60.0833         32.1097 
       0.656582         59.8071         31.4263 
       0.662703          58.968         30.7646 
       0.668861         57.6879         30.1201 
       0.675024         57.5099         29.4948 
       0.681124         56.4988         28.8943 
       0.687237         55.6944         28.3094 
       0.693381         54.7634         27.7374 
       0.699536         54.2741         27.1795 
       0.705665         53.5943         26.6388 
       0.711789          52.726         26.1131 
       0.717957         51.9844         25.5979 
        0.72409         51.3642         25.0997 
       0.730186         51.0456         24.6181 
       0.736317         50.2929         24.1471 
       0.742472         49.3936         23.6871 
       0.748622         48.7143         23.2398 
        0.75476         48.4906         22.8053 
       0.760888         48.0432         22.3827 
       0.767043         47.0438         21.9691 
       0.773185         46.3267         21.5667 
       0.779291         45.9133         21.1766 
       0.785407         45.5326         20.7955 
       0.791564         45.1862         20.4213 
       0.797719         44.3031         20.0565 
       0.803834         44.1245          19.703 
       0.809972         43.6688         19.3567 
       0.816124         42.9746         19.0181 
       0.822261         42.4049         18.6886 
       0.828378         42.2683          18.368 
       0.834502         41.7816         18.0547 
       0.840667         41.3684         17.7468 
       0.846816         40.9075          17.447 
       0.852925         40.4212         17.1561 
       0.859047          40.172         16.8713 
       0.865192         39.6368         16.5921 
       0.871341         39.2442          16.319 
       0.877463         38.7504         16.0534 
       0.883569          38.724         15.7944 
       0.889708         38.2113         15.5398 
       0.895864          37.915         15.2902 
       0.902008         37.4789         15.0467 
       0.908149         36.9782         14.8086 
       0.914301         36.7463         14.5753 
       0.920448         36.6553         14.3473 
       0.926574         35.9588          14.125 
       0.932687          35.704         13.9079 
       0.938823         35.3758         13.6946 
       0.944975         34.9434         13.4854 
       0.951105         34.6732         13.2812 
       0.957225         34.4494         13.0817 
       0.963368         34.1544         12.8856 
       0.969511         33.8412         12.6936 
       0.975621         33.4785         12.5065 
       0.981748         33.2616         12.3227 
       0.987916         32.8715         12.1415 
        0.99406         32.7148         11.9646 
        1.00019         32.3274         11.7916 
        1.00632            32.1         11.6222 
        1.01246         31.8671         11.4559 
        1.01859         31.6012         11.2931 
        1.02471         31.3531         11.1337 
        1.03085         31.0467         10.9768 
        1.03698         30.9087         10.8233 
        1.04314         30.6177         10.6721 
        1.04929         30.2788         10.5242 
        1.05541         30.1665         10.3797 
        1.06154         29.8549         10.2375 
        1.06769         29.6002         10.0978 
        1.07382         29.3219          9.9612 
        1.07993         29.2143         9.82743 
        1.08607         28.9096         9.69558 
        1.09222         28.7651         9.56603 
        1.09836         28.5447         9.43901 
        1.10449         28.3525         9.31445 
        1.11063         28.0958         9.19202 
        1.11677         28.0414         9.07184 
         1.1229         27.7228         8.95403 
        1.12903         27.5196         8.83822 
        1.13518           27.39         8.72438 
        1.14131         27.1698         8.61261 
        1.14745         26.9825         8.50287 
        1.15359         26.6456         8.39503 
        1.15973         26.6412         8.28902 
        1.16584         26.3857         8.18532 
        1.17197         26.1607         8.08326 
        1.17811         25.9746         7.98264 
        1.18424         25.6854         7.88402 
        1.19038         25.5011          7.7868 
        1.19652         25.4413         7.69125 
        1.20267         25.2056         7.59732 
        1.20881         25.0553         7.50498 
        1.21495         25.0009         7.41432 
        1.22108         24.8892         7.32518 
         1.2272         24.5744         7.23772 
        1.23334         24.5005         7.15149 
        1.23949          24.311         7.06646 
        1.24562          24.169         6.98305 
        1.25174         24.0059         6.90111 
        1.25789         23.8125         6.82025 
        1.26402         23.7005         6.74082 
        1.27014         23.5874         6.66286 
        1.27628         23.3891         6.58591 
        1.28244          23.407         6.51002 
        1.28858         23.1107         6.43544 
        1.29471         22.9188         6.36219 
        1.30084         22.7803         6.29016 
        1.30697         22.7356         6.21914 
        1.31312         22.5813         6.14912 
        1.31925         22.3997          6.0804 
        1.32537         22.2065          6.0128 
        1.33151         22.1014         5.94599 
        1.33765          22.054         5.88024 
        1.34378         21.9409         5.81561 
        1.34992         21.7298         5.75192 
        1.35606         21.5131         5.68904 
         1.3622         21.4927         5.62723 
        1.36833         21.4358         5.56648 
        1.37445         21.2186         5.50666 
        1.38059         21.0591         5.44754 
        1.38675         21.0394         5.38915 
        1.39288          20.893         5.33185 
        1.39901         20.7242         5.27541 
        1.40515         20.6134         5.21967 
         1.4113         20.5706         5.16475 
        1.41742         20.4246         5.11084 
        1.42355         20.2293         5.05759 
         1.4297          20.228         5.00494 
        1.43585         20.1084         4.95307 
        1.44198         19.9582         4.90213 
        1.44809         19.8168           4.852 
        1.45423         19.7828         4.80239 
        1.46036          19.698         4.75356 
        1.46649         19.5453          4.7054 
        1.47263         19.4384         4.65787 
        1.47877         19.3129         4.61101 
        1.48491         19.1979         4.56473 
        1.49104         19.1181         4.51918 
        1.49718         19.0751         4.47423 
        1.50333         18.9776         4.42981 
        1.50947         18.7715         4.38609 
         1.5156         18.7842         4.34302 
        1.52172         18.6477         4.30054 
        1.52787         18.6205         4.25854 
          1.534         18.4339         4.21715 
        1.54013         18.4447         4.17635 
        1.54627         18.2852         4.13603 
        1.55241         18.2177         4.09623 
        1.55855         18.0904         4.05701 
        1.56467         17.9582         4.01841 
         1.5708         17.9615         3.98021 
        1.57695         17.8342         3.94244 
        1.58308         17.7222         3.90526 
        1.58922          17.652         3.86853 
        1.59535         17.5857         3.83229 
         1.6015          17.529         3.79646 
        1.60764         17.3907         3.76111 
        1.61376         17.2937         3.72631 
        1.61989         17.2226         3.69192 
        1.62604         17.1207         3.65789 
        1.63218         16.9746         3.62431 
        1.63831         16.9605         3.59122 
        1.64444         16.9069         3.55854 
        1.65059         16.7902         3.52619 
        1.65673         16.7421         3.49428 
        1.66285         16.6675         3.46285 
        1.66898         16.5995          3.4318 
        1.67512         16.5001         3.40107 
        1.68127         16.4429         3.37068 
         1.6874         16.3786         3.34074 
        1.69353         16.2515         3.31118 
        1.69967         16.1752         3.28191 
        1.70581         16.1468           3.253 
        1.71193          16.062         3.22456 
        1.71806         15.9935         3.19639 
        1.72421         15.9304          3.1685 
        1.73035         15.8551         3.14098 
        1.73649         15.7304          3.1138 
        1.74262         15.6787         3.08695 
        1.74876         15.6888         3.06041 
        1.75489          15.532         3.03423 
        1.76101         15.5049         3.00837 
        1.76715         15.3588         2.98277 
        1.77329         15.3264         2.95744 
        1.77943         15.2841          2.9324 
        1.78557         15.2453         2.90768 
        1.79171         15.1552         2.88324 
        1.79785          15.074         2.85908 
        1.80399         14.9787          2.8352 
        1.81012         14.9434         2.81163 
        1.81625         14.8473         2.78833 
        1.82239         14.8085         2.76527 
        1.82853         14.7472         2.74247 
        1.83466         14.6694         2.71996 
        1.84078         14.6122         2.69772 
        1.84692         14.5303          2.6757 
        1.85306         14.4974          2.6539 
         1.8592         14.4702         2.63237 
        1.86533         14.3937         2.61109 
        1.87147         14.3085         2.59003 
        1.87761         14.2571         2.56919 
        1.88375         14.1884          2.5486 
        1.88988         14.1052         2.52826 
        1.89601         14.0845         2.50813 
        1.90215         14.0288         2.48821 
        1.90829         13.9606         2.46851 
        1.91442         13.8773         2.44902 
        1.92056         13.8597         2.42976 
         1.9267         13.8045         2.41069 
        1.93284         13.7453         2.39181 
        1.93897         13.6752         2.37317 
        1.94509         13.6369         2.35477 
        1.95123         13.5505         2.33651 
        1.95737          13.496         2.31844 
        1.96349          13.458         2.30061 
        1.96964         13.3928         2.28291 
        1.97578         13.3703         2.26539 
        1.98192          13.292         2.24809 
        1.98805         13.2497         2.23097 
        1.99419          13.175         2.21402 
        2.00033         13.1239         2.19725 
        2.00647         13.0701         2.18065 
         2.0126         13.0076         2.16425 
        2.01874          12.964           2.148 
        2.02488         12.9069          2.1319 
        2.03101         12.8705         2.11599 
        2.03714         12.8137         2.10026 
        2.04328         12.7499         2.08468 
        2.04941          12.696         2.06926 
        2.05554         12.6811         2.05401 
        2.06167         12.6338          2.0389 
        2.06781         12.5748         2.02393 
        2.07396         12.5354         2.00909 
        2.08009         12.4793         1.99443 
        2.08622         12.4368         1.97993 
        2.09237         12.3653         1.96555 
        2.09851         12.3426         1.95131 
        2.10464         12.2753         1.93723 
        2.11077         12.2373         1.92331 
        2.11691           12.18         1.90949 
        2.12305          12.148         1.89581 
        2.12918          12.089          1.8823 
        2.13531         12.0526         1.86892 
        2.14145         12.0115         1.85564 
         2.1476         11.9458         1.84247 
        2.15372         11.9269         1.82949 
        2.15985          11.881         1.81663 
        2.16599         11.8162         1.80385 
        2.17213         11.7808         1.79121 
        2.17827         11.7315          1.7787 
         2.1844         11.6733         1.76631 
        2.19054         11.6689         1.75404 
        2.19666         11.6075         1.74191 
         2.2028         11.5792         1.72987 
        2.20893         11.5155         1.71795 
        2.21508         11.4722         1.70612 
        2.22122         11.4294          1.6944 
        2.22736         11.3996         1.68282 
        2.23349         11.3526         1.67135 
        2.23962         11.3191         1.65997 
        2.24577         11.2746          1.6487 
         2.2519         11.2163         1.63754 
        2.25802         11.1731         1.62651 
        2.26417         11.1748         1.61554 
        2.27031         11.1037         1.60467 
        2.27644          11.067         1.59393 
        2.28257          11.031         1.58329 
        2.28872          10.993         1.57272 
        2.29486         10.9807         1.56226 
        2.30099         10.9075         1.55191 
        2.30712         10.8776         1.54165 
        2.31326         10.8294         1.53146 
         2.3194         10.8063         1.52138 
        2.32553         10.7452          1.5114 
        2.33166         10.7106         1.50151 
         2.3378         10.6888          1.4917 
        2.34394         10.6387         1.48198 
        2.35007         10.6111         1.47235 
        2.35619         10.5825         1.46282 
        2.36233         10.5172         1.45336 
        2.36848         10.4911         1.44395 
        2.37462         10.4662         1.43466 
        2.38075         10.4082         1.42545 
        2.38689          10.382         1.41631 
        2.39303         10.3445         1.40726 
        2.39916         10.2996         1.39829 
        2.40529         10.2696         1.38941 
        2.41143         10.2377         1.38059 
        2.41757         10.1781         1.37185 
         2.4237         10.1532          1.3632 
        2.42983         10.1316         1.35462 
        2.43598         10.1021          1.3461 
        2.44211         10.0598         1.33766 
        2.44823         10.0112         1.32932 
        2.45437         10.0012         1.32102 
        2.46052         9.95451         1.31279 
        2.46665         9.92676         1.30464 
        2.47279         9.87945         1.29656 
        2.47892          9.8644         1.28855 
        2.48507         9.84023          1.2806 
         2.4912         9.78157         1.27272 
        2.49733         9.74175         1.26492 
        2.50347         9.71576         1.25718 
        2.50961         9.69304         1.24949 
        2.51575         9.65367         1.24187 
        2.52188          9.6271         1.23433 
        2.52802         9.57562         1.22684 
        2.53416         9.57056         1.21941 
        2.54029         9.51673         1.21206 
        2.54641         9.49918         1.20477 
        2.55255         9.45893         1.19753 
        2.55869         9.43291         1.19034 
        2.56483         9.40111         1.18322 
        2.57096         9.37527         1.17616 
        2.57709         9.32439         1.16916 
        2.58323         9.31241         1.16221 
        2.58937         9.27446         1.15531 
        2.59551         9.23599         1.14848 
        2.60164         9.21404          1.1417 
        2.60778         9.19025         1.13498 
        2.61392         9.16093          1.1283 
        2.62006            9.12         1.12169 
        2.62619         9.09112         1.11513 
        2.63232          9.0724         1.10863 
        2.63846         9.04676         1.10217 
        2.64459         8.99534         1.09577 
        2.65072         8.98517         1.08942 
        2.65686         8.95424         1.08312 
          2.663         8.92595         1.07686 
        2.66915         8.88683         1.07065 
        2.67527          8.8466          1.0645 
        2.68141         8.84967          1.0584 
        2.68755         8.80819         1.05234 
        2.69368         8.78439         1.04633 
        2.69981         8.74642         1.04038 
        2.70595         8.72672         1.03446 
        2.71209          8.6992         1.02859 
        2.71823         8.67568         1.02277 
        2.72436         8.65289         1.01699 
         2.7305         8.61197         1.01126 
        2.73663          8.5916         1.00557 
        2.74276         8.55705        0.999935 
         2.7489         8.53151        0.994335 
        2.75504         8.50922        0.988773 
        2.76118         8.46675        0.983251 
        2.76732         8.46047         0.97778 
        2.77345         8.41393        0.972352 
        2.77959          8.4098        0.966963 
        2.78572         8.37576        0.961617 
        2.79186         8.35075        0.956313 
        2.79798         8.32055        0.951055 
        2.80412         8.30225        0.945826 
        2.81027         8.26346        0.940631 
         2.8164         8.23554        0.935485 
        2.82253          8.2377        0.930379 
        2.82867         8.19477        0.925308 
        2.83481         8.17558        0.920274 
        2.84095         8.14086        0.915277 
        2.84708         8.11529        0.910324 
        2.85322         8.08832        0.905401 
        2.85935         8.07312        0.900516 
        2.86549         8.05087         0.89567 
        2.87162         8.01991        0.890859 
        2.87776         7.98998        0.886085 
        2.88389         7.97375        0.881342 
        2.89003         7.94713        0.876637 
        2.89617         7.93108        0.871964 
        2.90231         7.89001        0.867326 
        2.90844         7.87419        0.862722 
        2.91458         7.85624        0.858152 
        2.92071         7.83326        0.853621 
        2.92684         7.80411        0.849117 
        2.93298         7.78937        0.844648 
         2.9391         7.77432        0.840218 
        2.94524         7.73214        0.835812 
        2.95138         7.72667        0.831436 
        2.95752         7.68397        0.827088 
        2.96367          7.6697         0.82277 
         2.9698          7.6467        0.818491 
        2.97594         7.62161        0.814239 
        2.98207         7.59526        0.810018 
        2.98821         7.57315         0.80583 
        2.99434         7.56673        0.801672 
        3.00048         7.54816         0.79754 
        3.00662         7.52291        0.793437 
        3.01275          7.4949        0.789369 
        3.01888         7.47255        0.785328 
        3.02503         7.45103        0.781308 
        3.03117         7.42356        0.777319 
        3.03729         7.41054        0.773368 
        3.04342         7.38931         0.76944 
        3.04957         7.36218         0.76553 
         3.0557         7.34633        0.761655 
        3.06183         7.32449        0.757813 
        3.06796         7.30311        0.753992 
        3.07411         7.28368         0.75019 
        3.08025         7.25954        0.746421 
        3.08637          7.2422        0.742684 
         3.0925         7.21505        0.738968 
        3.09865         7.19653         0.73527 
         3.1048         7.18114        0.731599 
        3.11093         7.16317         0.72796 
        3.11706         7.14337        0.724345 
         3.1232         7.11745        0.720754 
        3.12933         7.09218        0.717185 
        3.13547         7.08083        0.713643 
        3.14159         7.06402         0.71013 
        3.14773         7.04049        0.706633 
        3.15388         7.01625        0.703157 
        3.16001         7.00092        0.699711 
        3.16614         6.98561        0.696288 
        3.17228         6.96274        0.692886 
        3.17842         6.94876        0.689507 
        3.18455         6.92801        0.686152 
        3.19068         6.89959        0.682821 
        3.19682         6.88553        0.679507 
        3.20297         6.87547        0.676215 
         3.2091         6.85403        0.672947 
        3.21524         6.82728        0.669701 
        3.22138         6.80526        0.666477 
         3.2275         6.80925        0.663279 
        3.23363         6.78353        0.660101 
        3.23977         6.75804        0.656939 
        3.24591         6.74228        0.653799 
        3.25205         6.72216        0.650678 
        3.25818         6.70333        0.647578 
        3.26432         6.69354          0.6445 
        3.27046         6.66982        0.641442 
         3.2766         6.64156        0.638403 
        3.28273         6.63867        0.635384 
        3.28887         6.61284        0.632386 
          3.295         6.59579        0.629408 
        3.30113         6.58231        0.626448 
        3.30727          6.5639        0.623507 
        3.31341         6.54388        0.620587 
        3.31954         6.52558        0.617685 
        3.32568         6.51517        0.614799 
        3.33182         6.49482        0.611932 
        3.33795         6.47835        0.609087 
        3.34409          6.4603        0.606256 
        3.35022         6.44418        0.603444 
        3.35636         6.43614        0.600652 
         3.3625         6.41667        0.597875 
        3.36864         6.40933        0.595117 
        3.37477         6.38222        0.592376 
        3.38091         6.36596        0.589654 
        3.38704          6.3496         0.58695 
        3.39318         6.33252        0.584261 
        3.39931         6.31836        0.581588 
        3.40545           6.303        0.578934 
        3.41158            6.28        0.576296 
        3.41772         6.27142        0.573674 
        3.42385         6.25457        0.571071 
        3.42998         6.24455        0.568483 
        3.43612         6.21931        0.565911 
        3.44226         6.21269        0.563353 
         3.4484         6.18937        0.560808 
        3.45453         6.18068        0.558284 
        3.46066         6.16445        0.555777 
        3.46681         6.15438        0.553279 
        3.47295         6.13072        0.550797 
        3.47908         6.11648        0.548338 
        3.48521         6.10398        0.545891 
        3.49135         6.08923        0.543456 
        3.49749         6.07751        0.541037 
        3.50362         6.05658        0.538634 
        3.50976         6.04614        0.536246 
        3.51589         6.02889        0.533872 
        3.52203         6.01846        0.531512 
        3.52816         5.99674         0.52917 
        3.53429         5.99161        0.526839 
        3.54043         5.97604        0.524519 
        3.54657         5.97028        0.522215 
        3.55271         5.94581        0.519926 
        3.55884         5.92527        0.517653 
        3.56498         5.91657         0.51539 
        3.57112         5.89544         0.51314 
        3.57725         5.88544        0.510906 
        3.58338         5.88043        0.508687 
        3.58952         5.85678        0.506479 
        3.59566         5.84624        0.504281 
         3.6018         5.83504        0.502099 
        3.60793         5.81437        0.499931 
        3.61407         5.80506        0.497777 
        3.62021         5.79795        0.495633 
        3.62634          5.7815        0.493503 
        3.63247         5.76755        0.491386 
        3.63861         5.75042        0.489281 
        3.64475         5.73875        0.487185 
        3.65089         5.72573        0.485104 
        3.65702         5.72222        0.483038 
        3.66316         5.70056        0.480981 
        3.66929         5.69319        0.478937 
        3.67543         5.67433        0.476905 
        3.68156         5.65818        0.474886 
        3.68769         5.65061        0.472877 
        3.69383         5.64665        0.470879 
        3.69997         5.63705        0.468893 
        3.70611         5.62016        0.466919 
        3.71224         5.60354        0.464956 
        3.71838         5.59166        0.463005 
        3.72451         5.57643        0.461066 
        3.73065         5.56434        0.459138 
        3.73678          5.5559        0.457221 
        3.74292         5.53893        0.455313 
        3.74906         5.53475        0.453417 
        3.75519         5.51449        0.451532 
        3.76133         5.50964        0.449658 
        3.76746         5.49569        0.447796 
         3.7736         5.47808        0.445944 
        3.77974         5.47228        0.444101 
        3.78588         5.45615        0.442268 
        3.79201         5.44087        0.440447 
        3.79814         5.43828        0.438637 
        3.80428         5.41922        0.436836 
        3.81042         5.41399        0.435044 
        3.81655         5.39938        0.433264 
        3.82268         5.39279        0.431495 
        3.82882         5.38383        0.429735 
        3.83496         5.36624        0.427983 
        3.84109         5.35636        0.426242 
        3.84723         5.34564        0.424512 
        3.85337         5.33508        0.422788 
        3.85951          5.3251        0.421075 
        3.86565         5.31007        0.419373 
        3.87178         5.29725        0.417681 
        3.87791         5.27991        0.415999 
        3.88405         5.27674        0.414324 
        3.89019         5.26233        0.412658 
        3.89632         5.25574        0.411003 
        3.90246         5.24755        0.409356 
         3.9086         5.23385        0.407718 
        3.91473         5.22232         0.40609 
        3.92086         5.21161        0.404473 
        3.92699         5.20585        0.402862 
        3.93313         5.18218        0.401259 
        3.93927         5.18016        0.399666 
         3.9454         5.16648        0.398082 
        3.95154          5.1612        0.396505 
        3.95768         5.15181        0.394937 
        3.96382         5.13958        0.393378 
        3.96995         5.12859        0.391827 
        3.97609          5.1185        0.390285 
        3.98222         5.10873        0.388753 
        3.98836         5.09163        0.387227 
         3.9945         5.08803         0.38571 
        4.00063         5.06879        0.384202 
        4.00677         5.06169          0.3827 
        4.01291         5.05362        0.381206 
        4.01904         5.04479        0.379723 
        4.02517         5.03163        0.378248 
        4.03131         5.01977        0.376778 
        4.03745         5.01575        0.375315 
        4.04358         5.00032        0.373863 
        4.04972         4.98831        0.372418 
        4.05585         4.97794         0.37098 
        4.06199         4.97119        0.369549 
        4.06812         4.96443        0.368127 
        4.07426         4.95238        0.366712 
         4.0804         4.94253        0.365303 
        4.08654         4.93805        0.363902 
        4.09267          4.9266         0.36251 
         4.0988         4.91152        0.361127 
        4.10494         4.90841        0.359748 
        4.11108          4.8926        0.358376 
        4.11721         4.88266        0.357013 
        4.12334         4.87481        0.355657 
        4.12948         4.86646        0.354308 
        4.13561         4.85176        0.352965 
        4.14176         4.84596        0.351628 
        4.14789         4.83473        0.350299 
        4.15403         4.82646        0.348978 
        4.16016         4.81409        0.347663 
         4.1663         4.81534        0.346355 
        4.17243         4.80016        0.345054 
        4.17857         4.79246        0.343759 
        4.18471         4.78423        0.342471 
        4.19084          4.7678        0.341189 
        4.19698         4.76272        0.339915 
        4.20312         4.74615        0.338646 
        4.20925         4.73783        0.337384 
        4.21538         4.73452         0.33613 
        4.22152         4.72677        0.334881 
        4.22766         4.71484        0.333638 
         4.2338          4.7079        0.332402 
        4.23993         4.69853        0.331172 
        4.24607         4.69105        0.329949 
         4.2522         4.68016        0.328731 
        4.25834         4.66953         0.32752 
        4.26447         4.66172        0.326316 
        4.27061         4.65621        0.325117 
        4.27674         4.64762        0.323924 
        4.28288          4.6392        0.322736 
        4.28902         4.62471        0.321555 
        4.29515         4.61881        0.320381 
        4.30129         4.60513        0.319212 
        4.30743         4.59612        0.318048 
        4.31356         4.58975         0.31689 
        4.31969         4.58747         0.31574 
        4.32583         4.57012        0.314595 
        4.33197         4.56526        0.313453 
         4.3381         4.56085        0.312319 
        4.34424         4.54886         0.31119 
        4.35038         4.54042        0.310066 
        4.35652         4.53633        0.308948 
        4.36265         4.52081        0.307836 
        4.36878         4.51231         0.30673 
        4.37492          4.5032        0.305628 
        4.38106         4.49945        0.304532 
        4.38719         4.48888        0.303442 
        4.39333          4.4797        0.302358 
        4.39946         4.47366        0.301279 
         4.4056         4.46299        0.300204 
        4.41173         4.45485        0.299135 
        4.41786         4.44828        0.298073 
          4.424         4.44065        0.297014 
        4.43014         4.43138        0.295959 
        4.43628         4.42691         0.29491 
        4.44241         4.41982        0.293868 
        4.44855         4.40426        0.292829 
        4.45469         4.40049        0.291795 
        4.46083         4.39211        0.290768 
        4.46696         4.38678        0.289745 
        4.47309         4.37343        0.288727 
        4.47923         4.36492        0.287713 
        4.48537         4.36214        0.286705 
         4.4915         4.35329        0.285701 
        4.49764         4.34644        0.284702 
        4.50378         4.33402        0.283708 
        4.50991         4.32555         0.28272 
        4.51604         4.31675        0.281736 
        4.52218         4.31238        0.280755 
        4.52832         4.29995         0.27978 
        4.53445         4.29651         0.27881 
        4.54059         4.29037        0.277844 
        4.54673         4.27761        0.276883 
        4.55286         4.27032        0.275926 
          4.559         4.26601        0.274974 
        4.56513         4.25636        0.274026 
        4.57127         4.24728        0.273083 
        4.57741         4.24504        0.272144 
        4.58354         4.23333         0.27121 
        4.58968         4.22072         0.27028 
        4.59582         4.21872        0.269354 
        4.60195         4.20738        0.268433 
        4.60809         4.20245        0.267517 
        4.61422         4.19235        0.266605 
        4.62036         4.18614        0.265697 
        4.62649         4.17806        0.264792 
        4.63263         4.17111        0.263893 
        4.63876         4.16374        0.262997 
         4.6449         4.15675        0.262106 
        4.65104         4.14846        0.261218 
        4.65717         4.14342        0.260336 
        4.66331          4.1326        0.259457 
        4.66944         4.12881        0.258582 
        4.67558         4.11847        0.257712 
        4.68171         4.11018        0.256845 
        4.68785         4.10772        0.255981 
        4.69399         4.09436        0.255122 
        4.70012         4.09313        0.254268 
        4.70625         4.07946        0.253418 
        4.71239         4.07165         0.25257 
        4.71853         4.06945        0.251727 
        4.72467         4.05653        0.250887 
         4.7308         4.04914        0.250052 
        4.73694         4.04801         0.24922 
        4.74308         4.04031        0.248392 
        4.74922         4.03118        0.247568 
        4.75535         4.01888        0.246748 
        4.76148         4.01616        0.245932 
        4.76762         4.00874        0.245119 
        4.77376         4.00085        0.244309 
        4.77989         3.99482        0.243505 
        4.78602         3.99011        0.242703 
        4.79216         3.98071        0.241904 
         4.7983         3.96983         0.24111 
        4.80443         3.96587        0.240319 
        4.81056         3.95707        0.239532 
         4.8167         3.95197        0.238748 
        4.82284         3.94493        0.237967 
        4.82898         3.94352         0.23719 
        4.83511         3.93117        0.236417 
        4.84125         3.92668        0.235647 
        4.84739         3.91578         0.23488 
        4.85352          3.9085        0.234117 
        4.85965         3.90476        0.233358 
        4.86579         3.89698        0.232601 
        4.87193         3.88825        0.231848 
        4.87807         3.88139        0.231099 
         4.8842         3.87714        0.230352 
        4.89034          3.8696        0.229609 
        4.89647         3.85974         0.22887 
        4.90261         3.85706        0.228133 
        4.90874         3.84828        0.227401 
        4.91488         3.84009        0.226671 
        4.92102         3.83573        0.225944 
        4.92715         3.82794         0.22522 
        4.93329         3.82143          0.2245 
        4.93942         3.81649        0.223783 
        4.94556         3.80783        0.223068 
         4.9517         3.80358        0.222357 
        4.95783         3.79679         0.22165 
        4.96397         3.78695        0.220945 
        4.97011         3.78433        0.220243 
        4.97624         3.77549        0.219545 
        4.98238         3.77137         0.21885 
        4.98851         3.76254        0.218157 
        4.99465         3.75705        0.217468 
        5.00078         3.74572        0.216781 
        5.00691         3.74483        0.216098 
        5.01305         3.73785        0.215418 
        5.01919         3.72885         0.21474 
        5.02533           3.723        0.214065 
        5.03146         3.71751        0.213393 
         5.0376         3.70716        0.212725 
        5.04374         3.70316        0.212058 
        5.04987         3.69755        0.211395 
        5.05601         3.69215        0.210735 
        5.06215         3.68374        0.210077 
        5.06829         3.68093        0.209422 
        5.07442         3.67464        0.208771 
        5.08055          3.6677        0.208122 
        5.08668          3.6609        0.207476 
        5.09282          3.6551        0.206832 
        5.09896          3.6514        0.206192 
        5.10509         3.64455        0.205554 
        5.11123         3.63565        0.204919 
        5.11736         3.63258        0.204286 
         5.1235         3.62469        0.203656 
        5.12964         3.62055        0.203028 
        5.13577         3.61171        0.202404 
        5.14191         3.60982        0.201781 
        5.14804         3.60027        0.201163 
        5.15418         3.59432        0.200546 
        5.16032         3.58772        0.199932 
        5.16645         3.58341         0.19932 
        5.17259         3.57665        0.198711 
        5.17872         3.56883        0.198105 
        5.18486         3.56469          0.1975 
          5.191         3.56353        0.196899 
        5.19713         3.55253          0.1963 
        5.20327         3.54848        0.195704 
        5.20941         3.54253        0.195109 
        5.21555         3.53739        0.194518 
        5.22168         3.53329        0.193929 
        5.22781         3.52568        0.193343 
        5.23395         3.52028        0.192759 
        5.24009         3.51423        0.192177 
        5.24622         3.51142        0.191597 
        5.25236         3.50259        0.191021 
         5.2585         3.50352        0.190446 
        5.26463          3.4947        0.189874 
        5.27077         3.48821        0.189304 
         5.2769         3.47895        0.188737 
        5.28304         3.47459        0.188172 
        5.28917          3.4686        0.187609 
         5.2953         3.46583        0.187049 
        5.30144         3.46304        0.186491 
        5.30757         3.45421        0.185935 
        5.31371         3.45216        0.185381 
        5.31985         3.44661         0.18483 
        5.32599         3.43875         0.18428 
        5.33213         3.43317        0.183733 
        5.33826         3.42627        0.183189 
         5.3444         3.42282        0.182647 
        5.35053          3.4175        0.182107 
        5.35667         3.41184        0.181568 
        5.36281         3.40823        0.181032 
        5.36894         3.40433        0.180499 
        5.37507          3.3982        0.179968 
        5.38121         3.39222        0.179438 
        5.38735         3.39194        0.178911 
        5.39348         3.38373        0.178386 
        5.39961         3.38389        0.177863 
        5.40575          3.3738        0.177342 
        5.41189           3.373        0.176823 
        5.41803         3.36541        0.176307 
        5.42416         3.35896        0.175792 
         5.4303         3.35708        0.175279 
        5.43644         3.35213        0.174769 
        5.44257         3.34764        0.174261 
        5.44871         3.34337        0.173754 
        5.45484         3.34031         0.17325 
        5.46098         3.33195        0.172747 
        5.46712         3.32824        0.172247 
        5.47325         3.32408        0.171748 
        5.47938         3.32004        0.171252 
        5.48552         3.31309        0.170758 
        5.49165         3.31128        0.170266 
        5.49779         3.30627        0.169775 
        5.50393         3.30137        0.169286 
        5.51006         3.29853        0.168799 
         5.5162         3.29386        0.168315 
        5.52234         3.28981        0.167832 
        5.52847         3.28384        0.167351 
        5.53461          3.2788        0.166872 
        5.54075         3.27416        0.166395 
        5.54688         3.27378        0.165919 
        5.55302         3.26743        0.165446 
        5.55915         3.26403        0.164974 
        5.56529         3.26139        0.164505 
        5.57143         3.25508        0.164037 
        5.57756         3.25256         0.16357 
         5.5837         3.24655        0.163106 
        5.58983         3.24347        0.162644 
        5.59597         3.23952        0.162183 
         5.6021         3.23844        0.161724 
        5.60824         3.23123        0.161267 
        5.61438         3.22851        0.160812 
        5.62051         3.22618        0.160358 
        5.62665         3.22196        0.159906 
        5.63278          3.2178        0.159456 
        5.63892         3.21394        0.159008 
        5.64505          3.2125        0.158562 
        5.65119         3.20741        0.158117 
        5.65733         3.20473        0.157674 
        5.66346         3.19928        0.157232 
         5.6696         3.19797        0.156792 
        5.67573         3.19262        0.156354 
        5.68187         3.18488        0.155918 
          5.688         3.18437        0.155483 
        5.69414         3.18127         0.15505 
        5.70028         3.18056        0.154619 
        5.70642          3.1765        0.154189 
        5.71255          3.1741        0.153761 
        5.71869         3.16781        0.153334 
        5.72482         3.16451        0.152909 
        5.73096         3.15961        0.152486 
        5.73709         3.16011        0.152065 
        5.74322         3.15841        0.151645 
        5.74936         3.15313        0.151226 
         5.7555          3.1529        0.150809 
        5.76164         3.14893        0.150394 
        5.76777         3.14476         0.14998 
        5.77391         3.14412        0.149568 
        5.78005           3.138        0.149157 
        5.78618         3.13697        0.148748 
        5.79231          3.1351        0.148341 
        5.79845         3.13095        0.147935 
        5.80459         3.13202         0.14753 
        5.81073         3.12594        0.147127 
        5.81686         3.12623        0.146726 
          5.823         3.12238        0.146326 
        5.82914         3.11916        0.145927 
        5.83527         3.11765        0.145531 
         5.8414         3.11279        0.145135 
        5.84754         3.11145        0.144741 
        5.85368         3.10985        0.144349 
        5.85981         3.10646        0.143958 
        5.86595          3.1031        0.143568 
        5.87208         3.10123         0.14318 
        5.87822         3.10024        0.142793 
        5.88435         3.09657        0.142408 
        5.89049          3.0982        0.142024 
        5.89662         3.09454        0.141642 
        5.90276         3.09257        0.141261 
         5.9089         3.09094        0.140881 
        5.91503         3.08846        0.140503 
        5.92117         3.08631        0.140126 
        5.92731         3.08462         0.13975 
        5.93344         3.08476        0.139376 
        5.93958         3.08112        0.139004 
        5.94572         3.08102        0.138632 
        5.95186         3.07967        0.138262 
        5.95799         3.07819        0.137894 
        5.96412         3.07394        0.137527 
        5.97026         3.07403         0.13716 
         5.9764          3.0726        0.136796 
        5.98253         3.07275        0.136433 
        5.98866         3.06878        0.136071 
         5.9948         3.06925         0.13571 
        6.00094         3.06746        0.135351 
        6.00707          3.0641        0.134993 
        6.01321         3.06283        0.134636 
        6.01935         3.06381        0.134281 
        6.02548         3.06391        0.133927 
        6.03162         3.06109        0.133574 
        6.03775         3.06098        0.133222 
        6.04389         3.06287        0.132872 
        6.05003         3.05835        0.132523 
        6.05617          3.0571        0.132175 
         6.0623         3.05951        0.131828 
        6.06844         3.05695        0.131483 
        6.07457         3.05655        0.131139 
         6.0807         3.05386        0.130796 
        6.08684         3.05377        0.130455 
        6.09298         3.05332        0.130115 
        6.09912         3.05478        0.129775 
        6.10525         3.05161        0.129437 
        6.11138         3.05431        0.129101 
        6.11752         3.05284        0.128765 
        6.12366         3.05512        0.128431 
        6.12979         3.05397        0.128098 
        6.13593         3.05158        0.127766 
        6.14207         3.05434        0.127435 
         6.1482         3.05394        0.127105 
        6.15434         3.05393        0.126777 
        6.16047         3.05306         0.12645 
        6.16661         3.05492        0.126124 
        6.17274         3.05231        0.125799 
        6.17887         3.05271        0.125475 
        6.18501         3.05258        0.125152 
        6.19115         3.05367        0.124831 
        6.19729         3.05531         0.12451 
        6.20342         3.05526        0.124191 
        6.20956         3.05695        0.123873 
         6.2157         3.05725        0.123556 
        6.22183         3.05741         0.12324 
        6.22797         3.05807        0.122925 
         6.2341         3.05836        0.122612 
        6.24024         3.05904        0.122299 
        6.24638         3.06168        0.121987 
        6.25251         3.06234        0.121677 
        6.25865          3.0617        0.121368 
        6.26478         3.06526        0.121059 
        6.27092         3.06608        0.120752 
        6.27705         3.06597        0.120446 
        6.28318         3.06861        0.120141 
