# k  (h/Mpc)    Pcb(k)  (Mpc/h)^3    Pcb_linear(k)  (Mpc/h)^3
     0.00783031         15266.9           15478 
       0.013688         16710.1         16561.6 
       0.019231         14892.5         14822.5 
      0.0249154         11929.5         12100.2 
      0.0312784          9153.9         9171.16 
      0.0375637         7072.02         6996.65 
      0.0433917         5683.64         5693.84 
      0.0492413         4959.65         4928.57 
      0.0555754         4409.85         4473.42 
      0.0619321         4225.17         4165.64 
       0.067871         3811.58         3853.23 
      0.0738098         3424.89         3451.88 
      0.0800417         2927.91         2957.58 
      0.0862327         2488.41         2468.69 
      0.0921407          2141.9         2074.13 
      0.0982031         1831.53         1779.33 
       0.104506         1686.85         1590.35 
       0.110769         1570.88         1491.84 
       0.116806         1502.27         1440.84 
       0.122832         1450.08         1393.97 
       0.129052         1346.18         1321.02 
       0.135211         1249.47         1215.22 
       0.141259          1152.8         1089.14 
       0.147318         1041.71         960.917 
       0.153489         924.629         847.739 
       0.159709         852.787          762.69 
       0.165845         805.473         708.292 
       0.171974         763.924         676.561 
       0.178125         735.987         656.721 
       0.184229         708.888         638.019 
        0.19034         664.993         612.408 
       0.196428         643.271         577.304 
       0.202534         611.842         534.806 
       0.208729          568.16         489.753 
       0.214876         530.664         448.888 
       0.220989         503.016         415.837 
       0.227147         478.408         391.298 
        0.23329         457.104          374.23 
       0.239377         446.603         361.808 
       0.245482         416.208         350.687 
       0.251667         412.454           338.2 
       0.257832         395.681         323.249 
       0.263955         379.306          306.19 
       0.270079          360.44         288.201 
        0.27624         352.415           270.8 
       0.282372          338.15         255.522 
        0.28843          325.82         243.006 
       0.294538          309.12         232.902 
       0.300721         305.453         224.548 
        0.30691         291.434         217.152 
       0.313033          284.67         209.926 
       0.319153         273.795         202.287 
       0.325316         266.314         194.038 
        0.33145         256.334         185.531 
       0.337538         251.231         177.198 
       0.343633         241.928         169.399 
       0.349808         232.853         162.305 
       0.355968         229.157         156.134 
       0.362074         224.277         150.763 
       0.368217         217.572         145.881 
       0.374374         208.351          141.25 
       0.380519          205.81         136.669 
       0.386598         200.215         132.103 
       0.392688         196.896         127.486 
        0.39888         191.627         122.844 
       0.405048         186.327         118.403 
       0.411186         182.329         114.249 
       0.417313         178.249         110.421 
       0.423458         173.954         106.903 
       0.429607         170.502         103.637 
       0.435692         165.141         100.586 
       0.441815         163.291         97.6336 
       0.447964         159.659         94.7303 
       0.454126         153.965         91.8632 
       0.460267         151.434          89.067 
       0.466387         149.229         86.3638 
        0.47254         145.588         83.7521 
       0.478662         144.975         81.2835 
       0.484765         139.559         78.9626 
       0.490885         137.553         76.7623 
       0.497035         135.181         74.6558 
       0.503198          132.02         72.6317 
       0.509342         130.325         70.6842 
       0.515458         128.107         68.8015 
       0.521598         125.169         66.9589 
       0.527764         123.838         65.1599 
       0.533884         121.901         63.4348 
           0.54         119.585         61.7776 
       0.546137          118.49         60.1821 
       0.552299         116.033         58.6445 
       0.558452          114.57         57.1707 
       0.564573         112.635         55.7605 
       0.570708         110.136         54.3976 
       0.576825         108.806         53.0829 
       0.582926         106.513           51.81 
       0.589034         105.313         50.5715 
       0.595184         103.972         49.3615 
       0.601379         102.044         48.1819 
       0.607522         100.408         47.0521 
       0.613639         99.4196          45.966 
       0.619772         97.4484          44.914 
       0.625918         96.2695         43.8943 
       0.632068         94.9512         42.9061 
       0.638161         94.0599         41.9569 
         0.6443         92.7173          41.029 
       0.650464         91.8225         40.1254 
       0.656582         90.0079         39.2551 
       0.662703         89.2216         38.4102 
       0.668861         87.6006         37.5852 
       0.675024         86.4602         36.7837 
       0.681124         85.7723         36.0136 
       0.687237         84.1847         35.2642 
       0.693381         82.9048         34.5327 
       0.699536         82.3175         33.8209 
       0.705665          81.753         33.1325 
       0.711789         80.2443          32.464 
       0.717957         80.0413         31.8095 
        0.72409         78.4682         31.1767 
       0.730186         77.3731          30.565 
       0.736317         76.7698         29.9663 
       0.742472         76.0597         29.3814 
       0.748622         75.1515         28.8127 
        0.75476         74.3645         28.2602 
       0.760888         73.4519          27.723 
       0.767043         72.9437         27.1977 
       0.773185         72.1594          26.687 
       0.779291         70.8915         26.1924 
       0.785407         70.4748         25.7096 
       0.791564         70.0875          25.236 
       0.797719         68.4725         24.7745 
       0.803834         68.1697         24.3275 
       0.809972         67.3994           23.89 
       0.816124         66.9227         23.4623 
       0.822261         66.3395         23.0462 
       0.828378         65.8455         22.6415 
       0.834502         65.2673         22.2462 
       0.840667         64.3234         21.8578 
       0.846816         63.5304         21.4797 
       0.852925         63.0652         21.1129 
       0.859047          62.285          20.754 
       0.865192         61.8974         20.4022 
       0.871341         61.3064         20.0583 
       0.877463         60.4295         19.7239 
       0.883569         60.3231         19.3979 
       0.889708         59.6032         19.0776 
       0.895864         59.1471         18.7637 
       0.902008         58.6096         18.4576 
       0.908149         58.2335         18.1584 
       0.914301         57.5816         17.8654 
       0.920448         57.1599         17.5791 
       0.926574         56.5859            17.3 
       0.932687         56.5013         17.0277 
       0.938823         55.6734         16.7602 
       0.944975          55.067         16.4978 
       0.951105         54.6384          16.242 
       0.957225         54.1884          15.992 
       0.963368         53.6506         15.7465 
       0.969511         53.5018         15.5061 
       0.975621         53.1551          15.272 
       0.981748         52.6176         15.0421 
       0.987916           52.07         14.8156 
        0.99406          51.786         14.5945 
        1.00019         51.4512         14.3784 
        1.00632         50.9057         14.1669 
        1.01246         50.6637         13.9592 
        1.01859         50.0661         13.7561 
        1.02471          49.724         13.5573 
        1.03085         49.3186         13.3617 
        1.03698         49.0468         13.1704 
        1.04314         48.6409          12.982 
        1.04929         48.2735         12.7977 
        1.05541         47.7361         12.6178 
        1.06154          47.762         12.4408 
        1.06769         47.3289          12.267 
        1.07382         47.0265          12.097 
        1.07993          46.748         11.9307 
        1.08607         46.3417         11.7668 
        1.09222         46.1447         11.6057 
        1.09836         45.6417         11.4479 
        1.10449         45.5137         11.2932 
        1.11063         45.0414         11.1412 
        1.11677         44.7471          10.992 
         1.1229         44.3949         10.8458 
        1.12903         43.9839         10.7021 
        1.13518         43.9728         10.5609 
        1.14131         43.6775         10.4223 
        1.14745         43.3143         10.2863 
        1.15359         43.0407         10.1527 
        1.15973         42.6583         10.0214 
        1.16584         42.3704         9.89294 
        1.17197         42.1143         9.76659 
        1.17811         41.9764         9.64205 
        1.18424         41.5362         9.52004 
        1.19038         41.3541         9.39979 
        1.19652         41.1443         9.28165 
        1.20267         40.6813         9.16554 
        1.20881         40.5758         9.05143 
        1.21495         40.2232         8.93945 
        1.22108         40.2316         8.82937 
         1.2272         39.6324          8.7214 
        1.23334         39.4473         8.61498 
        1.23949         39.3712         8.51009 
        1.24562         38.9828         8.40722 
        1.25174          38.856         8.30621 
        1.25789         38.7088         8.20655 
        1.26402         38.2859         8.10869 
        1.27014         38.1466         8.01267 
        1.27628         37.8522         7.91791 
        1.28244         37.6832          7.8245 
        1.28858          37.514         7.73271 
        1.29471         37.3428          7.6426 
        1.30084         37.1051         7.55399 
        1.30697         36.8447         7.46666 
        1.31312         36.6291         7.38057 
        1.31925          36.382         7.29611 
        1.32537         36.2232         7.21304 
        1.33151         35.9729         7.13096 
        1.33765         35.7987         7.05021 
        1.34378         35.6236         6.97085 
        1.34992         35.3596         6.89266 
        1.35606         35.1939          6.8155 
         1.3622         35.0147         6.73965 
        1.36833          34.821         6.66513 
        1.37445         34.5738         6.59177 
        1.38059         34.3797         6.51928 
        1.38675         34.1698         6.44771 
        1.39288          34.027          6.3775 
        1.39901         33.9061         6.30835 
        1.40515         33.6271         6.24008 
         1.4113         33.4679         6.17284 
        1.41742         33.4116         6.10684 
        1.42355         33.1256         6.04167 
         1.4297         33.0082         5.97726 
        1.43585         32.9019         5.91381 
        1.44198         32.5931         5.85153 
        1.44809         32.5003         5.79025 
        1.45423         32.3231         5.72962 
        1.46036         32.1675         5.66996 
        1.46649         32.0247         5.61113 
        1.47263         31.8097         5.55309 
        1.47877         31.5901         5.49589 
        1.48491         31.6033          5.4394 
        1.49104         31.3283         5.38382 
        1.49718         31.0786         5.32898 
        1.50333         31.1418         5.27481 
        1.50947         30.8715         5.22149 
         1.5156         30.7249           5.169 
        1.52172         30.6444         5.11721 
        1.52787         30.4845         5.06604 
          1.534         30.2723         5.01562 
        1.54013         30.1091         4.96593 
        1.54627         30.0368         4.91683 
        1.55241         29.7577         4.86837 
        1.55855         29.7004         4.82064 
        1.56467         29.4615         4.77368 
         1.5708         29.4838          4.7272 
        1.57695          29.293         4.68127 
        1.58308         29.1204         4.63606 
        1.58922         28.9629         4.59141 
        1.59535          28.883         4.54736 
         1.6015         28.6772         4.50382 
        1.60764         28.5084         4.46088 
        1.61376         28.4122          4.4186 
        1.61989         28.2888         4.37684 
        1.62604         28.1155         4.33553 
        1.63218         28.1002         4.29477 
        1.63831         27.8871         4.25462 
        1.64444         27.7638         4.21497 
        1.65059          27.743         4.17573 
        1.65673         27.5041         4.13703 
        1.66285         27.3489         4.09892 
        1.66898         27.2752         4.06128 
        1.67512         27.1039         4.02404 
        1.68127         27.0054         3.98723 
         1.6874         26.8131         3.95096 
        1.69353         26.7356         3.91516 
        1.69967         26.5984         3.87971 
        1.70581         26.5631         3.84472 
        1.71193         26.4413         3.81029 
        1.71806         26.1913         3.77621 
        1.72421         26.1626         3.74247 
        1.73035         26.0171         3.70919 
        1.73649         25.8493         3.67631 
        1.74262         25.7365         3.64385 
        1.74876         25.6325         3.61177 
        1.75489         25.5431         3.58013 
        1.76101         25.4629         3.54888 
        1.76715         25.3633         3.51796 
        1.77329         25.2478         3.48737 
        1.77943         25.1404         3.45712 
        1.78557         24.9768         3.42728 
        1.79171         24.8972         3.39779 
        1.79785         24.7695         3.36863 
        1.80399         24.7354         3.33982 
        1.81012         24.5481         3.31138 
        1.81625         24.4919         3.28329 
        1.82239         24.3305         3.25548 
        1.82853         24.2897           3.228 
        1.83466         24.0886         3.20086 
        1.84078         23.9478         3.17407 
        1.84692         23.9214         3.14753 
        1.85306          23.787         3.12127 
         1.8592         23.6982         3.09534 
        1.86533         23.5963         3.06972 
        1.87147         23.5496         3.04436 
        1.87761         23.3937         3.01928 
        1.88375         23.3116          2.9945 
        1.88988         23.2333         2.97003 
        1.89601         23.1372         2.94582 
        1.90215         23.0717         2.92185 
        1.90829         22.9464         2.89816 
        1.91442         22.8581         2.87473 
        1.92056         22.7126         2.85158 
         1.9267         22.6891         2.82866 
        1.93284         22.4761         2.80598 
        1.93897         22.4687         2.78359 
        1.94509         22.3607         2.76149 
        1.95123         22.2416         2.73957 
        1.95737         22.1578         2.71787 
        1.96349         22.0985         2.69646 
        1.96964         21.9864         2.67522 
        1.97578         21.8553          2.6542 
        1.98192         21.7977         2.63344 
        1.98805         21.7274         2.61291 
        1.99419         21.6514         2.59259 
        2.00033         21.5151         2.57247 
        2.00647         21.4582         2.55258 
         2.0126         21.3331         2.53292 
        2.01874         21.2845         2.51344 
        2.02488         21.2192         2.49415 
        2.03101         21.1158         2.47509 
        2.03714         21.0363         2.45625 
        2.04328         20.9077         2.43759 
        2.04941         20.8613         2.41913 
        2.05554         20.7732         2.40088 
        2.06167         20.6717         2.38278 
        2.06781         20.5853         2.36488 
        2.07396          20.536         2.34712 
        2.08009         20.4268         2.32958 
        2.08622         20.3035         2.31224 
        2.09237         20.2704         2.29504 
        2.09851         20.1917         2.27801 
        2.10464          20.088         2.26119 
        2.11077         20.0612         2.24455 
        2.11691         19.9299         2.22804 
        2.12305         19.8685         2.21169 
        2.12918          19.759         2.19555 
        2.13531         19.7595         2.17957 
        2.14145         19.6264          2.1637 
         2.1476         19.5696         2.14798 
        2.15372         19.4937         2.13249 
        2.15985         19.4313         2.11714 
        2.16599         19.3184         2.10189 
        2.17213         19.2839         2.08681 
        2.17827         19.1653         2.07188 
         2.1844         19.1234         2.05711 
        2.19054         19.0286         2.04247 
        2.19666         18.9443           2.028 
         2.2028         18.8581         2.01366 
        2.20893         18.8391         1.99944 
        2.21508         18.7509         1.98535 
        2.22122         18.6372         1.97139 
        2.22736         18.5917         1.95759 
        2.23349         18.4959         1.94392 
        2.23962         18.4477         1.93038 
        2.24577         18.3681         1.91695 
         2.2519         18.3264         1.90367 
        2.25802          18.231         1.89053 
        2.26417         18.1586         1.87749 
        2.27031         18.0507         1.86455 
        2.27644         18.0079         1.85177 
        2.28257         17.9409         1.83911 
        2.28872         17.8843         1.82655 
        2.29486         17.8168          1.8141 
        2.30099         17.7313         1.80179 
        2.30712         17.6707          1.7896 
        2.31326         17.6351         1.77749 
         2.3194         17.5475         1.76551 
        2.32553         17.4853         1.75365 
        2.33166         17.4067          1.7419 
         2.3378         17.3505         1.73025 
        2.34394         17.2497          1.7187 
        2.35007         17.2128         1.70727 
        2.35619         17.1593         1.69596 
        2.36233         17.0666         1.68472 
        2.36848         17.0091         1.67356 
        2.37462         16.9386         1.66252 
        2.38075         16.8959          1.6516 
        2.38689          16.816         1.64076 
        2.39303         16.7581         1.63002 
        2.39916         16.7029         1.61939 
        2.40529         16.6799         1.60885 
        2.41143         16.5849          1.5984 
        2.41757         16.4997         1.58804 
         2.4237         16.4317         1.57778 
        2.42983         16.3506         1.56762 
        2.43598         16.3203         1.55752 
        2.44211         16.2584         1.54753 
        2.44823         16.1932         1.53764 
        2.45437         16.1255         1.52781 
        2.46052          16.057         1.51806 
        2.46665         16.0166         1.50842 
        2.47279         15.9843         1.49885 
        2.47892         15.8993         1.48937 
        2.48507          15.818         1.47996 
         2.4912         15.7768         1.47064 
        2.49733         15.7311         1.46141 
        2.50347         15.6477         1.45225 
        2.50961          15.629         1.44316 
        2.51575         15.5717         1.43415 
        2.52188         15.4946         1.42523 
        2.52802          15.457         1.41638 
        2.53416         15.3685          1.4076 
        2.54029         15.3354          1.3989 
        2.54641         15.2635         1.39029 
        2.55255         15.2152         1.38173 
        2.55869         15.1729         1.37324 
        2.56483         15.1047         1.36482 
        2.57096         15.0717         1.35649 
        2.57709         14.9972         1.34823 
        2.58323         14.9305         1.34002 
        2.58937         14.8982         1.33188 
        2.59551         14.8494         1.32381 
        2.60164         14.7861         1.31581 
        2.60778         14.7246         1.30788 
        2.61392         14.6829             1.3 
        2.62006         14.6431          1.2922 
        2.62619         14.5441         1.28447 
        2.63232         14.5166          1.2768 
        2.63846         14.4482         1.26918 
        2.64459         14.4371         1.26163 
        2.65072         14.3554         1.25415 
        2.65686         14.3109         1.24672 
          2.663         14.2154         1.23935 
        2.66915         14.1891         1.23203 
        2.67527          14.141         1.22479 
        2.68141         14.0984          1.2176 
        2.68755         14.0323         1.21046 
        2.69368         13.9961         1.20339 
        2.69981         13.9344         1.19638 
        2.70595         13.8893         1.18941 
        2.71209           13.86         1.18249 
        2.71823         13.8013         1.17564 
        2.72436         13.7325         1.16884 
         2.7305         13.7094          1.1621 
        2.73663         13.6426          1.1554 
        2.74276         13.6224         1.14877 
         2.7489         13.5537         1.14219 
        2.75504         13.5071         1.13564 
        2.76118         13.4673         1.12915 
        2.76732         13.4103         1.12272 
        2.77345          13.344         1.11634 
        2.77959         13.3275            1.11 
        2.78572         13.2663         1.10372 
        2.79186         13.2204         1.09748 
        2.79798         13.1883         1.09131 
        2.80412         13.1508         1.08516 
        2.81027         13.0768         1.07906 
         2.8164         13.0359         1.07302 
        2.82253         13.0109         1.06702 
        2.82867         12.9587         1.06107 
        2.83481         12.9021         1.05516 
        2.84095          12.864         1.04929 
        2.84708         12.8275         1.04348 
        2.85322         12.7828          1.0377 
        2.85935         12.7349         1.03197 
        2.86549         12.6916         1.02628 
        2.87162         12.6397         1.02064 
        2.87776         12.5892         1.01504 
        2.88389         12.5665         1.00947 
        2.89003         12.5036         1.00396 
        2.89617         12.4876        0.998477 
        2.90231         12.4425        0.993039 
        2.90844         12.3921        0.987642 
        2.91458          12.362        0.982286 
        2.92071          12.314        0.976975 
        2.92684         12.2732        0.971698 
        2.93298         12.2208        0.966461 
         2.9391         12.1884        0.961271 
        2.94524           12.15         0.95611 
        2.95138         12.0823        0.950986 
        2.95752         12.0605        0.945893 
        2.96367          12.013        0.940837 
         2.9698         11.9958        0.935828 
        2.97594         11.9479        0.930851 
        2.98207         11.9091         0.92591 
        2.98821         11.8617        0.921009 
        2.99434         11.8226        0.916143 
        3.00048          11.775        0.911309 
        3.00662         11.7305        0.906508 
        3.01275         11.7107         0.90175 
        3.01888         11.6578        0.897024 
        3.02503          11.622        0.892323 
        3.03117          11.585        0.887659 
        3.03729         11.5416        0.883039 
        3.04342         11.5211        0.878447 
        3.04957         11.4623        0.873877 
         3.0557         11.4185        0.869348 
        3.06183         11.3791        0.864858 
        3.06796          11.348        0.860394 
        3.07411         11.3058        0.855952 
        3.08025         11.2789        0.851549 
        3.08637         11.2491        0.847185 
         3.0925         11.2037        0.842844 
        3.09865         11.1648        0.838526 
         3.1048         11.1158        0.834239 
        3.11093          11.093        0.829991 
        3.11706         11.0557        0.825772 
         3.1232         11.0166         0.82158 
        3.12933         10.9804        0.817415 
        3.13547         10.9465        0.813282 
        3.14159         10.9063        0.809183 
        3.14773         10.8981        0.805103 
        3.15388         10.8281        0.801048 
        3.16001         10.8014        0.797028 
        3.16614         10.7764        0.793037 
        3.17228         10.7244         0.78907 
        3.17842         10.7015         0.78513 
        3.18455         10.6729        0.781219 
        3.19068         10.6301        0.777336 
        3.19682         10.5952        0.773474 
        3.20297         10.5739        0.769637 
         3.2091          10.536         0.76583 
        3.21524         10.4978        0.762048 
        3.22138         10.4705        0.758291 
         3.2275         10.4202        0.754566 
        3.23363         10.3832        0.750865 
        3.23977         10.3745        0.747183 
        3.24591         10.3228        0.743527 
        3.25205         10.3035        0.739892 
        3.25818         10.2736        0.736284 
        3.26432         10.2399        0.732701 
        3.27046         10.1952        0.729141 
         3.2766         10.1744        0.725604 
        3.28273         10.1234        0.722092 
        3.28887         10.0984        0.718604 
          3.295         10.0726        0.715138 
        3.30113         10.0413        0.711696 
        3.30727         9.99565        0.708275 
        3.31341         9.97549        0.704879 
        3.31954         9.95185        0.701505 
        3.32568         9.91795        0.698149 
        3.33182         9.87844        0.694816 
        3.33795          9.8494        0.691509 
        3.34409         9.81359        0.688218 
        3.35022         9.78344         0.68495 
        3.35636         9.77207        0.681706 
         3.3625         9.74236        0.678479 
        3.36864         9.71562        0.675274 
        3.37477         9.67232         0.67209 
        3.38091         9.66228        0.668929 
        3.38704         9.60929        0.665787 
        3.39318         9.59628        0.662664 
        3.39931         9.54633        0.659561 
        3.40545         9.53381        0.656479 
        3.41158         9.49491        0.653417 
        3.41772         9.46456        0.650374 
        3.42385         9.43597        0.647352 
        3.42998         9.40409        0.644348 
        3.43612         9.37762        0.641364 
        3.44226         9.35235        0.638396 
         3.4484         9.31635        0.635443 
        3.45453         9.30397        0.632516 
        3.46066         9.25819        0.629608 
        3.46681         9.24709         0.62671 
        3.47295         9.22073        0.623833 
        3.47908         9.17315        0.620981 
        3.48521         9.15187        0.618144 
        3.49135         9.12428        0.615321 
        3.49749         9.10016        0.612518 
        3.50362         9.08271        0.609732 
        3.50976         9.05275        0.606965 
        3.51589         9.01668        0.604214 
        3.52203         8.99293        0.601479 
        3.52816         8.95788        0.598766 
        3.53429         8.93031        0.596066 
        3.54043         8.92205        0.593379 
        3.54657         8.88759         0.59071 
        3.55271           8.858         0.58806 
        3.55884         8.84183        0.585428 
        3.56498         8.81356        0.582807 
        3.57112         8.77345        0.580202 
        3.57725         8.75108        0.577617 
        3.58338         8.72395        0.575048 
        3.58952         8.71184        0.572492 
        3.59566         8.67124         0.56995 
         3.6018         8.64402        0.567425 
        3.60793          8.6361        0.564916 
        3.61407         8.59687        0.562424 
        3.62021         8.58347        0.559944 
        3.62634         8.55092         0.55748 
        3.63247         8.52228        0.555032 
        3.63861          8.4925        0.552598 
        3.64475         8.48017        0.550175 
        3.65089         8.44632        0.547769 
        3.65702         8.42501        0.545381 
        3.66316         8.40307        0.543003 
        3.66929         8.37955        0.540641 
        3.67543         8.35505        0.538293 
        3.68156           8.326        0.535959 
        3.68769         8.30867        0.533638 
        3.69383         8.29248         0.53133 
        3.69997         8.25806        0.529035 
        3.70611         8.23459        0.526756 
        3.71224         8.22055        0.524489 
        3.71838         8.19015        0.522235 
        3.72451         8.16882        0.519996 
        3.73065         8.14614        0.517771 
        3.73678          8.1039        0.515557 
        3.74292         8.09533        0.513354 
        3.74906         8.08328        0.511166 
        3.75519         8.05707        0.508991 
        3.76133         8.03115        0.506828 
        3.76746         8.01371        0.504679 
         3.7736         7.96744        0.502543 
        3.77974         7.96284        0.500416 
        3.78588         7.93104        0.498302 
        3.79201         7.91347        0.496202 
        3.79814         7.89242        0.494114 
        3.80428         7.86482        0.492037 
        3.81042         7.84985        0.489971 
        3.81655         7.82857        0.487918 
        3.82268         7.80909        0.485879 
        3.82882         7.78588        0.483851 
        3.83496         7.77494        0.481831 
        3.84109         7.73995        0.479824 
        3.84723         7.72368         0.47783 
        3.85337         7.69856        0.475844 
        3.85951         7.67698         0.47387 
        3.86565         7.66014        0.471909 
        3.87178         7.63215         0.46996 
        3.87791         7.61798        0.468022 
        3.88405         7.60012        0.466093 
        3.89019         7.57603        0.464175 
        3.89632         7.55392        0.462269 
        3.90246         7.54245        0.460372 
         3.9086         7.50367        0.458486 
        3.91473         7.49015        0.456613 
        3.92086         7.46006        0.454751 
        3.92699         7.45042        0.452897 
        3.93313           7.431        0.451052 
        3.93927         7.41285        0.449219 
         3.9454         7.38787        0.447396 
        3.95154         7.36574        0.445582 
        3.95768         7.34932        0.443778 
        3.96382         7.32981        0.441984 
        3.96995         7.30442        0.440201 
        3.97609         7.28533        0.438427 
        3.98222         7.26716        0.436665 
        3.98836         7.23892        0.434911 
         3.9945         7.23266        0.433166 
        4.00063         7.20934        0.431432 
        4.00677         7.19438        0.429706 
        4.01291         7.16692        0.427989 
        4.01904          7.1527        0.426284 
        4.02517         7.13142        0.424589 
        4.03131         7.11089        0.422899 
        4.03745         7.09707        0.421219 
        4.04358         7.07777         0.41955 
        4.04972         7.05646         0.41789 
        4.05585         7.03819        0.416239 
        4.06199         7.01675        0.414595 
        4.06812          7.0026        0.412962 
        4.07426         6.98468        0.411337 
         4.0804         6.96763        0.409719 
        4.08654         6.94494        0.408111 
        4.09267         6.92464        0.406513 
         4.0988         6.90984        0.404924 
        4.10494          6.8878        0.403342 
        4.11108         6.87768        0.401768 
        4.11721         6.85562        0.400203 
        4.12334         6.83124        0.398647 
        4.12948         6.82307        0.397099 
        4.13561         6.80403        0.395558 
        4.14176         6.77835        0.394024 
        4.14789         6.76187        0.392499 
        4.15403         6.74937        0.390984 
        4.16016         6.72517        0.389475 
         4.1663         6.70956        0.387975 
        4.17243         6.69048        0.386484 
        4.17857         6.67758        0.384999 
        4.18471         6.66633        0.383522 
        4.19084         6.63643        0.382053 
        4.19698         6.62142        0.380592 
        4.20312         6.60432        0.379138 
        4.20925         6.58799        0.377692 
        4.21538         6.56459        0.376255 
        4.22152          6.5566        0.374823 
        4.22766         6.53902        0.373398 
         4.2338         6.52582        0.371983 
        4.23993         6.50623        0.370574 
        4.24607         6.48368        0.369172 
         4.2522          6.4651        0.367778 
        4.25834          6.4554         0.36639 
        4.26447         6.43445        0.365011 
        4.27061         6.42077        0.363639 
        4.27674         6.40131        0.362273 
        4.28288         6.38991        0.360913 
        4.28902         6.36911        0.359561 
        4.29515         6.34948        0.358217 
        4.30129         6.34072        0.356879 
        4.30743         6.32434        0.355546 
        4.31356          6.3116        0.354222 
        4.31969         6.29302        0.352906 
        4.32583         6.27193        0.351595 
        4.33197         6.25879        0.350289 
         4.3381         6.24822        0.348991 
        4.34424         6.22888        0.347701 
        4.35038         6.21341        0.346414 
        4.35652         6.19202        0.345136 
        4.36265         6.17749        0.343865 
        4.36878         6.16179          0.3426 
        4.37492         6.14402         0.34134 
        4.38106         6.13157        0.340086 
        4.38719         6.11346        0.338841 
        4.39333         6.09807        0.337602 
        4.39946         6.08297        0.336368 
         4.4056         6.06689         0.33514 
        4.41173         6.04853        0.333918 
        4.41786         6.04008        0.332704 
          4.424         6.02488        0.331494 
        4.43014         6.00612        0.330289 
        4.43628         5.99538        0.329091 
        4.44241         5.97259          0.3279 
        4.44855         5.96242        0.326714 
        4.45469         5.94552        0.325532 
        4.46083          5.9352        0.324359 
        4.46696         5.92257        0.323192 
        4.47309         5.89942        0.322028 
        4.47923         5.88552        0.320871 
        4.48537         5.86038         0.31972 
         4.4915         5.85651        0.318575 
        4.49764         5.84632        0.317434 
        4.50378         5.83006        0.316299 
        4.50991         5.81762        0.315171 
        4.51604         5.79568        0.314049 
        4.52218          5.7754        0.312929 
        4.52832         5.76796        0.311817 
        4.53445         5.75666         0.31071 
        4.54059          5.7378        0.309609 
        4.54673         5.71964        0.308512 
        4.55286         5.71302         0.30742 
          4.559         5.69795        0.306334 
        4.56513         5.68198        0.305254 
        4.57127         5.66567        0.304179 
        4.57741         5.65987        0.303108 
        4.58354         5.64177        0.302043 
        4.58968         5.63008        0.300983 
        4.59582         5.60854        0.299927 
        4.60195         5.59806        0.298878 
        4.60809         5.58961        0.297833 
        4.61422         5.57201        0.296793 
        4.62036         5.55625        0.295759 
        4.62649         5.54632        0.294728 
        4.63263         5.53015        0.293703 
        4.63876         5.51489        0.292683 
         4.6449         5.50146        0.291667 
        4.65104         5.48916        0.290657 
        4.65717         5.47247        0.289651 
        4.66331         5.46721         0.28865 
        4.66944         5.44984        0.287654 
        4.67558         5.43849        0.286663 
        4.68171          5.4258        0.285676 
        4.68785          5.4102        0.284692 
        4.69399          5.3972        0.283715 
        4.70012         5.39036        0.282743 
        4.70625         5.36772        0.281774 
        4.71239         5.35552         0.28081 
        4.71853         5.34604         0.27985 
        4.72467         5.33103        0.278894 
         4.7308         5.32089        0.277944 
        4.73694         5.30954        0.276998 
        4.74308           5.293        0.276056 
        4.74922         5.28535        0.275118 
        4.75535         5.27074        0.274185 
        4.76148         5.25354        0.273257 
        4.76762         5.24447        0.272332 
        4.77376         5.22794        0.271411 
        4.77989         5.22042        0.270496 
        4.78602         5.20498        0.269585 
        4.79216          5.1897        0.268676 
         4.7983          5.1842        0.267773 
        4.80443         5.16886        0.266875 
        4.81056         5.15809         0.26598 
         4.8167         5.14712        0.265088 
        4.82284         5.13426          0.2642 
        4.82898          5.1234        0.263318 
        4.83511         5.10882        0.262439 
        4.84125         5.09726        0.261564 
        4.84739         5.08416        0.260693 
        4.85352         5.07954        0.259826 
        4.85965         5.06281        0.258963 
        4.86579          5.0504        0.258104 
        4.87193         5.03794        0.257249 
        4.87807         5.02697        0.256397 
         4.8842         5.01034         0.25555 
        4.89034         4.99997        0.254706 
        4.89647         4.99011        0.253866 
        4.90261         4.98297         0.25303 
        4.90874         4.96643        0.252198 
        4.91488         4.95379        0.251369 
        4.92102         4.94356        0.250544 
        4.92715         4.93657        0.249723 
        4.93329         4.92773        0.248906 
        4.93942         4.91059        0.248091 
        4.94556         4.89693        0.247281 
         4.9517         4.89035        0.246474 
        4.95783         4.88105        0.245671 
        4.96397         4.86431        0.244871 
        4.97011         4.85363        0.244075 
        4.97624         4.84322        0.243283 
        4.98238         4.83419        0.242494 
        4.98851         4.82493        0.241709 
        4.99465         4.80683        0.240927 
        5.00078         4.79308        0.240149 
        5.00691         4.79088        0.239374 
        5.01305         4.77698        0.238603 
        5.01919         4.77082        0.237834 
        5.02533         4.75689        0.237069 
        5.03146         4.74006        0.236307 
         5.0376         4.73452        0.235549 
        5.04374         4.72589        0.234794 
        5.04987         4.71674        0.234042 
        5.05601         4.70188        0.233295 
        5.06215         4.69495        0.232549 
        5.06829         4.68035        0.231807 
        5.07442         4.67075        0.231069 
        5.08055         4.65958        0.230334 
        5.08668         4.65238        0.229602 
        5.09282         4.64511        0.228872 
        5.09896         4.62923        0.228147 
        5.10509            4.62        0.227425 
        5.11123         4.61158        0.226705 
        5.11736         4.60336        0.225989 
         5.1235         4.59332        0.225275 
        5.12964         4.58276        0.224565 
        5.13577         4.57049        0.223857 
        5.14191         4.56133        0.223153 
        5.14804         4.55411        0.222453 
        5.15418         4.53752        0.221755 
        5.16032         4.53504        0.221059 
        5.16645         4.52467        0.220367 
        5.17259         4.51294        0.219677 
        5.17872         4.50432        0.218991 
        5.18486         4.49485        0.218308 
          5.191         4.48533        0.217627 
        5.19713         4.47478         0.21695 
        5.20327         4.46394        0.216275 
        5.20941         4.45472        0.215603 
        5.21555         4.44723        0.214933 
        5.22168         4.43863        0.214267 
        5.22781         4.43027        0.213604 
        5.23395          4.4216        0.212944 
        5.24009          4.4135        0.212286 
        5.24622         4.40092        0.211631 
        5.25236         4.39059        0.210979 
         5.2585         4.38301        0.210329 
        5.26463         4.37279        0.209682 
        5.27077         4.36188        0.209038 
         5.2769         4.35725        0.208397 
        5.28304         4.34677        0.207758 
        5.28917         4.33636        0.207123 
         5.2953         4.33103         0.20649 
        5.30144         4.31944        0.205859 
        5.30757         4.31141        0.205231 
        5.31371         4.30494        0.204605 
        5.31985         4.29537        0.203982 
        5.32599         4.28922        0.203362 
        5.33213         4.28099        0.202744 
        5.33826         4.27272        0.202129 
         5.3444         4.26354        0.201516 
        5.35053          4.2585        0.200906 
        5.35667         4.24689        0.200299 
        5.36281         4.23374        0.199693 
        5.36894         4.22656        0.199091 
        5.37507         4.22375        0.198491 
        5.38121         4.21417        0.197893 
        5.38735         4.20541        0.197298 
        5.39348          4.1981        0.196706 
        5.39961         4.19109        0.196116 
        5.40575          4.1804        0.195528 
        5.41189         4.17373        0.194942 
        5.41803           4.168        0.194359 
        5.42416         4.15808        0.193778 
         5.4303         4.15027          0.1932 
        5.43644         4.14447        0.192624 
        5.44257         4.13626        0.192051 
        5.44871         4.13009        0.191479 
        5.45484         4.11828         0.19091 
        5.46098          4.1129        0.190343 
        5.46712         4.10903        0.189779 
        5.47325         4.10013        0.189217 
        5.47938         4.09118        0.188657 
        5.48552         4.08525          0.1881 
        5.49165          4.0781        0.187545 
        5.49779          4.0718        0.186992 
        5.50393         4.06441        0.186441 
        5.51006         4.05606        0.185892 
         5.5162         4.04905        0.185345 
        5.52234         4.04496        0.184801 
        5.52847         4.03394        0.184259 
        5.53461         4.03118        0.183719 
        5.54075         4.02453        0.183181 
        5.54688         4.01548        0.182646 
        5.55302         4.00612        0.182112 
        5.55915         3.99994        0.181581 
        5.56529         3.99583        0.181052 
        5.57143         3.98606        0.180524 
        5.57756         3.98383        0.179999 
         5.5837         3.97605        0.179476 
        5.58983         3.97119        0.178956 
        5.59597         3.96157        0.178437 
         5.6021         3.95883         0.17792 
        5.60824         3.95348        0.177405 
        5.61438         3.94222        0.176893 
        5.62051         3.93868        0.176382 
        5.62665         3.93243        0.175873 
        5.63278           3.926        0.175367 
        5.63892         3.92391        0.174862 
        5.64505         3.91406        0.174359 
        5.65119         3.90866        0.173859 
        5.65733         3.90492         0.17336 
        5.66346         3.89881        0.172863 
         5.6696         3.89049        0.172368 
        5.67573         3.88634        0.171875 
        5.68187         3.88075        0.171384 
          5.688         3.87529        0.170895 
        5.69414         3.86906        0.170408 
        5.70028         3.86351        0.169922 
        5.70642          3.8587        0.169439 
        5.71255         3.85397        0.168957 
        5.71869          3.8457        0.168478 
        5.72482          3.8433           0.168 
        5.73096         3.83656        0.167524 
        5.73709         3.83143         0.16705 
        5.74322         3.83233        0.166578 
        5.74936          3.8202        0.166107 
         5.7555         3.81866        0.165638 
        5.76164         3.81392        0.165171 
        5.76777         3.80833        0.164707 
        5.77391         3.80241        0.164243 
        5.78005         3.79713        0.163781 
        5.78618          3.7934        0.163322 
        5.79231         3.78854        0.162864 
        5.79845         3.78357        0.162408 
        5.80459         3.78021        0.161953 
        5.81073          3.7737          0.1615 
        5.81686          3.7707        0.161049 
          5.823         3.76673          0.1606 
        5.82914         3.76069        0.160152 
        5.83527         3.75839        0.159707 
         5.8414         3.75355        0.159263 
        5.84754          3.7521         0.15882 
        5.85368         3.74404        0.158379 
        5.85981         3.73814         0.15794 
        5.86595          3.7381        0.157502 
        5.87208         3.73286        0.157066 
        5.87822         3.72743        0.156632 
        5.88435         3.72671          0.1562 
        5.89049         3.72325        0.155769 
        5.89662         3.71707         0.15534 
        5.90276         3.71644        0.154912 
         5.9089         3.70964        0.154485 
        5.91503         3.70853        0.154061 
        5.92117         3.70523        0.153638 
        5.92731         3.70228        0.153217 
        5.93344         3.69873        0.152797 
        5.93958          3.6944        0.152379 
        5.94572         3.69266        0.151962 
        5.95186         3.69102        0.151547 
        5.95799         3.68482        0.151133 
        5.96412         3.68159        0.150721 
        5.97026         3.68005        0.150311 
         5.9764         3.67509        0.149902 
        5.98253         3.67415        0.149495 
        5.98866         3.67089        0.149089 
         5.9948         3.66655        0.148684 
        6.00094         3.66516        0.148281 
        6.00707         3.66348         0.14788 
        6.01321         3.65947         0.14748 
        6.01935         3.65355        0.147081 
        6.02548         3.65511        0.146684 
        6.03162         3.65433        0.146289 
        6.03775         3.64941        0.145895 
        6.04389         3.64794        0.145502 
        6.05003         3.64409        0.145111 
        6.05617         3.64649        0.144721 
         6.0623         3.64149        0.144332 
        6.06844         3.63995        0.143945 
        6.07457         3.63957         0.14356 
         6.0807          3.6365        0.143176 
        6.08684          3.6365        0.142793 
        6.09298         3.63335        0.142412 
        6.09912         3.63179        0.142032 
        6.10525         3.62996        0.141653 
        6.11138         3.63174        0.141276 
        6.11752         3.62708          0.1409 
        6.12366         3.62248        0.140526 
        6.12979         3.62577        0.140153 
        6.13593         3.62198        0.139781 
        6.14207         3.62339        0.139411 
         6.1482         3.61756        0.139042 
        6.15434         3.62099        0.138674 
        6.16047         3.61733        0.138308 
        6.16661         3.61734        0.137943 
        6.17274         3.61839        0.137579 
        6.17887         3.61425        0.137217 
        6.18501         3.61581        0.136855 
        6.19115         3.61629        0.136495 
        6.19729          3.6155        0.136137 
        6.20342         3.61474        0.135779 
        6.20956         3.61484        0.135423 
         6.2157         3.61556        0.135069 
        6.22183         3.61382        0.134715 
        6.22797         3.61238        0.134363 
         6.2341         3.61512        0.134012 
        6.24024         3.61475        0.133662 
        6.24638         3.61421        0.133314 
        6.25251         3.61318        0.132967 
        6.25865         3.61384        0.132621 
        6.26478         3.61452        0.132276 
        6.27092         3.61715        0.131932 
        6.27705         3.61541         0.13159 
        6.28318         3.61269        0.131249 
