# k  (h/Mpc)    P(k)  (Mpc/h)^3    P_linear(k)  (Mpc/h)^3
     0.00783031         91.5924         92.3627 
       0.013688          107.85         108.544 
       0.019231         104.015         104.135 
      0.0249154         90.5146         90.4106 
      0.0312784         72.9749         72.7443 
      0.0375637         58.3398         58.1422 
      0.0433917         48.9194         48.6838 
      0.0492413          42.906         42.7588 
      0.0555754         39.1974         39.0498 
      0.0619321         36.5484          36.558 
       0.067871         34.1901         34.1632 
      0.0738098         31.1585         31.1289 
      0.0800417         27.3642          27.304 
      0.0862327         23.4234         23.3628 
      0.0921407         20.0794         20.0243 
      0.0982031         17.4743         17.3904 
       0.104506         15.6279         15.5875 
       0.110769          14.604         14.5717 
       0.116806         14.0649         14.0276 
       0.122832         13.5973         13.5907 
       0.129052          12.998         12.9844 
       0.135211         12.1303         12.1076 
       0.141259         11.0373         11.0234 
       0.147318         9.87655         9.86709 
       0.153489          8.8149         8.79223 
       0.159709         7.96607         7.93856 
       0.165845         7.36788         7.36022 
       0.171974         7.03223         7.00678 
       0.178125         6.80752         6.79164 
       0.184229         6.62089         6.61607 
        0.19034          6.4099         6.39435 
       0.196428         6.09524         6.08517 
       0.202534         5.68844         5.69262 
       0.208729         5.26492          5.2542 
       0.214876         4.85694          4.8364 
       0.220989         4.49064         4.48357 
       0.227147         4.23264         4.21285 
        0.23329         4.04177         4.02318 
       0.239377         3.90892         3.89166 
       0.245482         3.79939          3.7846 
       0.251667         3.67758         3.67079 
       0.257832         3.54602         3.53264 
       0.263955         3.37586         3.36743 
       0.270079         3.19189         3.18366 
        0.27624         3.00263         2.99784 
       0.282372          2.8348         2.82863 
        0.28843         2.70055         2.68761 
       0.294538         2.58607         2.57444 
       0.300721         2.49091         2.48436 
        0.30691         2.41967         2.40943 
       0.313033         2.34829          2.3393 
       0.319153         2.28131          2.2653 
       0.325316         2.18742         2.18263 
        0.33145         2.09912         2.09368 
       0.337538         2.00984         2.00288 
       0.343633         1.92518         1.91525 
       0.349808         1.84259         1.83457 
       0.355968         1.77068         1.76442 
       0.362074         1.71461         1.70515 
       0.368217         1.66145         1.65307 
       0.374374         1.61713         1.60534 
       0.380519          1.5663         1.55873 
       0.386598         1.51738         1.51142 
       0.392688         1.46662         1.46249 
        0.39888         1.41831         1.41157 
       0.405048         1.36856         1.36153 
       0.411186         1.32058         1.31421 
       0.417313         1.27768         1.27044 
       0.423458         1.23543         1.23068 
       0.429607         1.20219         1.19469 
       0.435692         1.16952          1.1617 
       0.441815         1.13692         1.13012 
       0.447964         1.10301         1.09918 
       0.454126         1.07471         1.06821 
       0.460267         1.04539         1.03728 
       0.466387         1.01418          1.0069 
        0.47254        0.985252        0.977212 
       0.478662        0.955846        0.948939 
       0.484765        0.930006        0.922357 
       0.490885        0.903752        0.897502 
       0.497035         0.87871        0.874035 
       0.503198        0.858146        0.851654 
       0.509342         0.83441        0.830134 
       0.515458        0.815449        0.809298 
       0.521598        0.795055        0.788807 
       0.527764         0.77638        0.768543 
       0.533884        0.753549        0.748858 
           0.54        0.735328        0.729808 
       0.546137        0.715972         0.71148 
       0.552299        0.699251        0.693924 
       0.558452         0.68283        0.677161 
       0.564573        0.666493         0.66116 
       0.570708        0.651214         0.64572 
       0.576825        0.636291        0.630846 
       0.582926        0.620992        0.616451 
       0.589034        0.608666        0.602406 
       0.595184        0.595125        0.588583 
       0.601379        0.580271        0.575013 
       0.607522        0.566859        0.561949 
       0.613639        0.553441        0.549373 
       0.619772        0.542669        0.537232 
       0.625918        0.530739        0.525512 
       0.632068        0.519431        0.514184 
       0.638161        0.508169        0.503308 
         0.6443        0.497466        0.492656 
       0.650464        0.487566        0.482241 
       0.656582        0.477703        0.472176 
       0.662703        0.467571        0.462379 
       0.668861        0.456832        0.452801 
       0.675024        0.448069        0.443494 
       0.681124        0.440883        0.434556 
       0.687237        0.430979        0.425859 
       0.693381        0.421587        0.417368 
       0.699536        0.414488        0.409099 
       0.705665        0.406501        0.401092 
       0.711789        0.397453        0.393304 
       0.717957        0.390439        0.385667 
        0.72409        0.382584        0.378274 
       0.730186        0.376546        0.371118 
       0.736317        0.368374         0.36411 
       0.742472        0.362159        0.357258 
       0.748622        0.355575        0.350593 
        0.75476        0.348784        0.344115 
       0.760888        0.342959        0.337814 
       0.767043        0.335041        0.331648 
       0.773185         0.32987        0.325651 
       0.779291        0.324869        0.319837 
       0.785407        0.318529        0.314158 
       0.791564        0.312962         0.30858 
       0.797719        0.307509        0.303141 
       0.803834        0.302136        0.297866 
       0.809972        0.297056        0.292698 
       0.816124        0.291756        0.287642 
       0.822261        0.287154        0.282719 
       0.828378        0.282147        0.277927 
       0.834502        0.277381        0.273243 
       0.840667        0.273146        0.268638 
       0.846816        0.268432        0.264153 
       0.852925        0.263511        0.259799 
       0.859047        0.259454        0.255536 
       0.865192        0.255475        0.251355 
       0.871341        0.251713        0.247266 
       0.877463           0.247        0.243287 
       0.883569        0.243319        0.239406 
       0.889708        0.239541        0.235591 
       0.895864        0.235875        0.231849 
       0.902008        0.231908        0.228197 
       0.908149        0.228584        0.224627 
       0.914301         0.22554        0.221127 
       0.920448        0.221865        0.217706 
       0.926574        0.218769        0.214369 
       0.932687        0.215579         0.21111 
       0.938823        0.211737        0.207907 
       0.944975        0.208787        0.204764 
       0.951105        0.205308        0.201697 
       0.957225        0.202286        0.198699 
       0.963368        0.199744        0.195751 
       0.969511        0.197093        0.192864 
       0.975621        0.193767         0.19005 
       0.981748        0.190581        0.187286 
       0.987916        0.188113         0.18456 
        0.99406        0.185642        0.181898 
        1.00019        0.182892        0.179295 
        1.00632        0.180723        0.176745 
        1.01246        0.178246        0.174241 
        1.01859         0.17563        0.171789 
        1.02471        0.172913        0.169388 
        1.03085        0.170358        0.167025 
        1.03698        0.168381        0.164712 
        1.04314        0.166013        0.162434 
        1.04929         0.16412        0.160203 
        1.05541        0.161452        0.158024 
        1.06154        0.159481        0.155881 
        1.06769        0.157544        0.153774 
        1.07382        0.155427        0.151713 
        1.07993        0.153461        0.149694 
        1.08607        0.151208        0.147705 
        1.09222        0.149345        0.145749 
        1.09836        0.147323        0.143832 
        1.10449        0.145343        0.141951 
        1.11063        0.143568        0.140102 
        1.11677        0.141915        0.138287 
         1.1229        0.139746        0.136507 
        1.12903        0.138203        0.134757 
        1.13518        0.136382        0.133037 
        1.14131        0.134785        0.131347 
        1.14745        0.133443        0.129688 
        1.15359        0.131586        0.128058 
        1.15973        0.130149        0.126455 
        1.16584         0.12839        0.124886 
        1.17197        0.126698        0.123343 
        1.17811        0.125145         0.12182 
        1.18424        0.123644        0.120328 
        1.19038         0.12197        0.118857 
        1.19652        0.120948         0.11741 
        1.20267        0.119375        0.115988 
        1.20881        0.117629         0.11459 
        1.21495        0.116416        0.113217 
        1.22108        0.115193        0.111867 
         1.2272        0.113656        0.110543 
        1.23334        0.112409        0.109236 
        1.23949        0.111286        0.107948 
        1.24562        0.109948        0.106684 
        1.25174        0.108682        0.105442 
        1.25789        0.107136        0.104217 
        1.26402        0.106324        0.103013 
        1.27014        0.104778        0.101831 
        1.27628        0.103819        0.100664 
        1.28244         0.10266       0.0995132 
        1.28858        0.101342        0.098382 
        1.29471        0.100315       0.0972709 
        1.30084       0.0991485       0.0961781 
        1.30697       0.0982693       0.0951004 
        1.31312       0.0971962       0.0940377 
        1.31925       0.0960111       0.0929947 
        1.32537       0.0950266       0.0919686 
        1.33151       0.0939971       0.0909544 
        1.33765       0.0929113        0.089956 
        1.34378       0.0918492       0.0889747 
        1.34992       0.0911784       0.0880074 
        1.35606       0.0900717       0.0870525 
         1.3622       0.0890958       0.0861134 
        1.36833       0.0882829       0.0851905 
        1.37445       0.0874258       0.0842816 
        1.38059       0.0863495       0.0833833 
        1.38675       0.0854149       0.0824959 
        1.39288       0.0844086        0.081625 
        1.39901       0.0838424       0.0807671 
        1.40515       0.0828566       0.0799197 
         1.4113       0.0821228       0.0790847 
        1.41742       0.0813116       0.0782649 
        1.42355       0.0801971       0.0774553 
         1.4297       0.0796574       0.0766546 
        1.43585       0.0787306       0.0758656 
        1.44198       0.0780055       0.0750908 
        1.44809       0.0772056       0.0743282 
        1.45423       0.0764485       0.0735734 
        1.46036       0.0756842       0.0728305 
        1.46649       0.0749107       0.0720976 
        1.47263       0.0740341       0.0713741 
        1.47877        0.073662        0.070661 
        1.48491       0.0726917       0.0699564 
        1.49104       0.0721978        0.069263 
        1.49718       0.0714306       0.0685784 
        1.50333        0.070725       0.0679021 
        1.50947        0.070087       0.0672362 
         1.5156        0.069402       0.0665803 
        1.52172       0.0687519       0.0659332 
        1.52787       0.0679975       0.0652934 
          1.534       0.0675177       0.0646628 
        1.54013       0.0667735       0.0640413 
        1.54627       0.0662657       0.0634268 
        1.55241       0.0656442       0.0628203 
        1.55855       0.0650147       0.0622226 
        1.56467       0.0644885       0.0616343 
         1.5708       0.0638124        0.061052 
        1.57695       0.0632612       0.0604764 
        1.58308       0.0625285       0.0599095 
        1.58922        0.062108       0.0593495 
        1.59535       0.0614716       0.0587969 
         1.6015       0.0610179       0.0582505 
        1.60764       0.0603671       0.0577114 
        1.61376        0.059862       0.0571806 
        1.61989       0.0593005       0.0566561 
        1.62604       0.0588179       0.0561369 
        1.63218       0.0583058       0.0556246 
        1.63831       0.0578008       0.0551199 
        1.64444        0.057274       0.0546213 
        1.65059       0.0566619       0.0541277 
        1.65673       0.0562814       0.0536407 
        1.66285       0.0558398       0.0531611 
        1.66898       0.0552218       0.0526872 
        1.67512        0.054816       0.0522181 
        1.68127       0.0543489       0.0517543 
         1.6874       0.0538963       0.0512972 
        1.69353       0.0534415       0.0508459 
        1.69967       0.0528535        0.050399 
        1.70581       0.0525956       0.0499576 
        1.71193       0.0521376       0.0495232 
        1.71806       0.0516543        0.049093 
        1.72421       0.0511416       0.0486671 
        1.73035       0.0508096       0.0482467 
        1.73649       0.0503616       0.0478314 
        1.74262       0.0499326       0.0474213 
        1.74876       0.0495863       0.0470157 
        1.75489       0.0491228       0.0466157 
        1.76101       0.0487509       0.0462205 
        1.76715       0.0483869       0.0458294 
        1.77329       0.0479225       0.0454423 
        1.77943       0.0475174       0.0450595 
        1.78557       0.0472178       0.0446817 
        1.79171       0.0468459       0.0443082 
        1.79785       0.0463808       0.0439388 
        1.80399       0.0460238       0.0435738 
        1.81012       0.0456831       0.0432134 
        1.81625       0.0453323       0.0428572 
        1.82239       0.0450194       0.0425045 
        1.82853       0.0446146        0.042156 
        1.83466        0.044267       0.0418117 
        1.84078       0.0439525       0.0414716 
        1.84692       0.0436311       0.0411348 
        1.85306       0.0432663       0.0408013 
         1.8592       0.0429324        0.040472 
        1.86533       0.0426346       0.0401465 
        1.87147       0.0422945       0.0398243 
        1.87761       0.0418991       0.0395054 
        1.88375       0.0415214       0.0391904 
        1.88988       0.0413165       0.0388792 
        1.89601       0.0409718       0.0385712 
        1.90215       0.0406217       0.0382663 
        1.90829       0.0403048       0.0379649 
        1.91442       0.0400533       0.0376666 
        1.92056       0.0397333       0.0373719 
         1.9267       0.0394556         0.03708 
        1.93284       0.0391012        0.036791 
        1.93897       0.0388113       0.0365057 
        1.94509       0.0385395        0.036224 
        1.95123        0.038273       0.0359445 
        1.95737       0.0380517       0.0356678 
        1.96349       0.0377852       0.0353947 
        1.96964       0.0374405       0.0351237 
        1.97578       0.0371914       0.0348554 
        1.98192       0.0369116       0.0345905 
        1.98805       0.0366888       0.0343283 
        1.99419       0.0364154       0.0340688 
        2.00033       0.0360959       0.0338118 
        2.00647       0.0358574       0.0335576 
         2.0126       0.0356778       0.0333064 
        2.01874       0.0353495       0.0330574 
        2.02488       0.0350909       0.0328107 
        2.03101        0.034826        0.032567 
        2.03714       0.0347286        0.032326 
        2.04328       0.0343298       0.0320872 
        2.04941       0.0341555        0.031851 
        2.05554       0.0339526       0.0316173 
        2.06167       0.0336713       0.0313857 
        2.06781        0.033419       0.0311563 
        2.07396       0.0331807        0.030929 
        2.08009       0.0329512       0.0307042 
        2.08622       0.0327558        0.030482 
        2.09237       0.0325114       0.0302615 
        2.09851       0.0323101       0.0300432 
        2.10464       0.0320859       0.0298274 
        2.11077       0.0318449       0.0296139 
        2.11691       0.0316756       0.0294021 
        2.12305       0.0313797       0.0291924 
        2.12918       0.0312042       0.0289852 
        2.13531       0.0309963         0.02878 
        2.14145       0.0307839       0.0285763 
         2.1476       0.0305998       0.0283743 
        2.15372       0.0303903       0.0281753 
        2.15985       0.0301828        0.027978 
        2.16599       0.0299438       0.0277821 
        2.17213       0.0298243       0.0275882 
        2.17827         0.02961       0.0273962 
         2.1844        0.029395       0.0272062 
        2.19054       0.0292231        0.027018 
        2.19666        0.029012       0.0268318 
         2.2028       0.0287897       0.0266472 
        2.20893       0.0286524       0.0264643 
        2.21508       0.0284181       0.0262828 
        2.22122       0.0282359        0.026103 
        2.22736       0.0280849       0.0259253 
        2.23349       0.0278844       0.0257492 
        2.23962       0.0277525       0.0255747 
        2.24577        0.027564       0.0254017 
         2.2519       0.0273566       0.0252305 
        2.25802       0.0272191       0.0250611 
        2.26417       0.0270502       0.0248928 
        2.27031       0.0268871        0.024726 
        2.27644       0.0267279       0.0245611 
        2.28257       0.0265317       0.0243977 
        2.28872       0.0263917       0.0242356 
        2.29486       0.0262212       0.0240749 
        2.30099       0.0260424        0.023916 
        2.30712       0.0259279       0.0237585 
        2.31326       0.0257021       0.0236021 
         2.3194       0.0255624       0.0234472 
        2.32553       0.0254334        0.023294 
        2.33166       0.0252361       0.0231422 
         2.3378       0.0250994       0.0229916 
        2.34394       0.0249461       0.0228422 
        2.35007       0.0248154       0.0226944 
        2.35619       0.0247086       0.0225481 
        2.36233       0.0244998       0.0224027 
        2.36848       0.0243631       0.0222583 
        2.37462       0.0242435       0.0221155 
        2.38075       0.0240818       0.0219741 
        2.38689       0.0239506       0.0218338 
        2.39303       0.0238234       0.0216947 
        2.39916         0.02363        0.021557 
        2.40529       0.0234853       0.0214205 
        2.41143       0.0233521       0.0212851 
        2.41757       0.0232354       0.0211508 
         2.4237       0.0230738       0.0210179 
        2.42983       0.0229547       0.0208861 
        2.43598       0.0228264       0.0207551 
        2.44211       0.0226793       0.0206255 
        2.44823       0.0225581       0.0204973 
        2.45437       0.0224274       0.0203698 
        2.46052       0.0222986       0.0202432 
        2.46665       0.0221539        0.020118 
        2.47279       0.0220763       0.0199939 
        2.47892       0.0219532       0.0198707 
        2.48507       0.0217988       0.0197485 
         2.4912        0.021682       0.0196275 
        2.49733       0.0216068       0.0195076 
        2.50347       0.0214207       0.0193885 
        2.50961       0.0213366       0.0192704 
        2.51575       0.0212205       0.0191533 
        2.52188       0.0211029       0.0190374 
        2.52802       0.0210063       0.0189223 
        2.53416       0.0208655        0.018808 
        2.54029       0.0207449        0.018695 
        2.54641       0.0206098       0.0185829 
        2.55255       0.0205358       0.0184716 
        2.55869       0.0203718        0.018361 
        2.56483       0.0203016       0.0182515 
        2.57096       0.0201811        0.018143 
        2.57709       0.0200706       0.0180354 
        2.58323       0.0199518       0.0179285 
        2.58937        0.019852       0.0178225 
        2.59551       0.0197312       0.0177174 
        2.60164       0.0196618       0.0176132 
        2.60778       0.0195435       0.0175097 
        2.61392       0.0194484       0.0174071 
        2.62006        0.019349       0.0173054 
        2.62619       0.0192167       0.0172045 
        2.63232       0.0191471       0.0171045 
        2.63846       0.0190338       0.0170051 
        2.64459       0.0189237       0.0169067 
        2.65072       0.0188652        0.016809 
        2.65686        0.018727       0.0167121 
          2.663       0.0186435       0.0166158 
        2.66915       0.0185519       0.0165203 
        2.67527        0.018472       0.0164257 
        2.68141       0.0183587       0.0163318 
        2.68755       0.0182399       0.0162386 
        2.69368         0.01815       0.0161462 
        2.69981       0.0180853       0.0160546 
        2.70595       0.0179858       0.0159635 
        2.71209        0.017886       0.0158731 
        2.71823       0.0178042       0.0157836 
        2.72436       0.0177112       0.0156947 
         2.7305        0.017647       0.0156065 
        2.73663       0.0175431        0.015519 
        2.74276       0.0174641       0.0154322 
         2.7489       0.0173485        0.015346 
        2.75504       0.0173126       0.0152605 
        2.76118       0.0171786       0.0151755 
        2.76732       0.0171183       0.0150913 
        2.77345       0.0170315       0.0150077 
        2.77959       0.0169468       0.0149248 
        2.78572       0.0168671       0.0148425 
        2.79186        0.016767       0.0147609 
        2.79798        0.016702       0.0146799 
        2.80412       0.0166377       0.0145994 
        2.81027       0.0165548       0.0145195 
         2.8164       0.0164927       0.0144403 
        2.82253       0.0163959       0.0143617 
        2.82867       0.0163015       0.0142836 
        2.83481       0.0162709       0.0142061 
        2.84095       0.0161571       0.0141292 
        2.84708       0.0160986       0.0140529 
        2.85322       0.0160301       0.0139771 
        2.85935       0.0159187       0.0139019 
        2.86549       0.0158606       0.0138273 
        2.87162       0.0158039       0.0137532 
        2.87776       0.0157304       0.0136797 
        2.88389       0.0156537       0.0136066 
        2.89003       0.0155831       0.0135342 
        2.89617        0.015541       0.0134622 
        2.90231       0.0154284       0.0133908 
        2.90844       0.0153775       0.0133199 
        2.91458       0.0153165       0.0132495 
        2.92071       0.0152412       0.0131798 
        2.92684       0.0151443       0.0131104 
        2.93298       0.0150921       0.0130416 
         2.9391       0.0150427       0.0129733 
        2.94524       0.0149809       0.0129055 
        2.95138       0.0149094       0.0128381 
        2.95752       0.0148478       0.0127711 
        2.96367       0.0147763       0.0127046 
         2.9698       0.0147263       0.0126387 
        2.97594         0.01468       0.0125732 
        2.98207        0.014582       0.0125082 
        2.98821       0.0145449       0.0124437 
        2.99434       0.0144685       0.0123796 
        3.00048       0.0143861        0.012316 
        3.00662       0.0143711       0.0122528 
        3.01275       0.0143065       0.0121901 
        3.01888       0.0142383       0.0121279 
        3.02503       0.0141739       0.0120659 
        3.03117       0.0141288       0.0120045 
        3.03729       0.0140674       0.0119436 
        3.04342       0.0140207       0.0118831 
        3.04957       0.0139413       0.0118228 
         3.0557       0.0139137       0.0117631 
        3.06183       0.0138386       0.0117039 
        3.06796       0.0138122        0.011645 
        3.07411       0.0137352       0.0115865 
        3.08025       0.0136737       0.0115284 
        3.08637       0.0136428       0.0114708 
         3.0925       0.0135824       0.0114135 
        3.09865       0.0135329       0.0113565 
         3.1048       0.0134654          0.0113 
        3.11093       0.0134328       0.0112439 
        3.11706       0.0133624       0.0111882 
         3.1232       0.0133174       0.0111328 
        3.12933       0.0132655       0.0110778 
        3.13547       0.0132302       0.0110232 
        3.14159       0.0131613       0.0109691 
        3.14773       0.0131129       0.0109152 
        3.15388       0.0130569       0.0108616 
        3.16001       0.0129949       0.0108085 
        3.16614        0.012962       0.0107558 
        3.17228       0.0129039       0.0107033 
        3.17842       0.0128636       0.0106512 
        3.18455       0.0127947       0.0105995 
        3.19068       0.0127516       0.0105482 
        3.19682       0.0127074       0.0104971 
        3.20297       0.0126594       0.0104464 
         3.2091       0.0126308        0.010396 
        3.21524       0.0125808       0.0103459 
        3.22138       0.0125505       0.0102962 
         3.2275       0.0125048       0.0102469 
        3.23363       0.0124796       0.0101979 
        3.23977       0.0124116       0.0101492 
        3.24591       0.0123744       0.0101008 
        3.25205       0.0123264       0.0100527 
        3.25818       0.0122859       0.0100049 
        3.26432        0.012272      0.00995742 
        3.27046       0.0122346      0.00991025 
         3.2766       0.0121883       0.0098634 
        3.28273       0.0121587      0.00981686 
        3.28887       0.0121267      0.00977062 
          3.295       0.0120853      0.00972469 
        3.30113        0.012055      0.00967906 
        3.30727       0.0120259       0.0096337 
        3.31341       0.0120096      0.00958867 
        3.31954       0.0119782      0.00954392 
        3.32568       0.0119351      0.00949942 
        3.33182       0.0119066      0.00945521 
        3.33795       0.0118572      0.00941133 
        3.34409       0.0118429      0.00936768 
        3.35022       0.0118179      0.00932431 
        3.35636       0.0118058      0.00928125 
         3.3625       0.0117765      0.00923843 
        3.36864       0.0117529      0.00919588 
        3.37477       0.0117402      0.00915361 
        3.38091       0.0117239      0.00911163 
        3.38704       0.0116842      0.00906992 
        3.39318       0.0116788      0.00902844 
        3.39931       0.0116413      0.00898723 
        3.40545       0.0116256      0.00894629 
        3.41158       0.0116248       0.0089056 
        3.41772       0.0115868      0.00886516 
        3.42385       0.0115729      0.00882501 
        3.42998       0.0115673      0.00878508 
        3.43612       0.0115566      0.00874541 
        3.44226       0.0115336      0.00870596 
         3.4484       0.0115285       0.0086667 
        3.45453       0.0115323      0.00862777 
        3.46066       0.0115073      0.00858909 
        3.46681       0.0115103      0.00855055 
        3.47295        0.011498      0.00851227 
        3.47908       0.0114917      0.00847433 
        3.48521       0.0114853      0.00843659 
        3.49135       0.0114652      0.00839902 
        3.49749       0.0114815       0.0083617 
        3.50362       0.0114737      0.00832462 
        3.50976       0.0114701      0.00828778 
        3.51589       0.0114627      0.00825115 
        3.52203       0.0114615      0.00821473 
        3.52816       0.0114541      0.00817859 
        3.53429        0.011454      0.00814264 
        3.54043        0.011466      0.00810684 
        3.54657        0.011457      0.00807128 
        3.55271       0.0114587      0.00803597 
        3.55884       0.0114766       0.0080009 
        3.56498       0.0114644      0.00796597 
        3.57112        0.011484      0.00793125 
        3.57725       0.0114915      0.00789678 
        3.58338       0.0115038      0.00786254 
        3.58952       0.0115119      0.00782846 
        3.59566       0.0115136      0.00779455 
         3.6018       0.0115291      0.00776087 
        3.60793       0.0115449      0.00772742 
        3.61407       0.0115625      0.00769417 
        3.62021        0.011592      0.00766108 
        3.62634       0.0116077      0.00762821 
        3.63247       0.0116178      0.00759554 
        3.63861       0.0116173      0.00756306 
        3.64475       0.0116431      0.00753071 
        3.65089        0.011669       0.0074986 
        3.65702       0.0116709      0.00746671 
        3.66316       0.0117063      0.00743496 
        3.66929       0.0117322      0.00740342 
        3.67543       0.0117551      0.00737206 
        3.68156       0.0117882      0.00734089 
        3.68769       0.0118136      0.00730989 
        3.69383       0.0118383      0.00727905 
        3.69997       0.0118783       0.0072484 
        3.70611       0.0118896      0.00721794 
        3.71224       0.0119289      0.00718764 
        3.71838       0.0119598      0.00715751 
        3.72451       0.0120008      0.00712758 
        3.73065       0.0120401      0.00709783 
        3.73678       0.0120738      0.00706824 
        3.74292       0.0120967      0.00703878 
        3.74906       0.0121502      0.00700951 
        3.75519        0.012204      0.00698042 
        3.76133       0.0122257      0.00695149 
        3.76746       0.0122513      0.00692273 
         3.7736       0.0122883      0.00689415 
        3.77974       0.0123838      0.00686569 
        3.78588        0.012403       0.0068374 
        3.79201       0.0124761      0.00680929 
        3.79814       0.0125038      0.00678134 
        3.80428       0.0125723      0.00675354 
        3.81042       0.0126319      0.00672587 
        3.81655       0.0126713      0.00669838 
        3.82268       0.0127194      0.00667108 
        3.82882       0.0127657      0.00664391 
        3.83496        0.012838      0.00661686 
        3.84109       0.0128909      0.00658997 
        3.84723       0.0129359      0.00656325 
        3.85337       0.0129896      0.00653664 
        3.85951       0.0130656      0.00651018 
        3.86565       0.0131534       0.0064839 
        3.87178       0.0132158      0.00645779 
        3.87791       0.0132644      0.00643181 
        3.88405       0.0133482      0.00640594 
        3.89019       0.0134146      0.00638023 
        3.89632       0.0134718      0.00635467 
        3.90246       0.0135545      0.00632924 
         3.9086        0.013621      0.00630394 
        3.91473       0.0137058      0.00627881 
        3.92086       0.0137822      0.00625384 
        3.92699       0.0138597      0.00622896 
        3.93313       0.0139346      0.00620421 
        3.93927       0.0140495      0.00617961 
         3.9454       0.0141023      0.00615515 
        3.95154       0.0142145       0.0061308 
        3.95768       0.0142926      0.00610658 
        3.96382       0.0143686      0.00608251 
        3.96995       0.0144559      0.00605856 
        3.97609       0.0145536      0.00603475 
        3.98222       0.0146634      0.00601109 
        3.98836        0.014734      0.00598752 
         3.9945       0.0148011      0.00596409 
        4.00063        0.014947       0.0059408 
        4.00677       0.0150306       0.0059176 
        4.01291       0.0151361      0.00589453 
        4.01904       0.0152333      0.00587163 
        4.02517       0.0153769      0.00584884 
        4.03131       0.0154566      0.00582614 
        4.03745       0.0155918      0.00580355 
        4.04358       0.0157138      0.00578111 
        4.04972       0.0157989       0.0057588 
        4.05585       0.0158942      0.00573659 
        4.06199       0.0160424      0.00571449 
        4.06812       0.0161488      0.00569252 
        4.07426       0.0162629      0.00567066 
         4.0804       0.0163834       0.0056489 
        4.08654       0.0165081      0.00562726 
        4.09267         0.01669      0.00560576 
         4.0988       0.0167564      0.00558439 
        4.10494        0.016966       0.0055631 
        4.11108       0.0170327       0.0055419 
        4.11721        0.017182      0.00552084 
        4.12334       0.0173312       0.0054999 
        4.12948       0.0174769      0.00547906 
        4.13561       0.0176299      0.00545831 
        4.14176       0.0177372      0.00543766 
        4.14789       0.0179375      0.00541712 
        4.15403       0.0180734      0.00539671 
        4.16016       0.0181969       0.0053764 
         4.1663       0.0183385      0.00535619 
        4.17243       0.0185393       0.0053361 
        4.17857       0.0187055      0.00531609 
        4.18471       0.0188757      0.00529619 
        4.19084       0.0190112      0.00527639 
        4.19698       0.0192044       0.0052567 
        4.20312       0.0193977       0.0052371 
        4.20925       0.0195673      0.00521761 
        4.21538       0.0196963      0.00519824 
        4.22152       0.0198754      0.00517893 
        4.22766       0.0201032      0.00515973 
         4.2338       0.0203076      0.00514064 
        4.23993       0.0204927      0.00512164 
        4.24607       0.0206684      0.00510274 
         4.2522       0.0208203      0.00508392 
        4.25834       0.0211044      0.00506521 
        4.26447       0.0212471       0.0050466 
        4.27061       0.0214826      0.00502809 
        4.27674        0.021661      0.00500965 
        4.28288       0.0218368       0.0049913 
        4.28902       0.0220618      0.00497306 
        4.29515       0.0223194      0.00495491 
        4.30129       0.0224702      0.00493685 
        4.30743       0.0227203      0.00491886 
        4.31356       0.0230174      0.00490097 
        4.31969       0.0231691       0.0048832 
        4.32583       0.0234254       0.0048655 
        4.33197       0.0236245      0.00484786 
         4.3381       0.0239556      0.00483033 
        4.34424       0.0242231       0.0048129 
        4.35038        0.024314      0.00479552 
        4.35652       0.0246016      0.00477824 
        4.36265       0.0249273      0.00476107 
        4.36878       0.0251402      0.00474398 
        4.37492       0.0253749      0.00472695 
        4.38106       0.0256535         0.00471 
        4.38719       0.0260198      0.00469317 
        4.39333       0.0262175      0.00467642 
        4.39946       0.0265311      0.00465973 
         4.4056       0.0268092      0.00464313 
        4.41173       0.0270959      0.00462661 
        4.41786       0.0273919      0.00461019 
          4.424       0.0277214      0.00459383 
        4.43014       0.0280205      0.00457753 
        4.43628       0.0282197      0.00456131 
        4.44241       0.0287184       0.0045452 
        4.44855       0.0289305      0.00452915 
        4.45469       0.0292289      0.00451317 
        4.46083       0.0296689      0.00449729 
        4.46696       0.0298294      0.00448149 
        4.47309       0.0302132      0.00446574 
        4.47923       0.0306277      0.00445007 
        4.48537       0.0308899       0.0044345 
         4.4915       0.0311971      0.00441899 
        4.49764       0.0316106      0.00440355 
        4.50378       0.0320188      0.00438817 
        4.50991        0.032386       0.0043729 
        4.51604       0.0327698       0.0043577 
        4.52218       0.0331453      0.00434254 
        4.52832       0.0335608      0.00432747 
        4.53445       0.0338474      0.00431248 
        4.54059       0.0342915      0.00429755 
        4.54673       0.0347207      0.00428269 
        4.55286       0.0351719       0.0042679 
          4.559       0.0354556      0.00425318 
        4.56513       0.0360177      0.00423855 
        4.57127       0.0364377      0.00422397 
        4.57741       0.0368705      0.00420945 
        4.58354       0.0372911      0.00419501 
        4.58968       0.0376872      0.00418064 
        4.59582       0.0381766      0.00416633 
        4.60195       0.0386375       0.0041521 
        4.60809        0.039112      0.00413793 
        4.61422         0.03961      0.00412383 
        4.62036       0.0400895      0.00410979 
        4.62649       0.0405406      0.00409582 
        4.63263       0.0410214      0.00408191 
        4.63876       0.0415505      0.00406807 
         4.6449       0.0420516      0.00405428 
        4.65104       0.0425941      0.00404057 
        4.65717       0.0431118      0.00402693 
        4.66331       0.0436795      0.00401334 
        4.66944       0.0442005      0.00399981 
        4.67558       0.0448183      0.00398636 
        4.68171       0.0454095      0.00397296 
        4.68785        0.045865      0.00395961 
        4.69399       0.0465463      0.00394633 
        4.70012       0.0470388      0.00393313 
        4.70625       0.0477242      0.00391998 
        4.71239       0.0483114      0.00390687 
        4.71853       0.0488801      0.00389384 
        4.72467       0.0496837      0.00388086 
         4.7308       0.0503107      0.00386794 
        4.73694        0.050859      0.00385509 
        4.74308       0.0514727      0.00384229 
        4.74922        0.052116      0.00382954 
        4.75535       0.0529019      0.00381687 
        4.76148       0.0534859      0.00380425 
        4.76762       0.0542631      0.00379167 
        4.77376       0.0550615      0.00377916 
        4.77989       0.0556715      0.00376672 
        4.78602         0.05633      0.00375432 
        4.79216       0.0571013      0.00374198 
         4.7983       0.0579541      0.00372969 
        4.80443       0.0588022      0.00371747 
        4.81056       0.0594662       0.0037053 
         4.8167       0.0602329      0.00369317 
        4.82284       0.0609689       0.0036811 
        4.82898       0.0619563      0.00366909 
        4.83511       0.0629286      0.00365714 
        4.84125       0.0636893      0.00364523 
        4.84739       0.0645309      0.00363337 
        4.85352       0.0654723      0.00362159 
        4.85965       0.0660354      0.00360984 
        4.86579       0.0672395      0.00359815 
        4.87193       0.0681303       0.0035865 
        4.87807       0.0689674      0.00357491 
         4.8842       0.0699559      0.00356337 
        4.89034       0.0709315      0.00355188 
        4.89647       0.0719168      0.00354045 
        4.90261       0.0730052      0.00352906 
        4.90874       0.0738318      0.00351773 
        4.91488       0.0747169      0.00350645 
        4.92102       0.0760731      0.00349521 
        4.92715       0.0770812      0.00348402 
        4.93329       0.0781948      0.00347289 
        4.93942       0.0794989      0.00346179 
        4.94556       0.0805947      0.00345075 
         4.9517       0.0816226      0.00343976 
        4.95783       0.0828129      0.00342881 
        4.96397        0.083903      0.00341792 
        4.97011       0.0849506      0.00340706 
        4.97624       0.0863013      0.00339626 
        4.98238       0.0875871      0.00338551 
        4.98851       0.0887334      0.00337481 
        4.99465       0.0903682      0.00336415 
        5.00078       0.0915534      0.00335353 
        5.00691       0.0928384      0.00334297 
        5.01305       0.0942711      0.00333245 
        5.01919       0.0952586      0.00332196 
        5.02533       0.0968501      0.00331152 
        5.03146       0.0986021      0.00330114 
         5.0376       0.0997912       0.0032908 
        5.04374        0.101205      0.00328049 
        5.04987        0.102943      0.00327024 
        5.05601        0.104572      0.00326003 
        5.06215         0.10588      0.00324986 
        5.06829        0.107925      0.00323973 
        5.07442        0.109288      0.00322965 
        5.08055        0.110852      0.00321963 
        5.08668        0.112288      0.00320963 
        5.09282        0.114429      0.00319967 
        5.09896        0.116018      0.00318977 
        5.10509        0.117786       0.0031799 
        5.11123        0.119618      0.00317008 
        5.11736        0.121547      0.00316029 
         5.1235        0.123469      0.00315055 
        5.12964        0.125133      0.00314085 
        5.13577        0.127105      0.00313118 
        5.14191        0.129236      0.00312156 
        5.14804        0.130914      0.00311199 
        5.15418        0.132796      0.00310245 
        5.16032        0.135433      0.00309295 
        5.16645        0.137215      0.00308349 
        5.17259        0.139581      0.00307407 
        5.17872        0.141956       0.0030647 
        5.18486        0.143548      0.00305535 
          5.191        0.146073      0.00304604 
        5.19713        0.148685      0.00303679 
        5.20327        0.150946      0.00302757 
        5.20941        0.153857      0.00301838 
        5.21555        0.155988      0.00300922 
        5.22168        0.158697      0.00300012 
        5.22781        0.161321      0.00299105 
        5.23395        0.163602      0.00298202 
        5.24009        0.166083      0.00297302 
        5.24622        0.169448      0.00296406 
        5.25236         0.17208      0.00295514 
         5.2585        0.175354      0.00294625 
        5.26463        0.178114       0.0029374 
        5.27077        0.181199      0.00292859 
         5.2769        0.184786      0.00291982 
        5.28304        0.187631      0.00291108 
        5.28917        0.190626      0.00290238 
         5.2953        0.194319      0.00289371 
        5.30144        0.197414      0.00288508 
        5.30757        0.201138      0.00287648 
        5.31371          0.2043      0.00286792 
        5.31985        0.208208      0.00285939 
        5.32599        0.211853      0.00285089 
        5.33213        0.215225      0.00284243 
        5.33826        0.217956      0.00283401 
         5.3444        0.222674      0.00282562 
        5.35053        0.226332      0.00281726 
        5.35667        0.230029      0.00280894 
        5.36281        0.235196      0.00280065 
        5.36894        0.238807       0.0027924 
        5.37507         0.24266      0.00278418 
        5.38121        0.247158      0.00277599 
        5.38735        0.251865      0.00276783 
        5.39348        0.256746      0.00275972 
        5.39961        0.260872      0.00275163 
        5.40575         0.26653      0.00274357 
        5.41189         0.26925      0.00273554 
        5.41803        0.276541      0.00272755 
        5.42416        0.280021      0.00271959 
         5.4303        0.285768      0.00271166 
        5.43644        0.290661      0.00270376 
        5.44257         0.29539       0.0026959 
        5.44871        0.303865      0.00268806 
        5.45484        0.308534      0.00268026 
        5.46098        0.314122      0.00267249 
        5.46712        0.319642      0.00266474 
        5.47325        0.326423      0.00265704 
        5.47938        0.333778      0.00264936 
        5.48552        0.339034      0.00264172 
        5.49165        0.346629       0.0026341 
        5.49779        0.352457      0.00262651 
        5.50393        0.359436      0.00261895 
        5.51006        0.367978      0.00261142 
         5.5162        0.375571      0.00260392 
        5.52234        0.382051      0.00259645 
        5.52847        0.390193      0.00258901 
        5.53461        0.397659      0.00258159 
        5.54075        0.408722      0.00257421 
        5.54688        0.414864      0.00256686 
        5.55302        0.423152      0.00255954 
        5.55915        0.431784      0.00255224 
        5.56529        0.441039      0.00254498 
        5.57143        0.449606      0.00253774 
        5.57756        0.458287      0.00253052 
         5.5837        0.468706      0.00252334 
        5.58983        0.480089      0.00251619 
        5.59597        0.490577      0.00250907 
         5.6021         0.49979      0.00250197 
        5.60824        0.511507      0.00249489 
        5.61438        0.521089      0.00248785 
        5.62051        0.532938      0.00248083 
        5.62665        0.543734      0.00247384 
        5.63278        0.556468      0.00246688 
        5.63892        0.568064      0.00245995 
        5.64505        0.581581      0.00245304 
        5.65119        0.592287      0.00244616 
        5.65733        0.606845       0.0024393 
        5.66346         0.62222      0.00243247 
         5.6696        0.637279      0.00242567 
        5.67573        0.655847      0.00241889 
        5.68187        0.662241      0.00241214 
          5.688        0.683246      0.00240542 
        5.69414        0.695968      0.00239872 
        5.70028        0.714055      0.00239204 
        5.70642        0.728441      0.00238539 
        5.71255        0.746602      0.00237877 
        5.71869        0.766444      0.00237217 
        5.72482        0.784982       0.0023656 
        5.73096        0.806707      0.00235905 
        5.73709         0.82386      0.00235253 
        5.74322        0.845081      0.00234604 
        5.74936        0.863812      0.00233956 
         5.7555        0.891925      0.00233311 
        5.76164        0.903231      0.00232668 
        5.76777        0.932668      0.00232029 
        5.77391        0.951126      0.00231391 
        5.78005        0.980357      0.00230755 
        5.78618         1.00346      0.00230123 
        5.79231         1.03109      0.00229493 
        5.79845         1.05709      0.00228864 
        5.80459         1.09115      0.00228238 
        5.81073         1.11975      0.00227615 
        5.81686         1.14074      0.00226994 
          5.823         1.16988      0.00226375 
        5.82914         1.20122      0.00225758 
        5.83527         1.23469      0.00225145 
         5.8414         1.26992      0.00224533 
        5.84754         1.30521      0.00223923 
        5.85368         1.33564      0.00223316 
        5.85981          1.3822      0.00222711 
        5.86595         1.41876      0.00222108 
        5.87208          1.4398      0.00221507 
        5.87822         1.50809      0.00220909 
        5.88435         1.53662      0.00220314 
        5.89049         1.58723      0.00219719 
        5.89662         1.62113      0.00219128 
        5.90276         1.68919      0.00218538 
         5.9089         1.73202       0.0021795 
        5.91503         1.79009      0.00217366 
        5.92117         1.83275      0.00216782 
        5.92731         1.90063      0.00216201 
        5.93344         1.96696      0.00215622 
        5.93958         2.01091      0.00215046 
        5.94572         2.06792      0.00214471 
        5.95186         2.15888      0.00213898 
        5.95799         2.19289      0.00213328 
        5.96412         2.27907       0.0021276 
        5.97026         2.36742      0.00212194 
         5.9764          2.4431       0.0021163 
        5.98253         2.49831      0.00211068 
        5.98866         2.58427      0.00210508 
         5.9948         2.70038       0.0020995 
        6.00094         2.78236      0.00209394 
        6.00707         2.85125       0.0020884 
        6.01321         2.96007      0.00208288 
        6.01935         3.05565      0.00207738 
        6.02548         3.14914       0.0020719 
        6.03162         3.26691      0.00206644 
        6.03775         3.40098      0.00206101 
        6.04389         3.49956      0.00205559 
        6.05003         3.63787      0.00205018 
        6.05617          3.7441      0.00204479 
         6.0623         3.89685      0.00203943 
        6.06844         4.01556      0.00203409 
        6.07457         4.14037      0.00202877 
         6.0807         4.32283      0.00202347 
        6.08684         4.45705      0.00201818 
        6.09298         4.62044      0.00201291 
        6.09912         4.78942      0.00200766 
        6.10525         4.96683      0.00200243 
        6.11138         5.23742      0.00199722 
        6.11752         5.40912      0.00199203 
        6.12366         5.61089      0.00198686 
        6.12979         5.80788       0.0019817 
        6.13593         5.98818      0.00197657 
        6.14207         6.34763      0.00197145 
         6.1482         6.46923      0.00196634 
        6.15434         6.76998      0.00196126 
        6.16047         7.05704       0.0019562 
        6.16661         7.39289      0.00195115 
        6.17274         7.65667      0.00194612 
        6.17887         7.71848      0.00194111 
        6.18501         8.50511      0.00193612 
        6.19115         8.54832      0.00193114 
        6.19729         9.12669      0.00192618 
        6.20342         9.30323      0.00192124 
        6.20956         9.69636      0.00191632 
         6.2157         10.3942      0.00191141 
        6.22183         10.5277      0.00190652 
        6.22797         10.8417      0.00190165 
         6.2341         11.7945      0.00189679 
        6.24024         11.6781      0.00189195 
        6.24638          13.022      0.00188713 
        6.25251          12.667      0.00188233 
        6.25865         12.9304      0.00187754 
        6.26478         13.4943      0.00187277 
        6.27092         13.6662      0.00186801 
        6.27705         14.3287      0.00186328 
        6.28318         16.1567      0.00185856 
