# k  (h/Mpc)    Pcb(k)  (Mpc/h)^3    Pcb_linear(k)  (Mpc/h)^3
     0.00783031         4864.09         4891.23 
       0.013688         6011.48         6111.83 
       0.019231         6262.57         6316.51 
      0.0249154         6006.73         5999.39 
      0.0312784         5338.01         5364.61 
      0.0375637         4650.06         4694.17 
      0.0433917         4146.42         4152.96 
      0.0492413         3698.74         3725.24 
      0.0555754         3379.33         3381.69 
      0.0619321         3057.42         3122.13 
       0.067871         2886.34         2915.26 
      0.0738098          2694.8         2712.04 
      0.0800417         2478.65         2486.91 
      0.0862327         2236.32         2252.98 
      0.0921407            2022         2033.14 
      0.0982031         1834.12         1827.09 
       0.104506         1637.17         1646.79 
       0.110769         1504.57         1506.62 
       0.116806         1423.91         1404.77 
       0.122832         1331.67         1326.84 
       0.129052         1269.32         1259.83 
       0.135211         1218.26          1196.4 
       0.141259         1140.65         1130.38 
       0.147318          1057.9         1058.69 
       0.153489          991.66         982.321 
       0.159709         932.464         906.874 
       0.165845          849.14         838.985 
       0.171974         816.285         781.076 
       0.178125         773.363         733.905 
       0.184229         721.976         696.704 
        0.19034         702.256         666.314 
       0.196428         677.173         639.579 
       0.202534         636.234         613.417 
       0.208729         621.299         585.661 
       0.214876         596.201         556.428 
       0.220989         555.562         526.407 
       0.227147         539.835         496.637 
        0.23329          516.16         468.911 
       0.239377         500.029         444.455 
       0.245482         473.529         423.333 
       0.251667         453.206         405.143 
       0.257832         446.859         389.465 
       0.263955         422.977         375.342 
       0.270079         408.476         361.764 
        0.27624         391.326         348.057 
       0.282372         380.701         334.134 
        0.28843         376.738         320.243 
       0.294538         358.043         306.451 
       0.300721         343.744         293.145 
        0.30691         337.456          280.83 
       0.313033         322.729         269.805 
       0.319153         316.631         259.913 
       0.325316         307.095         250.895 
        0.33145         298.802         242.592 
       0.337538         288.923         234.744 
       0.343633         280.097         227.071 
       0.349808         272.102         219.385 
       0.355968         265.629         211.794 
       0.362074         259.222         204.432 
       0.368217         254.474         197.287 
       0.374374          248.41           190.5 
       0.380519         237.981         184.157 
       0.386598         233.596         178.312 
       0.392688         227.546         172.854 
        0.39888         222.676         167.629 
       0.405048         218.169         162.674 
       0.411186         215.126         157.919 
       0.417313         210.192         153.294 
       0.423458         204.762          148.77 
       0.429607         200.467         144.361 
       0.435692         196.833         140.135 
       0.441815         192.038         136.051 
       0.447964         186.551         132.136 
       0.454126         183.276         128.405 
       0.460267         181.492         124.872 
       0.466387         177.582         121.519 
        0.47254         175.471         118.287 
       0.478662         169.751         115.189 
       0.484765         167.475         112.202 
       0.490885         164.321         109.294 
       0.497035         162.865         106.456 
       0.503198         159.657           103.7 
       0.509342         155.514         101.046 
       0.515458         153.765         98.4995 
       0.521598          150.06         96.0383 
       0.527764          148.45         93.6633 
       0.533884          147.64         91.3973 
           0.54         143.755         89.2154 
       0.546137          140.48         87.0997 
       0.552299         138.797          85.043 
       0.558452         136.276         83.0535 
       0.564573         135.664         81.1334 
       0.570708          131.97         79.2656 
       0.576825         130.483         77.4591 
       0.582926         129.053         75.7134 
       0.589034         127.026         74.0216 
       0.595184          125.64         72.3738 
       0.601379         122.634         70.7681 
       0.607522         120.772         69.2261 
       0.613639         119.743         67.7377 
       0.619772         117.911         66.2902 
       0.625918         116.833         64.8823 
       0.632068         114.641         63.5142 
       0.638161         112.905         62.1968 
         0.6443          112.31         60.9065 
       0.650464         110.104         59.6474 
       0.656582         109.636         58.4331 
       0.662703         108.265         57.2528 
       0.668861         105.926         56.0995 
       0.675024         105.887         54.9782 
       0.681124         104.166         53.8995 
       0.687237         102.222          52.848 
       0.693381         101.694         51.8197 
       0.699536         100.447         50.8169 
       0.705665          98.947         49.8449 
       0.711789         97.6805         48.8992 
       0.717957         96.5584         47.9716 
        0.72409         95.8351         47.0734 
       0.730186         95.2007         46.2038 
       0.736317          93.474         45.3518 
       0.742472         92.4267         44.5183 
       0.748622         91.0566         43.7068 
        0.75476         90.5233         42.9174 
       0.760888         90.0622         42.1489 
       0.767043         88.3647         41.3962 
       0.773185         87.3755         40.6636 
       0.779291         86.4008         39.9531 
       0.785407          85.299         39.2586 
       0.791564         85.2615         38.5764 
       0.797719         84.1492         37.9109 
       0.803834         83.3786         37.2654 
       0.809972         82.7425         36.6327 
       0.816124         81.7878         36.0135 
       0.822261         80.7249         35.4104 
       0.828378         80.5028          34.823 
       0.834502         79.2943         34.2485 
       0.840667         78.8425         33.6833 
       0.846816         77.9978         33.1326 
       0.852925         77.2451         32.5977 
       0.859047         76.9768         32.0735 
       0.865192         75.7723         31.5592 
       0.871341         74.9558         31.0559 
       0.877463          74.506         30.5659 
       0.883569         74.2676         30.0877 
       0.889708         73.5488         29.6174 
       0.895864         72.8701          29.156 
       0.902008         72.1777         28.7054 
       0.908149         71.3992         28.2647 
       0.914301         71.0646         27.8325 
       0.920448         70.7178         27.4099 
       0.926574         69.3771         26.9975 
       0.932687          69.111         26.5945 
       0.938823         68.5169         26.1983 
       0.944975         67.7576         25.8094 
       0.951105         67.2422         25.4297 
       0.957225         67.0764         25.0584 
       0.963368         66.3837         24.6932 
       0.969511         65.7931         24.3354 
       0.975621         65.3466         23.9866 
       0.981748         64.6691         23.6438 
       0.987916         64.2318         23.3056 
        0.99406         63.8211         22.9753 
        1.00019         63.1771          22.652 
        1.00632          62.753         22.3354 
        1.01246         62.2987         22.0243 
        1.01859         61.9868         21.7197 
        1.02471         61.2565         21.4213 
        1.03085         60.9507         21.1274 
        1.03698         60.5487         20.8398 
        1.04314         60.1315         20.5563 
        1.04929          59.574         20.2787 
        1.05541         59.2684         20.0074 
        1.06154         58.9475         19.7405 
        1.06769         58.1657          19.478 
        1.07382         57.9133         19.2212 
        1.07993         57.5853         18.9696 
        1.08607          57.131         18.7215 
        1.09222         56.8964         18.4776 
        1.09836         56.3845         18.2384 
        1.10449         56.0807         18.0036 
        1.11063          55.584         17.7728 
        1.11677         55.4945         17.5461 
         1.1229         54.8854         17.3237 
        1.12903          54.702         17.1051 
        1.13518         54.5414           16.89 
        1.14131         53.9279         16.6788 
        1.14745         53.4415         16.4712 
        1.15359         52.9691         16.2672 
        1.15973         52.8852         16.0666 
        1.16584         52.5117         15.8703 
        1.17197          51.905         15.6769 
        1.17811         51.7381         15.4862 
        1.18424         51.0898         15.2993 
        1.19038         51.0225         15.1149 
        1.19652         50.7943         14.9336 
        1.20267         50.4542         14.7553 
        1.20881         50.0904         14.5799 
        1.21495         49.8939         14.4077 
        1.22108         49.6945         14.2383 
         1.2272         49.2625          14.072 
        1.23334         48.9698          13.908 
        1.23949         48.6779         13.7462 
        1.24562         48.2891         13.5875 
        1.25174         48.0065         13.4315 
        1.25789         47.9988         13.2775 
        1.26402         47.5769         13.1262 
        1.27014         47.3309         12.9777 
        1.27628         46.8779          12.831 
        1.28244         46.7933         12.6863 
        1.28858         46.4355          12.544 
        1.29471         46.2204         12.4042 
        1.30084         45.8319         12.2667 
        1.30697         45.7453         12.1311 
        1.31312         45.3297         11.9974 
        1.31925         44.9934          11.866 
        1.32537         44.8147         11.7368 
        1.33151         44.5276         11.6091 
        1.33765         44.3726         11.4833 
        1.34378         44.1834         11.3596 
        1.34992         43.8472         11.2377 
        1.35606         43.5927         11.1173 
         1.3622          43.323         10.9989 
        1.36833         43.1137         10.8825 
        1.37445         42.7735         10.7678 
        1.38059         42.6677         10.6545 
        1.38675         42.2368         10.5425 
        1.39288          42.214         10.4326 
        1.39901         41.8961         10.3242 
        1.40515         41.7074         10.2172 
         1.4113          41.684         10.1118 
        1.41742         41.3905         10.0082 
        1.42355         41.0064          9.9059 
         1.4297         40.8128         9.80471 
        1.43585         40.5451         9.70498 
        1.44198         40.3637         9.60702 
        1.44809         40.1439         9.51059 
        1.45423         40.0094         9.41514 
        1.46036         39.8159         9.32117 
        1.46649          39.607         9.22844 
        1.47263         39.3307         9.13691 
        1.47877         39.1936         9.04666 
        1.48491         39.0469         8.95749 
        1.49104         38.7264         8.86971 
        1.49718         38.6094         8.78305 
        1.50333          38.481          8.6974 
        1.50947         38.1824         8.61308 
         1.5156         38.0239            8.53 
        1.52172         37.7336         8.44801 
        1.52787         37.6076         8.36695 
          1.534         37.4039         8.28704 
        1.54013         37.3253         8.20826 
        1.54627         36.9752         8.13037 
        1.55241         36.8368         8.05347 
        1.55855         36.7396         7.97768 
        1.56467         36.5696         7.90308 
         1.5708         36.3784         7.82922 
        1.57695         36.1884         7.75619 
        1.58308         35.8865         7.68426 
        1.58922         35.7254          7.6132 
        1.59535         35.6214         7.54307 
         1.6015         35.5158         7.47372 
        1.60764         35.3219         7.40527 
        1.61376         35.0999         7.33788 
        1.61989         34.8729         7.27126 
        1.62604         34.7496         7.20533 
        1.63218         34.5862         7.14026 
        1.63831         34.4789         7.07614 
        1.64444         34.2769         7.01278 
        1.65059         34.1091         6.95004 
        1.65673         33.9525         6.88815 
        1.66285          33.871         6.82718 
        1.66898         33.5912         6.76692 
        1.67512         33.5379         6.70728 
        1.68127         33.3489          6.6483 
         1.6874         33.1719         6.59016 
        1.69353         33.0882         6.53275 
        1.69967         32.9255         6.47588 
        1.70581         32.6409         6.41972 
        1.71193         32.4923         6.36444 
        1.71806         32.4334         6.30969 
        1.72421         32.3079         6.25548 
        1.73035         32.1075         6.20196 
        1.73649         31.9006         6.14908 
        1.74262         31.7217         6.09687 
        1.74876         31.6292         6.04522 
        1.75489         31.4913         5.99428 
        1.76101          31.385         5.94394 
        1.76715         31.2635         5.89411 
        1.77329         31.0305         5.84479 
        1.77943         30.9851         5.79602 
        1.78557         30.8228         5.74787 
        1.79171         30.6889         5.70026 
        1.79785         30.5443         5.65318 
        1.80399         30.4106         5.60665 
        1.81012          30.317          5.5607 
        1.81625         30.0719         5.51528 
        1.82239         29.9813         5.47031 
        1.82853         29.8509         5.42585 
        1.83466         29.7081         5.38194 
        1.84078         29.5576         5.33856 
        1.84692         29.4829         5.29559 
        1.85306         29.2796         5.25303 
         1.8592         29.2305         5.21101 
        1.86533         29.0366         5.16948 
        1.87147         28.9094         5.12835 
        1.87761         28.7835         5.08765 
        1.88375         28.7487         5.04744 
        1.88988         28.5235         5.00771 
        1.89601         28.3917         4.96838 
        1.90215         28.2961         4.92944 
        1.90829         28.2148         4.89094 
        1.91442         27.9962         4.85285 
        1.92056         27.9382         4.81519 
         1.9267         27.8321          4.7779 
        1.93284         27.7314         4.74098 
        1.93897         27.6013         4.70451 
        1.94509         27.4856         4.66851 
        1.95123         27.3517          4.6328 
        1.95737         27.2357         4.59743 
        1.96349         27.1023         4.56252 
        1.96964         27.1113         4.52787 
        1.97578         26.8475         4.49357 
        1.98192         26.7676         4.45969 
        1.98805         26.5585         4.42616 
        1.99419         26.5684         4.39297 
        2.00033         26.4073         4.36011 
        2.00647         26.3377         4.32759 
         2.0126         26.1789         4.29545 
        2.01874          26.064          4.2636 
        2.02488          25.937         4.23203 
        2.03101         25.8089         4.20085 
        2.03714         25.7309         4.17001 
        2.04328         25.6357         4.13944 
        2.04941         25.5147         4.10921 
        2.05554         25.4613          4.0793 
        2.06167         25.3048         4.04964 
        2.06781         25.2281         4.02028 
        2.07396         25.1566         3.99116 
        2.08009          25.004         3.96239 
        2.08622         24.8976         3.93393 
        2.09237         24.8461         3.90569 
        2.09851         24.6398         3.87773 
        2.10464         24.5468         3.85008 
        2.11077         24.5418         3.82274 
        2.11691         24.3813          3.7956 
        2.12305         24.2989         3.76873 
        2.12918         24.2023         3.74218 
        2.13531         24.1071         3.71588 
        2.14145         23.9689         3.68978 
         2.1476         23.8395         3.66389 
        2.15372         23.7737         3.63838 
        2.15985         23.7026          3.6131 
        2.16599         23.5779         3.58797 
        2.17213          23.528         3.56312 
        2.17827         23.3583          3.5385 
         2.1844         23.2996         3.51414 
        2.19054          23.253         3.49001 
        2.19666         23.1098         3.46613 
         2.2028         23.0682         3.44245 
        2.20893         22.8882         3.41898 
        2.21508         22.8247         3.39571 
        2.22122         22.7101         3.37264 
        2.22736         22.6845         3.34984 
        2.23349         22.5349         3.32725 
        2.23962         22.4994         3.30486 
        2.24577         22.3721         3.28265 
         2.2519         22.3082         3.26068 
        2.25802         22.1374         3.23894 
        2.26417         22.0868         3.21734 
        2.27031         22.0301         3.19592 
        2.27644         21.9871         3.17476 
        2.28257         21.8459         3.15379 
        2.28872         21.8072         3.13296 
        2.29486         21.6888         3.11233 
        2.30099         21.5643         3.09193 
        2.30712         21.5077          3.0717 
        2.31326         21.4017         3.05162 
         2.3194         21.3255         3.03173 
        2.32553         21.2665         3.01205 
        2.33166         21.1275         2.99255 
         2.3378         21.1112          2.9732 
        2.34394         20.9794         2.95401 
        2.35007         20.9168         2.93502 
        2.35619          20.849         2.91622 
        2.36233         20.7379         2.89754 
        2.36848         20.6481         2.87899 
        2.37462         20.5799         2.86063 
        2.38075         20.4947         2.84245 
        2.38689         20.4031         2.82442 
        2.39303         20.3464         2.80654 
        2.39916         20.2345         2.78884 
        2.40529         20.1654         2.77129 
        2.41143         20.0917         2.75388 
        2.41757         19.9809         2.73661 
         2.4237         19.9193         2.71953 
        2.42983         19.8663         2.70258 
        2.43598         19.7661         2.68574 
        2.44211         19.6937         2.66907 
        2.44823         19.6417         2.65258 
        2.45437         19.5782         2.63618 
        2.46052         19.4546         2.61991 
        2.46665         19.4389          2.6038 
        2.47279          19.294         2.58783 
        2.47892         19.2406         2.57199 
        2.48507         19.1736         2.55626 
         2.4912         19.1015          2.5407 
        2.49733          19.047         2.52527 
        2.50347          18.982         2.50994 
        2.50961          18.913         2.49474 
        2.51575         18.8014         2.47968 
        2.52188         18.6981         2.46475 
        2.52802         18.6576         2.44994 
        2.53416          18.565         2.43523 
        2.54029         18.5019         2.42068 
        2.54641          18.461         2.40625 
        2.55255          18.368         2.39192 
        2.55869         18.3072         2.37769 
        2.56483         18.2279         2.36359 
        2.57096         18.1546         2.34962 
        2.57709         18.1083         2.33576 
        2.58323         18.0164           2.322 
        2.58937         17.9439         2.30834 
        2.59551         17.8767         2.29481 
        2.60164         17.8329         2.28139 
        2.60778         17.7579         2.26806 
        2.61392           17.66         2.25484 
        2.62006         17.6126         2.24174 
        2.62619         17.5745         2.22875 
        2.63232         17.4515         2.21586 
        2.63846         17.4253         2.20306 
        2.64459         17.3463         2.19038 
        2.65072         17.2617         2.17779 
        2.65686          17.206         2.16531 
          2.663         17.1503         2.15289 
        2.66915          17.074         2.14058 
        2.67527         17.0355          2.1284 
        2.68141         16.9497          2.1163 
        2.68755         16.9122         2.10428 
        2.69368         16.8458         2.09237 
        2.69981         16.7783         2.08057 
        2.70595         16.7109         2.06883 
        2.71209         16.6578         2.05717 
        2.71823         16.5564         2.04563 
        2.72436         16.5327         2.03417 
         2.7305         16.4528          2.0228 
        2.73663         16.4027         2.01151 
        2.74276         16.3558         2.00033 
         2.7489         16.3015         1.98921 
        2.75504         16.1935         1.97818 
        2.76118         16.1376         1.96722 
        2.76732         16.0993         1.95636 
        2.77345         16.0376         1.94558 
        2.77959          15.967         1.93489 
        2.78572         15.9089         1.92427 
        2.79186         15.8637         1.91374 
        2.79798         15.7999          1.9033 
        2.80412          15.742         1.89292 
        2.81027         15.6917          1.8826 
         2.8164         15.6323         1.87238 
        2.82253         15.5794         1.86224 
        2.82867         15.5062         1.85217 
        2.83481         15.4448         1.84217 
        2.84095         15.3955         1.83224 
        2.84708         15.3428          1.8224 
        2.85322         15.2949         1.81262 
        2.85935         15.2163         1.80291 
        2.86549         15.1669         1.79328 
        2.87162         15.0998         1.78372 
        2.87776         15.0496         1.77423 
        2.88389         15.0063         1.76481 
        2.89003         14.9582         1.75545 
        2.89617         14.8925         1.74617 
        2.90231          14.851         1.73694 
        2.90844         14.7917         1.72779 
        2.91458          14.738         1.71871 
        2.92071         14.6975          1.7097 
        2.92684         14.6438         1.70074 
        2.93298         14.5921         1.69186 
         2.9391         14.5311         1.68304 
        2.94524          14.502         1.67428 
        2.95138         14.4373         1.66558 
        2.95752         14.3947         1.65693 
        2.96367         14.3272         1.64834 
         2.9698         14.2639         1.63983 
        2.97594         14.2147         1.63137 
        2.98207         14.1706         1.62297 
        2.98821         14.1142         1.61464 
        2.99434          14.078         1.60636 
        3.00048         14.0263         1.59814 
        3.00662         13.9891         1.58998 
        3.01275         13.9382         1.58188 
        3.01888         13.8575         1.57384 
        3.02503         13.8223         1.56584 
        3.03117         13.7736          1.5579 
        3.03729         13.7218         1.55003 
        3.04342         13.6827         1.54221 
        3.04957         13.6151         1.53443 
         3.0557         13.5783         1.52671 
        3.06183         13.5322         1.51906 
        3.06796         13.4967         1.51145 
        3.07411          13.418         1.50388 
        3.08025         13.3934         1.49638 
        3.08637         13.3367         1.48893 
         3.0925         13.2953         1.48153 
        3.09865          13.261         1.47417 
         3.1048         13.2024         1.46685 
        3.11093         13.1691          1.4596 
        3.11706         13.1134          1.4524 
         3.1232         13.0646         1.44525 
        3.12933         13.0312         1.43814 
        3.13547         12.9452         1.43108 
        3.14159         12.9223         1.42408 
        3.14773         12.8712         1.41711 
        3.15388         12.8423         1.41018 
        3.16001         12.7989         1.40332 
        3.16614         12.7439          1.3965 
        3.17228         12.6958         1.38971 
        3.17842         12.6824         1.38298 
        3.18455         12.6128         1.37629 
        3.19068         12.5717         1.36965 
        3.19682         12.5287         1.36305 
        3.20297         12.4861         1.35648 
         3.2091         12.4507         1.34997 
        3.21524         12.4128          1.3435 
        3.22138         12.3497         1.33707 
         3.2275         12.3148         1.33069 
        3.23363         12.2605         1.32435 
        3.23977         12.2352         1.31805 
        3.24591         12.2006         1.31178 
        3.25205         12.1629         1.30556 
        3.25818         12.1195         1.29937 
        3.26432         12.0656         1.29324 
        3.27046         12.0342         1.28713 
         3.2766         11.9911         1.28107 
        3.28273         11.9321         1.27505 
        3.28887         11.9248         1.26907 
          3.295         11.8516         1.26312 
        3.30113         11.8223         1.25722 
        3.30727         11.7772         1.25135 
        3.31341         11.7351         1.24552 
        3.31954         11.7022         1.23973 
        3.32568         11.6661         1.23397 
        3.33182         11.6332         1.22825 
        3.33795         11.5789         1.22257 
        3.34409         11.5349         1.21692 
        3.35022         11.5036         1.21131 
        3.35636         11.4741         1.20574 
         3.3625         11.4244         1.20019 
        3.36864         11.3914         1.19469 
        3.37477         11.3308         1.18921 
        3.38091          11.314         1.18378 
        3.38704         11.2751         1.17838 
        3.39318         11.2273         1.17301 
        3.39931          11.198         1.16768 
        3.40545         11.1617         1.16237 
        3.41158         11.1214         1.15711 
        3.41772          11.089         1.15187 
        3.42385          11.046         1.14667 
        3.42998         11.0129          1.1415 
        3.43612         10.9814         1.13637 
        3.44226         10.9506         1.13126 
         3.4484         10.8978         1.12617 
        3.45453         10.8683         1.12113 
        3.46066         10.8252         1.11612 
        3.46681         10.7921         1.11113 
        3.47295         10.7539         1.10617 
        3.47908         10.7184         1.10126 
        3.48521         10.6872         1.09637 
        3.49135         10.6437         1.09151 
        3.49749         10.6115         1.08667 
        3.50362         10.5793         1.08187 
        3.50976         10.5354          1.0771 
        3.51589          10.518         1.07235 
        3.52203          10.469         1.06764 
        3.52816         10.4392         1.06296 
        3.53429         10.4093          1.0583 
        3.54043         10.3741         1.05366 
        3.54657         10.3315         1.04905 
        3.55271         10.2905         1.04448 
        3.55884         10.2657         1.03994 
        3.56498         10.2404         1.03541 
        3.57112          10.202         1.03091 
        3.57725         10.1742         1.02645 
        3.58338         10.1352         1.02201 
        3.58952         10.1069         1.01759 
        3.59566         10.0712          1.0132 
         3.6018         10.0357         1.00884 
        3.60793         10.0067          1.0045 
        3.61407         9.96488         1.00019 
        3.62021         9.93912        0.995906 
        3.62634         9.90242        0.991645 
        3.63247         9.87496        0.987412 
        3.63861         9.83669        0.983202 
        3.64475         9.82735         0.97901 
        3.65089         9.78149        0.974849 
        3.65702         9.75338        0.970715 
        3.66316          9.7129          0.9666 
        3.66929         9.68151        0.962512 
        3.67543         9.65456        0.958447 
        3.68156         9.61306        0.954407 
        3.68769         9.59188        0.950388 
        3.69383         9.55745        0.946391 
        3.69997         9.52569        0.942417 
        3.70611         9.50966        0.938468 
        3.71224         9.45838         0.93454 
        3.71838         9.43565        0.930635 
        3.72451          9.4043        0.926755 
        3.73065         9.37055        0.922898 
        3.73678          9.3471        0.919061 
        3.74292         9.31459        0.915242 
        3.74906          9.2853        0.911447 
        3.75519         9.26573        0.907675 
        3.76133         9.24002        0.903923 
        3.76746         9.19148        0.900195 
         3.7736          9.1666        0.896489 
        3.77974         9.14446        0.892799 
        3.78588         9.10428         0.88913 
        3.79201         9.08757        0.885485 
        3.79814          9.0592        0.881861 
        3.80428          9.0453        0.878256 
        3.81042         9.00083        0.874668 
        3.81655         8.96947        0.871103 
        3.82268         8.94092        0.867562 
        3.82882         8.91361        0.864038 
        3.83496         8.87459         0.86053 
        3.84109         8.86091        0.857044 
        3.84723           8.836        0.853578 
        3.85337         8.79628        0.850127 
        3.85951         8.76757        0.846695 
        3.86565         8.73937        0.843286 
        3.87178         8.72243        0.839899 
        3.87791         8.69301        0.836529 
        3.88405         8.66555        0.833174 
        3.89019         8.64018        0.829839 
        3.89632         8.61127        0.826523 
        3.90246         8.58627        0.823224 
         3.9086         8.54931        0.819942 
        3.91473         8.52917        0.816682 
        3.92086         8.49749        0.813442 
        3.92699         8.47938        0.810215 
        3.93313         8.45576        0.807003 
        3.93927          8.4321        0.803812 
         3.9454         8.39362        0.800638 
        3.95154         8.37765        0.797478 
        3.95768         8.34403        0.794337 
        3.96382         8.31521        0.791213 
        3.96995         8.29417        0.788106 
        3.97609         8.27433        0.785016 
        3.98222         8.24399        0.781945 
        3.98836         8.21404        0.778888 
         3.9945         8.18924        0.775847 
        4.00063         8.17938        0.772824 
        4.00677         8.13086        0.769814 
        4.01291         8.11063         0.76682 
        4.01904         8.09039        0.763848 
        4.02517          8.0612        0.760891 
        4.03131         8.03673        0.757944 
        4.03745         8.01621        0.755013 
        4.04358         7.99422        0.752101 
        4.04972          7.9679        0.749204 
        4.05585          7.9438        0.746322 
        4.06199         7.91768        0.743454 
        4.06812         7.88858        0.740602 
        4.07426         7.87938        0.737765 
         4.0804         7.85049        0.734941 
        4.08654         7.82207        0.732132 
        4.09267          7.7922        0.729341 
         4.0988         7.77461        0.726567 
        4.10494          7.7418        0.723803 
        4.11108         7.72158        0.721052 
        4.11721         7.70157        0.718319 
        4.12334         7.68628          0.7156 
        4.12948         7.65429        0.712894 
        4.13561         7.63603        0.710201 
        4.14176          7.6088         0.70752 
        4.14789         7.58957        0.704854 
        4.15403         7.56323        0.702204 
        4.16016         7.53823        0.699567 
         4.1663         7.52054        0.696943 
        4.17243           7.492        0.694335 
        4.17857          7.4715        0.691737 
        4.18471          7.4483        0.689153 
        4.19084         7.42417        0.686583 
        4.19698         7.40643        0.684026 
        4.20312         7.38716        0.681481 
        4.20925         7.36385        0.678951 
        4.21538         7.34498        0.676435 
        4.22152         7.31839        0.673928 
        4.22766         7.29532        0.671434 
         4.2338         7.27671        0.668955 
        4.23993         7.25559        0.666488 
        4.24607          7.2412        0.664033 
         4.2522         7.20877         0.66159 
        4.25834         7.18636         0.65916 
        4.26447         7.17295        0.656743 
        4.27061         7.14098        0.654339 
        4.27674         7.12099        0.651945 
        4.28288         7.10445        0.649561 
        4.28902         7.08278        0.647191 
        4.29515         7.06296        0.644835 
        4.30129         7.04441        0.642489 
        4.30743         7.03009        0.640153 
        4.31356         6.99292         0.63783 
        4.31969         6.98491        0.635521 
        4.32583         6.95784        0.633222 
        4.33197          6.9349        0.630931 
         4.3381         6.91695        0.628654 
        4.34424         6.89498        0.626389 
        4.35038         6.88167        0.624132 
        4.35652         6.86217        0.621888 
        4.36265         6.83568        0.619657 
        4.36878         6.81967        0.617437 
        4.37492         6.79719        0.615225 
        4.38106         6.77939        0.613024 
        4.38719         6.75515        0.610837 
        4.39333         6.73682         0.60866 
        4.39946         6.72527        0.606493 
         4.4056         6.69762        0.604336 
        4.41173         6.68717         0.60219 
        4.41786         6.66134        0.600056 
          4.424         6.64132        0.597931 
        4.43014         6.61536        0.595813 
        4.43628         6.60031        0.593707 
        4.44241         6.58178        0.591613 
        4.44855         6.57302        0.589528 
        4.45469         6.55129        0.587451 
        4.46083         6.53736        0.585388 
        4.46696         6.51289        0.583335 
        4.47309         6.49573         0.58129 
        4.47923         6.46812        0.579254 
        4.48537         6.45781         0.57723 
         4.4915          6.4378        0.575215 
        4.49764         6.41615        0.573208 
        4.50378         6.39531        0.571211 
        4.50991         6.38305        0.569226 
        4.51604         6.36282         0.56725 
        4.52218         6.35092         0.56528 
        4.52832         6.32713        0.563322 
        4.53445         6.31281        0.561374 
        4.54059         6.29395        0.559434 
        4.54673         6.27557        0.557503 
        4.55286         6.25587         0.55558 
          4.559         6.23832        0.553668 
        4.56513         6.21794        0.551766 
        4.57127         6.20588        0.549871 
        4.57741          6.1873        0.547984 
        4.58354         6.16529        0.546108 
        4.58968         6.15094         0.54424 
        4.59582         6.13869         0.54238 
        4.60195         6.11815         0.54053 
        4.60809         6.10229        0.538689 
        4.61422         6.08299        0.536856 
        4.62036         6.06693        0.535031 
        4.62649         6.05246        0.533215 
        4.63263          6.0306        0.531407 
        4.63876         6.01388        0.529608 
         4.6449         5.99875        0.527816 
        4.65104          5.9895        0.526033 
        4.65717         5.96472         0.52426 
        4.66331         5.95288        0.522494 
        4.66944         5.93275        0.520735 
        4.67558         5.92069        0.518987 
        4.68171         5.90466        0.517244 
        4.68785         5.89264        0.515509 
        4.69399         5.87146        0.513783 
        4.70012         5.85592        0.512067 
        4.70625         5.83882        0.510357 
        4.71239         5.82283        0.508654 
        4.71853         5.80678        0.506959 
        4.72467         5.79533        0.505272 
         4.7308         5.77579        0.503593 
        4.73694         5.76538        0.501922 
        4.74308          5.7464        0.500257 
        4.74922         5.73324          0.4986 
        4.75535         5.71835        0.496952 
        4.76148          5.6956        0.495312 
        4.76762          5.6846        0.493677 
        4.77376         5.66777         0.49205 
        4.77989          5.6526        0.490432 
        4.78602         5.64206        0.488821 
        4.79216         5.62331        0.487215 
         4.7983         5.61105        0.485618 
        4.80443         5.59415         0.48403 
        4.81056         5.58126        0.482447 
         4.8167         5.56342         0.48087 
        4.82284         5.54915          0.4793 
        4.82898          5.5315        0.477738 
        4.83511         5.51786        0.476184 
        4.84125         5.50929        0.474635 
        4.84739          5.4947        0.473094 
        4.85352         5.48072        0.471561 
        4.85965         5.46243        0.470034 
        4.86579         5.44982        0.468513 
        4.87193         5.43593        0.466999 
        4.87807         5.41975        0.465491 
         4.8842         5.40408        0.463991 
        4.89034         5.39048        0.462497 
        4.89647         5.37889        0.461009 
        4.90261         5.36686        0.459529 
        4.90874         5.35134        0.458055 
        4.91488         5.34135        0.456588 
        4.92102         5.32043        0.455126 
        4.92715         5.31139        0.453671 
        4.93329         5.29953        0.452223 
        4.93942         5.28385         0.45078 
        4.94556         5.26513        0.449343 
         4.9517         5.25288        0.447914 
        4.95783         5.24809         0.44649 
        4.96397         5.23314        0.445073 
        4.97011         5.21563        0.443662 
        4.97624         5.20719        0.442257 
        4.98238         5.18906        0.440859 
        4.98851          5.1771        0.439466 
        4.99465          5.1642        0.438079 
        5.00078         5.15595        0.436699 
        5.00691         5.14106        0.435325 
        5.01305         5.12592        0.433956 
        5.01919         5.11534        0.432592 
        5.02533         5.10117        0.431234 
        5.03146         5.09052        0.429884 
         5.0376         5.07911        0.428539 
        5.04374          5.0656        0.427198 
        5.04987         5.05004        0.425864 
        5.05601         5.04037        0.424536 
        5.06215         5.03094        0.423213 
        5.06829         5.01526        0.421895 
        5.07442         5.01002        0.420585 
        5.08055         4.99393         0.41928 
        5.08668         4.97813         0.41798 
        5.09282         4.97153        0.416685 
        5.09896         4.95887        0.415396 
        5.10509         4.94723        0.414113 
        5.11123         4.92964        0.412835 
        5.11736         4.92475        0.411562 
         5.1235         4.91008        0.410294 
        5.12964         4.89995        0.409032 
        5.13577         4.88722        0.407775 
        5.14191         4.87528        0.406523 
        5.14804         4.86324        0.405278 
        5.15418         4.85352        0.404037 
        5.16032         4.84084        0.402801 
        5.16645         4.82735         0.40157 
        5.17259         4.81744        0.400344 
        5.17872         4.80663        0.399124 
        5.18486         4.79784        0.397908 
          5.191         4.78805        0.396698 
        5.19713         4.77269        0.395493 
        5.20327         4.75956        0.394293 
        5.20941         4.75682        0.393097 
        5.21555         4.74354        0.391906 
        5.22168         4.73323        0.390721 
        5.22781         4.72204        0.389542 
        5.23395         4.71414        0.388366 
        5.24009         4.70107        0.387195 
        5.24622         4.68781         0.38603 
        5.25236         4.67979        0.384869 
         5.2585         4.67206        0.383712 
        5.26463          4.6629         0.38256 
        5.27077         4.64722        0.381414 
         5.2769         4.63908        0.380272 
        5.28304         4.62878        0.379135 
        5.28917         4.61997        0.378003 
         5.2953         4.61142        0.376876 
        5.30144         4.59927        0.375752 
        5.30757         4.59013        0.374633 
        5.31371         4.58138        0.373519 
        5.31985         4.56859        0.372409 
        5.32599          4.5583        0.371303 
        5.33213         4.55121        0.370202 
        5.33826         4.54072        0.369105 
         5.3444         4.52899        0.368014 
        5.35053         4.51862        0.366927 
        5.35667         4.51023        0.365843 
        5.36281         4.50254        0.364764 
        5.36894         4.49498         0.36369 
        5.37507         4.48203        0.362621 
        5.38121         4.47327        0.361555 
        5.38735         4.46542        0.360493 
        5.39348         4.45406        0.359437 
        5.39961          4.4498        0.358385 
        5.40575         4.43958        0.357336 
        5.41189         4.43195        0.356291 
        5.41803         4.42062         0.35525 
        5.42416          4.4115        0.354215 
         5.4303         4.40629        0.353182 
        5.43644         4.39178        0.352155 
        5.44257         4.38408        0.351131 
        5.44871         4.37844        0.350111 
        5.45484         4.36804        0.349096 
        5.46098         4.36019        0.348084 
        5.46712         4.35134        0.347076 
        5.47325         4.34341        0.346073 
        5.47938          4.3362        0.345074 
        5.48552         4.32894        0.344079 
        5.49165         4.32041        0.343087 
        5.49779         4.30858          0.3421 
        5.50393          4.3034        0.341115 
        5.51006         4.29733        0.340135 
         5.5162         4.28735        0.339159 
        5.52234         4.27987        0.338187 
        5.52847         4.27028        0.337218 
        5.53461         4.26514        0.336253 
        5.54075         4.25649        0.335292 
        5.54688         4.24838        0.334335 
        5.55302         4.23787        0.333382 
        5.55915         4.23374        0.332432 
        5.56529         4.22817        0.331486 
        5.57143         4.22156        0.330544 
        5.57756         4.21291        0.329605 
         5.5837         4.20321         0.32867 
        5.58983         4.19441         0.32774 
        5.59597         4.18802        0.326812 
         5.6021         4.18056        0.325888 
        5.60824         4.17518        0.324967 
        5.61438         4.16671         0.32405 
        5.62051         4.15764        0.323136 
        5.62665         4.15446        0.322226 
        5.63278          4.1471         0.32132 
        5.63892         4.14246        0.320417 
        5.64505         4.13664        0.319518 
        5.65119          4.1275        0.318622 
        5.65733          4.1217         0.31773 
        5.66346         4.11799        0.316841 
         5.6696         4.10997        0.315955 
        5.67573         4.10122        0.315072 
        5.68187         4.09994        0.314193 
          5.688         4.09189        0.313318 
        5.69414           4.084        0.312446 
        5.70028         4.07524        0.311577 
        5.70642         4.07182        0.310711 
        5.71255         4.06327        0.309848 
        5.71869         4.05735        0.308989 
        5.72482         4.05388        0.308134 
        5.73096         4.04934        0.307281 
        5.73709         4.04245        0.306432 
        5.74322         4.03675        0.305587 
        5.74936         4.03115        0.304743 
         5.7555         4.02595        0.303903 
        5.76164         4.01964        0.303067 
        5.76777         4.01527        0.302234 
        5.77391         4.01079        0.301403 
        5.78005         4.00488        0.300575 
        5.78618         3.99548        0.299752 
        5.79231         3.99272        0.298932 
        5.79845         3.98769        0.298113 
        5.80459         3.98352        0.297298 
        5.81073         3.97645        0.296486 
        5.81686         3.97128        0.295678 
          5.823         3.96804        0.294872 
        5.82914         3.96288        0.294069 
        5.83527          3.9569         0.29327 
         5.8414         3.95573        0.292473 
        5.84754         3.94891        0.291679 
        5.85368         3.94473        0.290888 
        5.85981          3.9398          0.2901 
        5.86595          3.9345        0.289316 
        5.87208         3.93216        0.288534 
        5.87822         3.92467        0.287755 
        5.88435         3.92286        0.286979 
        5.89049         3.91909        0.286205 
        5.89662         3.91349        0.285435 
        5.90276         3.90984        0.284667 
         5.9089          3.9059        0.283901 
        5.91503          3.9012         0.28314 
        5.92117         3.89697         0.28238 
        5.92731         3.89365        0.281623 
        5.93344         3.89215         0.28087 
        5.93958         3.88781        0.280119 
        5.94572         3.88291         0.27937 
        5.95186         3.88253        0.278624 
        5.95799         3.87944        0.277882 
        5.96412         3.87307        0.277142 
        5.97026         3.86716        0.276404 
         5.9764          3.8675         0.27567 
        5.98253         3.86244        0.274939 
        5.98866         3.86042        0.274209 
         5.9948         3.85528        0.273482 
        6.00094         3.85713        0.272758 
        6.00707         3.85187        0.272037 
        6.01321         3.84515        0.271317 
        6.01935         3.84423        0.270601 
        6.02548         3.84121        0.269887 
        6.03162         3.83803        0.269176 
        6.03775         3.83696        0.268468 
        6.04389         3.83346        0.267762 
        6.05003         3.83182        0.267058 
        6.05617         3.82504        0.266357 
         6.0623         3.82482        0.265658 
        6.06844         3.82269        0.264962 
        6.07457         3.82101        0.264269 
         6.0807         3.81844        0.263578 
        6.08684         3.81733         0.26289 
        6.09298          3.8147        0.262204 
        6.09912         3.81504         0.26152 
        6.10525         3.81044        0.260839 
        6.11138         3.80772         0.26016 
        6.11752         3.80914        0.259484 
        6.12366         3.80977         0.25881 
        6.12979         3.80479        0.258138 
        6.13593         3.80849        0.257469 
        6.14207         3.79803        0.256802 
         6.1482         3.80043        0.256138 
        6.15434         3.80031        0.255476 
        6.16047         3.79939        0.254816 
        6.16661         3.79703        0.254159 
        6.17274         3.79662        0.253504 
        6.17887         3.79572        0.252851 
        6.18501         3.79437        0.252201 
        6.19115         3.79073        0.251552 
        6.19729         3.79483        0.250906 
        6.20342         3.79334        0.250262 
        6.20956          3.7916        0.249621 
         6.2157         3.79107        0.248982 
        6.22183         3.78924        0.248345 
        6.22797         3.78996         0.24771 
         6.2341         3.79221        0.247078 
        6.24024         3.78892        0.246448 
        6.24638         3.79207        0.245819 
        6.25251          3.7886        0.245194 
        6.25865          3.7897         0.24457 
        6.26478         3.79012        0.243949 
        6.27092         3.79095         0.24333 
        6.27705         3.79104        0.242713 
        6.28318         3.78612        0.242098 
