# k  (h/Mpc)    P(k)  (Mpc/h)^3    P_linear(k)  (Mpc/h)^3
     0.00783031         2319.79         2339.67 
       0.013688            2908         2949.76 
       0.019231         3012.83         3033.45 
      0.0249154          2845.2          2843.8 
      0.0312784         2488.74         2494.83 
      0.0375637         2134.25         2144.91 
      0.0433917         1879.84         1877.81 
      0.0492413         1675.04         1679.94 
      0.0555754          1535.6         1532.11 
      0.0619321         1407.85         1425.53 
       0.067871         1332.06         1337.88 
      0.0738098          1241.4         1244.47 
      0.0800417         1134.36         1133.77 
      0.0862327         1013.33         1015.73 
      0.0921407         904.696         905.985 
      0.0982031         811.311         806.841 
       0.104506         723.337         725.097 
       0.110769         666.346         666.354 
       0.116806         633.211         627.014 
       0.122832         598.883         598.157 
       0.129052         574.645         571.962 
       0.135211         549.692         543.825 
       0.141259         513.858         511.418 
       0.147318         473.953          474.77 
       0.153489         438.717         436.046 
       0.159709         406.262         399.352 
       0.165845         370.273         368.383 
       0.171974         353.447         343.968 
       0.178125         335.189         325.664 
       0.184229         317.625         312.053 
        0.19034         309.268         300.795 
       0.196428           298.1         289.862 
       0.202534         281.245         277.755 
       0.208729         271.569         263.824 
       0.214876         258.759         248.809 
       0.220989         239.846         233.718 
       0.227147         230.608         219.483 
        0.23329         219.321         207.084 
       0.239377         210.755         196.914 
       0.245482         200.784         188.668 
       0.251667         192.435          181.77 
       0.257832         189.222         175.656 
       0.263955         180.123         169.701 
       0.270079         173.662         163.442 
        0.27624         165.928         156.731 
       0.282372         159.906          149.78 
        0.28843         156.475         142.953 
       0.294538         148.986         136.439 
       0.300721         142.039         130.478 
        0.30691         138.855         125.257 
       0.313033         133.246         120.769 
       0.319153         130.835         116.805 
       0.325316         125.505         113.117 
        0.33145         121.616          109.56 
       0.337538             118         106.007 
       0.343633         114.545          102.39 
       0.349808          110.68         98.6987 
       0.355968         107.204         95.0755 
       0.362074         104.907         91.6453 
       0.368217         101.825         88.4253 
       0.374374         99.4445         85.4733 
       0.380519         95.2275         82.7825 
       0.386598         92.7419         80.3293 
       0.392688         90.0933         78.0185 
        0.39888         88.4487         75.7519 
       0.405048         86.3742         73.5383 
       0.411186         84.2574         71.3586 
       0.417313         81.9124         69.2082 
       0.423458         79.6403         67.1041 
       0.429607         78.1955         65.0759 
       0.435692         76.8145         63.1654 
       0.441815         74.0053          61.355 
       0.447964         71.8081         59.6462 
       0.454126          70.547         58.0282 
       0.460267         69.8947         56.4936 
       0.466387         68.0069         55.0225 
        0.47254         67.0761         53.5835 
       0.478662         64.8673         52.1845 
       0.484765         63.6346         50.8239 
       0.490885         61.8814         49.4957 
       0.497035         61.0985         48.2029 
       0.503198         59.6532          46.957 
       0.509342         58.0972         45.7691 
       0.515458         57.3873         44.6384 
       0.521598         56.0142         43.5503 
       0.527764         55.2935         42.5003 
       0.533884         54.2707         41.4952 
           0.54          53.092         40.5223 
       0.546137         51.5679         39.5723 
       0.552299         50.7298         38.6433 
       0.558452         49.7128         37.7423 
       0.564573         49.3442         36.8732 
       0.570708         47.9507         36.0305 
       0.576825         47.3979         35.2183 
       0.582926         46.6575         34.4357 
       0.589034         45.7562         33.6789 
       0.595184         45.1626         32.9428 
       0.601379         43.9621         32.2252 
       0.607522         43.3159         31.5349 
       0.613639         42.7201         30.8665 
       0.619772         41.9729         30.2143 
       0.625918         41.2049         29.5787 
       0.632068         40.8566         28.9607 
       0.638161         40.0248         28.3661 
         0.6443         39.4855         27.7848 
       0.650464         38.5404         27.2184 
       0.656582         38.3225         26.6724 
       0.662703         37.8672         26.1418 
       0.668861          36.903          25.623 
       0.675024         36.5395         25.1182 
       0.681124         36.2497         24.6323 
       0.687237         35.5247         24.1584 
       0.693381         34.8956         23.6948 
       0.699536         34.7133         23.2425 
       0.705665         34.0823         22.8039 
       0.711789         33.5145          22.377 
       0.717957         32.8932         21.9582 
        0.72409         32.5991         21.5526 
       0.730186         32.4459         21.1599 
       0.736317         31.8045         20.7751 
       0.742472         31.4259         20.3988 
       0.748622         30.9406         20.0323 
        0.75476         30.2342         19.6758 
       0.760888         30.1692         19.3287 
       0.767043         29.6569         18.9886 
       0.773185         29.3687         18.6574 
       0.779291         29.0386         18.3361 
       0.785407         28.5783         18.0219 
       0.791564         28.4508         17.7132 
       0.797719         27.8553         17.4119 
       0.803834         27.7226         17.1197 
       0.809972         27.2289         16.8331 
       0.816124         26.9508         16.5527 
       0.822261          26.664         16.2794 
       0.828378         26.4112         16.0132 
       0.834502         26.1468         15.7529 
       0.840667         25.8767         15.4967 
       0.846816          25.334          15.247 
       0.852925         25.2767         15.0044 
       0.859047         25.0085         14.7667 
       0.865192         24.6548         14.5334 
       0.871341         24.3547          14.305 
       0.877463         24.1129         14.0827 
       0.883569         23.9879         13.8656 
       0.889708         23.6238         13.6521 
       0.895864         23.3351         13.4426 
       0.902008         23.0766         13.2379 
       0.908149         22.8207         13.0377 
       0.914301         22.7078         12.8414 
       0.920448         22.3806         12.6493 
       0.926574         22.1941         12.4618 
       0.932687         21.9336         12.2786 
       0.938823         21.6675         12.0984 
       0.944975         21.5063         11.9215 
       0.951105          21.297         11.7488 
       0.957225         21.1685         11.5799 
       0.963368         20.8478         11.4137 
       0.969511         20.6623         11.2508 
       0.975621         20.4857         11.0921 
       0.981748         20.2382          10.936 
       0.987916         20.1147         10.7819 
        0.99406         19.8767         10.6315 
        1.00019         19.7443         10.4842 
        1.00632         19.5811         10.3399 
        1.01246          19.404         10.1981 
        1.01859         19.1782         10.0592 
        1.02471         18.9976         9.92315 
        1.03085         18.9222         9.78914 
        1.03698         18.7555         9.65792 
        1.04314         18.5279         9.52856 
        1.04929         18.3179          9.4019 
        1.05541          18.249         9.27807 
        1.06154         18.1029         9.15619 
        1.06769         17.9276         9.03633 
        1.07382         17.7001         8.91904 
        1.07993         17.5627         8.80411 
        1.08607         17.4815         8.69075 
        1.09222          17.282         8.57929 
        1.09836         17.1801         8.46993 
        1.10449         17.0085         8.36262 
        1.11063         16.9231         8.25707 
        1.11677          16.829         8.15339 
         1.1229         16.6589         8.05168 
        1.12903         16.5317         7.95163 
        1.13518         16.3469         7.85322 
        1.14131         16.2666         7.75654 
        1.14745         16.0471         7.66155 
        1.15359         15.9238         7.56815 
        1.15973         15.8071         7.47628 
        1.16584         15.6861         7.38636 
        1.17197         15.5469         7.29781 
        1.17811         15.4457         7.21045 
        1.18424         15.3431         7.12478 
        1.19038         15.2643         7.04028 
        1.19652         15.1137         6.95718 
        1.20267         15.0266         6.87544 
        1.20881         14.8606         6.79504 
        1.21495         14.7646         6.71607 
        1.22108         14.7166         6.63837 
         1.2272         14.5913          6.5621 
        1.23334         14.5067         6.48686 
        1.23949         14.3779         6.41263 
        1.24562         14.2514         6.33978 
        1.25174           14.19         6.26818 
        1.25789         14.0489         6.19747 
        1.26402         13.9994           6.128 
        1.27014         13.9264         6.05976 
        1.27628           13.75         5.99237 
        1.28244         13.7478         5.92588 
        1.28858         13.6047          5.8605 
        1.29471          13.441         5.79625 
        1.30084         13.3695         5.73304 
        1.30697         13.3561         5.67067 
        1.31312         13.2157         5.60916 
        1.31925         13.1509         5.54875 
        1.32537         13.0557         5.48931 
        1.33151         12.9697         5.43052 
        1.33765         12.8851         5.37264 
        1.34378         12.8506         5.31572 
        1.34992         12.7284          5.2596 
        1.35606         12.6135         5.20417 
         1.3622         12.5273         5.14964 
        1.36833         12.4953         5.09603 
        1.37445         12.4204         5.04321 
        1.38059         12.3394         4.99099 
        1.38675         12.2586         4.93938 
        1.39288         12.1423         4.88872 
        1.39901         12.0891         4.83879 
        1.40515          12.008         4.78945 
         1.4113         11.9246         4.74083 
        1.41742         11.8833         4.69306 
        1.42355         11.7687         4.64588 
         1.4297         11.7229          4.5992 
        1.43585          11.664         4.55319 
        1.44198         11.6058         4.50799 
        1.44809         11.5239         4.46349 
        1.45423         11.4384         4.41943 
        1.46036         11.3805         4.37605 
        1.46649         11.3085         4.33324 
        1.47263         11.2631         4.29097 
        1.47877         11.1865         4.24929 
        1.48491          11.133         4.20811 
        1.49104         11.0453         4.16755 
        1.49718         11.0092         4.12751 
        1.50333         10.9403         4.08793 
        1.50947         10.8705         4.04896 
         1.5156          10.832         4.01055 
        1.52172         10.7571         3.97265 
        1.52787         10.7101         3.93517 
          1.534         10.6468         3.89821 
        1.54013          10.597         3.86178 
        1.54627         10.5227         3.82574 
        1.55241          10.441         3.79016 
        1.55855         10.4276         3.75509 
        1.56467         10.3639         3.72056 
         1.5708         10.3162         3.68637 
        1.57695         10.2392         3.65256 
        1.58308         10.1734         3.61926 
        1.58922         10.1412         3.58635 
        1.59535         10.0817         3.55386 
         1.6015         9.99331         3.52173 
        1.60764         9.96345         3.49002 
        1.61376         9.93406         3.45878 
        1.61989         9.84762         3.42791 
        1.62604         9.82812         3.39734 
        1.63218         9.78167         3.36717 
        1.63831         9.71281         3.33744 
        1.64444         9.64074         3.30806 
        1.65059         9.59608         3.27896 
        1.65673         9.57464         3.25025 
        1.66285          9.5178         3.22196 
        1.66898         9.48173           3.194 
        1.67512         9.42597         3.16632 
        1.68127         9.34937         3.13895 
         1.6874         9.33233         3.11196 
        1.69353         9.26387         3.08531 
        1.69967         9.23597         3.05891 
        1.70581         9.17814         3.03283 
        1.71193         9.15277         3.00716 
        1.71806         9.10378         2.98173 
        1.72421         9.04404         2.95654 
        1.73035         9.01302         2.93168 
        1.73649         8.97722         2.90711 
        1.74262         8.88914         2.88284 
        1.74876         8.90027         2.85884 
        1.75489         8.84474         2.83516 
        1.76101         8.77758         2.81175 
        1.76715         8.76535         2.78858 
        1.77329         8.72148         2.76565 
        1.77943         8.65288         2.74296 
        1.78557         8.65612         2.72057 
        1.79171         8.60281         2.69842 
        1.79785         8.57235         2.67651 
        1.80399         8.49668         2.65486 
        1.81012         8.48035         2.63347 
        1.81625         8.41964         2.61233 
        1.82239         8.39271         2.59139 
        1.82853         8.34055          2.5707 
        1.83466         8.28873         2.55025 
        1.84078          8.2762         2.53004 
        1.84692         8.24261         2.51002 
        1.85306         8.20606          2.4902 
         1.8592         8.17768         2.47062 
        1.86533         8.14178         2.45126 
        1.87147         8.09516         2.43209 
        1.87761         8.07208         2.41311 
        1.88375         8.02438         2.39437 
        1.88988         7.98332         2.37584 
        1.89601         7.96647          2.3575 
        1.90215         7.90949         2.33934 
        1.90829         7.88748         2.32138 
        1.91442         7.84257         2.30361 
        1.92056         7.84159         2.28604 
         1.9267         7.77934         2.26864 
        1.93284         7.77213         2.25141 
        1.93897         7.71769         2.23439 
        1.94509         7.66969         2.21759 
        1.95123         7.66292         2.20091 
        1.95737         7.63287          2.1844 
        1.96349         7.57148          2.1681 
        1.96964         7.54627         2.15192 
        1.97578          7.5232          2.1359 
        1.98192         7.48599         2.12007 
        1.98805         7.46186         2.10441 
        1.99419         7.43888          2.0889 
        2.00033          7.3948         2.07354 
        2.00647         7.37713         2.05834 
         2.0126         7.34618         2.04332 
        2.01874          7.3026         2.02843 
        2.02488         7.28334         2.01368 
        2.03101          7.2429          1.9991 
        2.03714          7.2058         1.98467 
        2.04328         7.18411         1.97038 
        2.04941         7.14712         1.95624 
        2.05554         7.13591         1.94224 
        2.06167         7.10858         1.92837 
        2.06781         7.06807         1.91463 
        2.07396         7.04214         1.90101 
        2.08009         7.00838         1.88754 
        2.08622         6.99907         1.87422 
        2.09237          6.9754           1.861 
        2.09851         6.92322          1.8479 
        2.10464         6.91092         1.83496 
        2.11077         6.87569         1.82216 
        2.11691         6.86845         1.80945 
        2.12305         6.82464         1.79686 
        2.12918         6.80207         1.78442 
        2.13531         6.77511          1.7721 
        2.14145          6.7515         1.75986 
         2.1476         6.72831         1.74773 
        2.15372         6.69295         1.73578 
        2.15985         6.67718         1.72392 
        2.16599         6.65372         1.71214 
        2.17213          6.6445         1.70049 
        2.17827         6.59656         1.68895 
         2.1844         6.57764         1.67752 
        2.19054         6.55946          1.6662 
        2.19666         6.52789           1.655 
         2.2028         6.49567         1.64389 
        2.20893         6.48483         1.63288 
        2.21508         6.45973         1.62196 
        2.22122         6.41197         1.61113 
        2.22736          6.4004         1.60043 
        2.23349         6.37813         1.58982 
        2.23962         6.36518         1.57931 
        2.24577         6.32908         1.56889 
         2.2519         6.32764         1.55857 
        2.25802          6.2633         1.54836 
        2.26417         6.26269         1.53822 
        2.27031         6.23673         1.52815 
        2.27644         6.21535         1.51821 
        2.28257         6.18702         1.50836 
        2.28872         6.17525         1.49857 
        2.29486         6.14824         1.48888 
        2.30099         6.13125         1.47929 
        2.30712         6.10306         1.46978 
        2.31326         6.08118         1.46034 
         2.3194          6.0572         1.45099 
        2.32553         6.03205         1.44174 
        2.33166         6.01549         1.43257 
         2.3378         5.99725         1.42346 
        2.34394         5.97439         1.41444 
        2.35007         5.94657         1.40551 
        2.35619         5.93924         1.39666 
        2.36233         5.90308         1.38787 
        2.36848         5.89218         1.37914 
        2.37462         5.87084          1.3705 
        2.38075         5.85817         1.36195 
        2.38689         5.83846         1.35346 
        2.39303         5.80344         1.34504 
        2.39916         5.79346         1.33671 
        2.40529         5.76674         1.32845 
        2.41143           5.754         1.32025 
        2.41757         5.73334         1.31212 
         2.4237         5.71151         1.30407 
        2.42983         5.69926         1.29609 
        2.43598         5.68219         1.28815 
        2.44211         5.66003          1.2803 
        2.44823         5.62755         1.27253 
        2.45437         5.61568          1.2648 
        2.46052         5.60176         1.25713 
        2.46665         5.58395         1.24953 
        2.47279         5.55909         1.24201 
        2.47892         5.53668         1.23454 
        2.48507         5.52505         1.22712 
         2.4912         5.50398         1.21978 
        2.49733          5.4824         1.21251 
        2.50347          5.4601         1.20528 
        2.50961         5.44844         1.19811 
        2.51575         5.43107           1.191 
        2.52188         5.41209         1.18396 
        2.52802         5.39658         1.17697 
        2.53416         5.37935         1.17003 
        2.54029         5.37154         1.16316 
        2.54641         5.34922         1.15635 
        2.55255         5.32726         1.14959 
        2.55869         5.31195         1.14287 
        2.56483         5.29573         1.13621 
        2.57096         5.28484         1.12962 
        2.57709         5.26628         1.12307 
        2.58323         5.24795         1.11657 
        2.58937         5.21781         1.11012 
        2.59551         5.21536         1.10373 
        2.60164         5.18964         1.09739 
        2.60778         5.17878         1.09109 
        2.61392         5.15968         1.08485 
        2.62006         5.14654         1.07865 
        2.62619         5.12914         1.07251 
        2.63232         5.11225         1.06642 
        2.63846         5.09823         1.06037 
        2.64459         5.08094         1.05437 
        2.65072         5.06988         1.04843 
        2.65686         5.05368         1.04252 
          2.663         5.03651         1.03665 
        2.66915         5.02341         1.03083 
        2.67527         5.01245         1.02507 
        2.68141         4.98395         1.01934 
        2.68755         4.97281         1.01366 
        2.69368         4.96499         1.00802 
        2.69981         4.95198         1.00243 
        2.70595         4.93411        0.996878 
        2.71209         4.92114        0.991362 
        2.71823         4.89775        0.985898 
        2.72436         4.88821        0.980476 
         2.7305         4.87442        0.975091 
        2.73663          4.8672        0.969749 
        2.74276         4.84877        0.964452 
         2.7489         4.83405        0.959189 
        2.75504         4.82135        0.953962 
        2.76118         4.81208        0.948771 
        2.76732         4.79431        0.943627 
        2.77345         4.77062        0.938523 
        2.77959           4.758        0.933455 
        2.78572         4.74796        0.928426 
        2.79186         4.73213        0.923436 
        2.79798         4.72381        0.918488 
        2.80412         4.70205        0.913567 
        2.81027           4.697        0.908677 
         2.8164         4.67591        0.903833 
        2.82253         4.66612        0.899025 
        2.82867         4.65469        0.894249 
        2.83481         4.64046        0.889508 
        2.84095         4.62507          0.8848 
        2.84708         4.62087        0.880133 
        2.85322         4.59527        0.875493 
        2.85935         4.57937        0.870889 
        2.86549         4.57803         0.86632 
        2.87162          4.5617        0.861785 
        2.87776         4.55367        0.857283 
        2.88389         4.54761        0.852809 
        2.89003         4.52661        0.848371 
        2.89617         4.52029        0.843962 
        2.90231         4.50284        0.839585 
        2.90844         4.49243         0.83524 
        2.91458         4.47994        0.830927 
        2.92071         4.47073        0.826649 
        2.92684         4.45757        0.822397 
        2.93298          4.4452        0.818177 
         2.9391         4.43229        0.813992 
        2.94524         4.41962        0.809831 
        2.95138          4.4111        0.805697 
        2.95752         4.39639        0.801588 
        2.96367         4.37909        0.797507 
         2.9698          4.3768        0.793463 
        2.97594         4.36202        0.789444 
        2.98207         4.35193        0.785453 
        2.98821         4.33941        0.781493 
        2.99434         4.32699         0.77756 
        3.00048         4.31483        0.773652 
        3.00662         4.30609         0.76977 
        3.01275         4.29742        0.765921 
        3.01888         4.28565        0.762097 
        3.02503         4.27164        0.758293 
        3.03117         4.26701        0.754517 
        3.03729         4.25223        0.750776 
        3.04342         4.24187        0.747056 
        3.04957         4.23139        0.743354 
         3.0557         4.22439        0.739682 
        3.06183         4.20868        0.736043 
        3.06796         4.19354        0.732423 
        3.07411         4.19195         0.72882 
        3.08025          4.1784        0.725247 
        3.08637         4.16637        0.721706 
         3.0925         4.15505        0.718182 
        3.09865         4.14508        0.714676 
         3.1048         4.13625        0.711194 
        3.11093         4.12794        0.707743 
        3.11706         4.11342        0.704315 
         3.1232         4.10708        0.700907 
        3.12933          4.1006        0.697521 
        3.13547         4.08786         0.69416 
        3.14159         4.07725        0.690825 
        3.14773         4.07092        0.687506 
        3.15388         4.06029        0.684206 
        3.16001         4.05818        0.680934 
        3.16614          4.0422        0.677684 
        3.17228         4.03353        0.674453 
        3.17842         4.02174        0.671243 
        3.18455         4.01976        0.668056 
        3.19068         4.01082        0.664891 
        3.19682         3.98973        0.661742 
        3.20297         3.99103        0.658613 
         3.2091         3.98475        0.655507 
        3.21524         3.97015        0.652421 
        3.22138         3.95826        0.649356 
         3.2275          3.9553        0.646314 
        3.23363         3.94608        0.643292 
        3.23977         3.93383        0.640285 
        3.24591         3.92405        0.637298 
        3.25205         3.91676        0.634328 
        3.25818         3.91408        0.631379 
        3.26432         3.90375        0.628449 
        3.27046         3.89482        0.625538 
         3.2766         3.88321        0.622645 
        3.28273         3.87716        0.619771 
        3.28887          3.8674        0.616916 
          3.295         3.86309        0.614079 
        3.30113         3.85404        0.611261 
        3.30727         3.84355        0.608459 
        3.31341         3.83463        0.605676 
        3.31954         3.82596        0.602912 
        3.32568         3.81505        0.600161 
        3.33182         3.80837        0.597429 
        3.33795          3.8069        0.594717 
        3.34409         3.79667        0.592018 
        3.35022          3.7873        0.589337 
        3.35636          3.7792        0.586674 
         3.3625         3.77784        0.584026 
        3.36864         3.76999        0.581395 
        3.37477         3.76019         0.57878 
        3.38091         3.74882        0.576184 
        3.38704         3.73711        0.573603 
        3.39318         3.73639        0.571037 
        3.39931         3.72946        0.568486 
        3.40545         3.72377        0.565952 
        3.41158         3.71498        0.563434 
        3.41772         3.71225        0.560931 
        3.42385         3.69708        0.558445 
        3.42998         3.69508        0.555973 
        3.43612         3.68233        0.553517 
        3.44226         3.68149        0.551073 
         3.4484         3.67092        0.548642 
        3.45453         3.66955        0.546231 
        3.46066         3.66493        0.543835 
        3.46681         3.65216        0.541448 
        3.47295         3.64789        0.539076 
        3.47908          3.6427        0.536725 
        3.48521         3.63217        0.534386 
        3.49135         3.62323        0.532057 
        3.49749         3.62163        0.529744 
        3.50362         3.61622        0.527445 
        3.50976         3.60526        0.525161 
        3.51589         3.59997         0.52289 
        3.52203         3.59693        0.520632 
        3.52816         3.58491        0.518391 
        3.53429         3.58279         0.51616 
        3.54043         3.57799         0.51394 
        3.54657         3.57099        0.511734 
        3.55271         3.56491        0.509543 
        3.55884          3.5577        0.507366 
        3.56498         3.55229        0.505199 
        3.57112          3.5417        0.503044 
        3.57725         3.53692        0.500904 
        3.58338         3.53349        0.498779 
        3.58952          3.5305        0.496663 
        3.59566         3.52261        0.494558 
         3.6018         3.51933        0.492466 
        3.60793         3.51264        0.490389 
        3.61407         3.50587        0.488324 
        3.62021         3.50405        0.486269 
        3.62634         3.49467        0.484226 
        3.63247         3.48891        0.482197 
        3.63861         3.48234        0.480178 
        3.64475         3.47539        0.478168 
        3.65089         3.47239        0.476173 
        3.65702         3.46798        0.474191 
        3.66316         3.46514        0.472217 
        3.66929         3.45874        0.470257 
        3.67543         3.44628        0.468307 
        3.68156         3.44754        0.466369 
        3.68769         3.43934        0.464441 
        3.69383         3.43411        0.462523 
        3.69997         3.43343        0.460617 
        3.70611         3.42628        0.458722 
        3.71224         3.41968        0.456837 
        3.71838         3.41105        0.454963 
        3.72451         3.40876        0.453101 
        3.73065         3.39901         0.45125 
        3.73678         3.40151        0.449408 
        3.74292         3.39415        0.447575 
        3.74906         3.39073        0.445753 
        3.75519         3.38173        0.443942 
        3.76133         3.37706        0.442141 
        3.76746         3.37242         0.44035 
         3.7736         3.36863         0.43857 
        3.77974         3.36746        0.436799 
        3.78588         3.36228        0.435036 
        3.79201         3.35799        0.433285 
        3.79814         3.35238        0.431544 
        3.80428         3.34631        0.429812 
        3.81042         3.34056        0.428089 
        3.81655         3.33704        0.426376 
        3.82268         3.32882        0.424674 
        3.82882         3.32658        0.422981 
        3.83496         3.32299        0.421295 
        3.84109         3.32161        0.419619 
        3.84723         3.31535        0.417953 
        3.85337         3.30928        0.416295 
        3.85951         3.30402        0.414645 
        3.86565         3.30121        0.413006 
        3.87178         3.29631        0.411377 
        3.87791         3.28959        0.409757 
        3.88405         3.28615        0.408144 
        3.89019         3.28531         0.40654 
        3.89632         3.27845        0.404945 
        3.90246         3.28131        0.403358 
         3.9086         3.27237        0.401779 
        3.91473         3.27207        0.400211 
        3.92086         3.26135        0.398653 
        3.92699         3.26169          0.3971 
        3.93313         3.25667        0.395555 
        3.93927         3.25198         0.39402 
         3.9454         3.24944        0.392492 
        3.95154          3.2449        0.390972 
        3.95768         3.23727         0.38946 
        3.96382         3.23984        0.387956 
        3.96995         3.23308        0.386461 
        3.97609         3.22434        0.384974 
        3.98222          3.2228        0.383495 
        3.98836         3.21799        0.382023 
         3.9945         3.21574        0.380559 
        4.00063         3.21126        0.379104 
        4.00677         3.20886        0.377655 
        4.01291          3.2013        0.376213 
        4.01904         3.20345        0.374781 
        4.02517         3.19665        0.373357 
        4.03131         3.19219        0.371938 
        4.03745         3.18872        0.370526 
        4.04358         3.18387        0.369123 
        4.04972         3.18121        0.367728 
        4.05585          3.1771        0.366339 
        4.06199         3.17712        0.364957 
        4.06812         3.17031        0.363583 
        4.07426          3.1622        0.362216 
         4.0804         3.16375        0.360855 
        4.08654         3.15593        0.359501 
        4.09267          3.1567        0.358156 
         4.0988         3.14984        0.356818 
        4.10494         3.14887        0.355486 
        4.11108         3.14205         0.35416 
        4.11721         3.14026        0.352842 
        4.12334         3.13769        0.351531 
        4.12948         3.13476        0.350226 
        4.13561         3.12733        0.348927 
        4.14176         3.13023        0.347634 
        4.14789         3.12199        0.346348 
        4.15403         3.11889         0.34507 
        4.16016         3.11728        0.343798 
         4.1663         3.11431        0.342532 
        4.17243         3.10947        0.341274 
        4.17857         3.10603        0.340021 
        4.18471         3.10154        0.338774 
        4.19084         3.10244        0.337533 
        4.19698         3.09709          0.3363 
        4.20312         3.09125        0.335071 
        4.20925         3.08661         0.33385 
        4.21538         3.08625        0.332636 
        4.22152         3.08123        0.331426 
        4.22766         3.07711        0.330222 
         4.2338         3.07766        0.329025 
        4.23993         3.07272        0.327834 
        4.24607         3.06831        0.326649 
         4.2522         3.06576        0.325469 
        4.25834         3.06307        0.324296 
        4.26447         3.06144        0.323129 
        4.27061         3.05631        0.321968 
        4.27674         3.05429        0.320811 
        4.28288         3.04828         0.31966 
        4.28902         3.04966        0.318515 
        4.29515         3.04526        0.317377 
        4.30129         3.03881        0.316244 
        4.30743         3.03631        0.315115 
        4.31356         3.03292        0.313993 
        4.31969          3.0279        0.312877 
        4.32583         3.02615        0.311766 
        4.33197         3.02507        0.310659 
         4.3381         3.01681        0.309559 
        4.34424         3.01802        0.308464 
        4.35038          3.0151        0.307373 
        4.35652         3.00918        0.306288 
        4.36265         3.00894         0.30521 
        4.36878         3.00438        0.304137 
        4.37492         3.00207        0.303067 
        4.38106         3.00001        0.302003 
        4.38719         2.99178        0.300945 
        4.39333         2.98943        0.299893 
        4.39946         2.98785        0.298845 
         4.4056         2.98533        0.297801 
        4.41173         2.98286        0.296763 
        4.41786         2.97919        0.295731 
          4.424         2.97587        0.294703 
        4.43014         2.97081        0.293679 
        4.43628          2.9707        0.292659 
        4.44241         2.96459        0.291646 
        4.44855         2.96167        0.290637 
        4.45469         2.96153        0.289633 
        4.46083         2.95903        0.288634 
        4.46696         2.95427        0.287641 
        4.47309         2.95033        0.286651 
        4.47923         2.94982        0.285665 
        4.48537         2.94731        0.284685 
         4.4915         2.94174         0.28371 
        4.49764         2.93982        0.282738 
        4.50378         2.93821        0.281771 
        4.50991         2.93206        0.280811 
        4.51604         2.93086        0.279854 
        4.52218         2.92249          0.2789 
        4.52832         2.92894        0.277952 
        4.53445           2.921        0.277008 
        4.54059            2.92        0.276069 
        4.54673         2.91198        0.275133 
        4.55286         2.91748        0.274202 
          4.559         2.91083        0.273276 
        4.56513         2.90752        0.272354 
        4.57127         2.90582        0.271436 
        4.57741         2.90512        0.270522 
        4.58354         2.89645        0.269613 
        4.58968         2.89783        0.268708 
        4.59582         2.89254        0.267807 
        4.60195         2.88743         0.26691 
        4.60809         2.88467        0.266018 
        4.61422         2.88206        0.265129 
        4.62036         2.88188        0.264245 
        4.62649         2.88056        0.263365 
        4.63263         2.87455        0.262488 
        4.63876         2.87333        0.261616 
         4.6449          2.8688        0.260747 
        4.65104         2.86708        0.259883 
        4.65717         2.86229        0.259023 
        4.66331         2.86117        0.258167 
        4.66944         2.85648        0.257314 
        4.67558         2.85542        0.256466 
        4.68171         2.84823        0.255621 
        4.68785         2.84638        0.254779 
        4.69399         2.84724        0.253942 
        4.70012         2.84445         0.25311 
        4.70625         2.83988         0.25228 
        4.71239         2.83656        0.251454 
        4.71853         2.83473        0.250631 
        4.72467         2.83167        0.249813 
         4.7308          2.8301        0.248998 
        4.73694         2.82678        0.248187 
        4.74308         2.82472        0.247379 
        4.74922         2.82095        0.246575 
        4.75535         2.81581        0.245775 
        4.76148         2.81596        0.244979 
        4.76762          2.8114        0.244185 
        4.77376         2.80745        0.243395 
        4.77989         2.80757         0.24261 
        4.78602         2.80244        0.241828 
        4.79216         2.79938        0.241048 
         4.7983         2.79619        0.240272 
        4.80443         2.79069        0.239501 
        4.81056         2.79007        0.238732 
         4.8167         2.79011        0.237967 
        4.82284         2.78776        0.237204 
        4.82898         2.78308        0.236446 
        4.83511         2.77765        0.235691 
        4.84125         2.77923        0.234938 
        4.84739         2.77691        0.234189 
        4.85352         2.77317        0.233445 
        4.85965         2.77006        0.232703 
        4.86579         2.76856        0.231964 
        4.87193          2.7649        0.231228 
        4.87807         2.76308        0.230495 
         4.8842          2.7599        0.229766 
        4.89034         2.75846         0.22904 
        4.89647         2.75346        0.228317 
        4.90261         2.75193        0.227598 
        4.90874         2.75204        0.226881 
        4.91488          2.7446        0.226168 
        4.92102         2.74317        0.225457 
        4.92715         2.73997         0.22475 
        4.93329         2.73913        0.224046 
        4.93942         2.73692        0.223344 
        4.94556         2.73397        0.222646 
         4.9517         2.72985        0.221951 
        4.95783          2.7279        0.221259 
        4.96397         2.72326        0.220569 
        4.97011         2.71897        0.219883 
        4.97624         2.71938          0.2192 
        4.98238         2.71752        0.218519 
        4.98851         2.71436        0.217842 
        4.99465         2.71129        0.217167 
        5.00078         2.70808        0.216496 
        5.00691         2.70405        0.215828 
        5.01305         2.70247        0.215161 
        5.01919         2.70185        0.214498 
        5.02533         2.69595        0.213837 
        5.03146         2.69475         0.21318 
         5.0376         2.69423        0.212525 
        5.04374         2.68889        0.211873 
        5.04987         2.68884        0.211223 
        5.05601         2.68453        0.210577 
        5.06215         2.68356        0.209933 
        5.06829         2.68225        0.209291 
        5.07442         2.67793        0.208654 
        5.08055         2.67572        0.208018 
        5.08668         2.67201        0.207385 
        5.09282         2.67142        0.206754 
        5.09896         2.66822        0.206127 
        5.10509         2.66486        0.205502 
        5.11123         2.66264         0.20488 
        5.11736         2.66212         0.20426 
         5.1235          2.6579        0.203642 
        5.12964         2.65501        0.203027 
        5.13577         2.65215        0.202415 
        5.14191         2.65187        0.201805 
        5.14804         2.64992        0.201198 
        5.15418         2.64565        0.200594 
        5.16032         2.64397        0.199992 
        5.16645         2.64365        0.199392 
        5.17259         2.63998        0.198795 
        5.17872         2.63625          0.1982 
        5.18486         2.63344        0.197607 
          5.191         2.63134        0.197017 
        5.19713           2.629         0.19643 
        5.20327          2.6262        0.195846 
        5.20941         2.62658        0.195263 
        5.21555         2.62155        0.194682 
        5.22168         2.62201        0.194104 
        5.22781         2.61801        0.193529 
        5.23395         2.61659        0.192956 
        5.24009         2.61084        0.192385 
        5.24622         2.61165        0.191817 
        5.25236         2.60869        0.191251 
         5.2585         2.60474        0.190687 
        5.26463         2.60487        0.190125 
        5.27077         2.60034        0.189566 
         5.2769         2.59718        0.189009 
        5.28304         2.59524        0.188454 
        5.28917         2.59499        0.187902 
         5.2953         2.59331        0.187352 
        5.30144         2.59165        0.186804 
        5.30757         2.58692        0.186258 
        5.31371         2.58538        0.185715 
        5.31985         2.58389        0.185173 
        5.32599         2.58277        0.184633 
        5.33213         2.58041        0.184096 
        5.33826         2.58009        0.183561 
         5.3444         2.57701        0.183029 
        5.35053         2.57536        0.182498 
        5.35667         2.57125        0.181969 
        5.36281         2.56844        0.181442 
        5.36894         2.56997        0.180918 
        5.37507         2.56503        0.180396 
        5.38121         2.56157        0.179876 
        5.38735         2.56197        0.179358 
        5.39348         2.56031        0.178842 
        5.39961         2.55787        0.178328 
        5.40575         2.55708        0.177816 
        5.41189         2.55232        0.177306 
        5.41803         2.55029        0.176797 
        5.42416         2.54886        0.176292 
         5.4303         2.54826        0.175787 
        5.43644         2.54605        0.175285 
        5.44257         2.54676        0.174786 
        5.44871         2.54272        0.174287 
        5.45484         2.54016        0.173791 
        5.46098          2.5386        0.173297 
        5.46712         2.53787        0.172805 
        5.47325         2.53282        0.172314 
        5.47938          2.5321        0.171826 
        5.48552         2.53104         0.17134 
        5.49165         2.53011        0.170856 
        5.49779         2.52767        0.170373 
        5.50393         2.52612        0.169892 
        5.51006         2.52418        0.169413 
         5.5162         2.52105        0.168935 
        5.52234         2.52123         0.16846 
        5.52847         2.51822        0.167987 
        5.53461          2.5186        0.167515 
        5.54075         2.51533        0.167045 
        5.54688         2.51556        0.166577 
        5.55302          2.5127        0.166111 
        5.55915         2.50861        0.165647 
        5.56529         2.51029        0.165184 
        5.57143          2.5066        0.164723 
        5.57756         2.50815        0.164264 
         5.5837         2.50464        0.163807 
        5.58983         2.50367        0.163352 
        5.59597           2.503        0.162898 
         5.6021         2.49919        0.162446 
        5.60824         2.50013        0.161996 
        5.61438         2.49806        0.161547 
        5.62051         2.49843          0.1611 
        5.62665         2.49699        0.160655 
        5.63278         2.49502        0.160212 
        5.63892         2.49301         0.15977 
        5.64505         2.49253         0.15933 
        5.65119         2.48996        0.158891 
        5.65733          2.4896        0.158455 
        5.66346         2.48796         0.15802 
         5.6696         2.48644        0.157586 
        5.67573         2.48559        0.157154 
        5.68187         2.48222        0.156724 
          5.688         2.48243        0.156296 
        5.69414         2.48142        0.155869 
        5.70028         2.48015        0.155443 
        5.70642         2.47996        0.155019 
        5.71255         2.48032        0.154597 
        5.71869          2.4787        0.154176 
        5.72482         2.47799        0.153758 
        5.73096         2.47671         0.15334 
        5.73709         2.47235        0.152924 
        5.74322         2.47308         0.15251 
        5.74936         2.47251        0.152097 
         5.7555         2.47303        0.151686 
        5.76164         2.47177        0.151276 
        5.76777         2.46939        0.150868 
        5.77391         2.46999        0.150461 
        5.78005         2.46847        0.150056 
        5.78618         2.46752        0.149652 
        5.79231         2.46699        0.149251 
        5.79845         2.46515         0.14885 
        5.80459         2.46659         0.14845 
        5.81073         2.46659        0.148052 
        5.81686         2.46342        0.147656 
          5.823         2.46482        0.147261 
        5.82914          2.4615        0.146868 
        5.83527         2.46247        0.146476 
         5.8414         2.46068        0.146086 
        5.84754         2.46135        0.145697 
        5.85368         2.46119        0.145309 
        5.85981          2.4598        0.144923 
        5.86595         2.45978        0.144538 
        5.87208         2.46195        0.144155 
        5.87822         2.45882        0.143773 
        5.88435         2.45888        0.143393 
        5.89049         2.45841        0.143013 
        5.89662         2.45822        0.142635 
        5.90276         2.45853        0.142259 
         5.9089         2.45632        0.141884 
        5.91503         2.45956         0.14151 
        5.92117         2.45825        0.141138 
        5.92731         2.45597        0.140766 
        5.93344          2.4566        0.140397 
        5.93958         2.45623        0.140029 
        5.94572         2.45458        0.139661 
        5.95186         2.45873        0.139296 
        5.95799         2.45665        0.138931 
        5.96412         2.45601        0.138568 
        5.97026         2.45692        0.138207 
         5.9764         2.45864        0.137846 
        5.98253         2.45742        0.137487 
        5.98866         2.45696         0.13713 
         5.9948          2.4576        0.136773 
        6.00094         2.45671        0.136417 
        6.00707         2.45871        0.136063 
        6.01321         2.45974        0.135711 
        6.01935         2.45697        0.135359 
        6.02548         2.45999        0.135009 
        6.03162         2.46133         0.13466 
        6.03775          2.4591        0.134312 
        6.04389         2.46202        0.133966 
        6.05003         2.46156         0.13362 
        6.05617         2.46195        0.133276 
         6.0623         2.46511        0.132933 
        6.06844         2.46417        0.132591 
        6.07457          2.4653        0.132251 
         6.0807         2.46443        0.131912 
        6.08684          2.4646        0.131574 
        6.09298         2.46536        0.131237 
        6.09912          2.4662        0.130901 
        6.10525         2.46679        0.130567 
        6.11138         2.46829        0.130233 
        6.11752         2.47063        0.129901 
        6.12366         2.46912         0.12957 
        6.12979         2.47269         0.12924 
        6.13593         2.47226        0.128912 
        6.14207         2.47336        0.128584 
         6.1482         2.47693        0.128258 
        6.15434         2.47599        0.127933 
        6.16047         2.47718        0.127609 
        6.16661         2.47886        0.127286 
        6.17274         2.47902        0.126964 
        6.17887         2.47996        0.126643 
        6.18501         2.48236        0.126324 
        6.19115         2.48443        0.126005 
        6.19729         2.48592        0.125687 
        6.20342         2.48633        0.125371 
        6.20956         2.49034        0.125056 
         6.2157         2.48956        0.124741 
        6.22183         2.49154        0.124428 
        6.22797         2.49409        0.124117 
         6.2341         2.49578        0.123806 
        6.24024         2.49886        0.123496 
        6.24638         2.49877        0.123187 
        6.25251         2.49979        0.122879 
        6.25865         2.50228        0.122573 
        6.26478         2.50499        0.122267 
        6.27092         2.50675        0.121963 
        6.27705         2.50909        0.121659 
        6.28318         2.51013        0.121357 
