# k  (h/Mpc)    Pcb(k)  (Mpc/h)^3    Pcb_linear(k)  (Mpc/h)^3
     0.00783031         653.546         659.532 
       0.013688         841.697         843.592 
       0.019231         876.622         876.996 
      0.0249154         827.409         831.476 
      0.0312784         740.238          740.89 
      0.0375637         650.821         649.539 
      0.0433917         579.426         580.191 
      0.0492413         528.987         528.577 
      0.0555754         486.347         488.209 
      0.0619321          456.94         455.494 
       0.067871         423.891          425.19 
      0.0738098          390.43         391.821 
      0.0800417         351.885         353.874 
      0.0862327         315.593         316.316 
      0.0921407         283.997         284.071 
      0.0982031         256.462         257.029 
       0.104506         237.003         236.018 
       0.110769         221.767         221.094 
       0.116806         209.657         210.134 
       0.122832         200.504         200.245 
       0.129052         188.725         189.342 
       0.135211           176.5         177.127 
       0.141259         164.329         164.141 
       0.147318         152.021         151.189 
       0.153489         139.643         139.212 
       0.159709         129.789         129.182 
       0.165845         122.963         121.483 
       0.171974         116.181          115.61 
       0.178125         111.516         110.842 
       0.184229         107.383         106.472 
        0.19034         101.934         101.884 
       0.196428         97.5444         96.8576 
       0.202534         92.8304         91.4547 
       0.208729         86.9925         85.9337 
       0.214876         81.5299         80.8039 
       0.220989         77.8351          76.332 
       0.227147         73.3694         72.5707 
        0.23329          70.326         69.4873 
       0.239377          67.915         66.8909 
       0.245482          65.091         64.5021 
       0.251667         63.2213         62.0955 
       0.257832          60.636         59.5954 
       0.263955         58.1102         57.0089 
       0.270079         55.5907         54.4022 
        0.27624         53.4811          51.878 
       0.282372         51.1589          49.568 
        0.28843         48.9142         47.5386 
       0.294538         47.1086         45.7431 
       0.300721         45.7955         44.1335 
        0.30691         43.9869         42.6519 
       0.313033         42.6213         41.2429 
       0.319153         40.7761         39.8397 
       0.325316          39.943         38.4178 
        0.33145         38.4237         37.0054 
       0.337538         37.1318         35.6394 
       0.343633         35.7383         34.3403 
       0.349808         34.6342         33.1188 
       0.355968         33.5322         32.0025 
       0.362074         32.4666         30.9862 
       0.368217         31.5402         30.0351 
       0.374374         30.5028         29.1275 
       0.380519         29.7411         28.2484 
       0.386598         28.9296         27.3938 
       0.392688         28.1901         26.5507 
        0.39888         27.3006         25.7146 
       0.405048         26.5665         24.9118 
       0.411186         25.8607         24.1511 
       0.417313         24.9939         23.4355 
       0.423458          24.371         22.7599 
       0.429607         23.6669         22.1209 
       0.435692         23.0125          21.519 
       0.441815         22.4989         20.9356 
       0.447964          22.071         20.3665 
       0.454126         21.3076         19.8113 
       0.460267         20.8238         19.2732 
       0.466387         20.2007          18.753 
        0.47254         19.8131          18.249 
       0.478662         19.3931         17.7687 
       0.484765         18.8436          17.311 
       0.490885         18.3893         16.8716 
       0.497035         18.1268         16.4481 
       0.503198          17.644           16.04 
       0.509342         17.2306         15.6466 
       0.515458          16.817         15.2663 
       0.521598         16.4852         14.8954 
       0.527764         16.0821         14.5343 
       0.533884         15.7997         14.1873 
           0.54         15.4446         13.8522 
       0.546137         15.1463         13.5274 
       0.552299         14.8505         13.2128 
       0.558452         14.4157         12.9101 
       0.564573         14.2109         12.6191 
       0.570708         13.9297         12.3368 
       0.576825         13.5774         12.0638 
       0.582926         13.3503         11.7992 
       0.589034          12.976         11.5419 
       0.595184         12.7753         11.2905 
       0.601379         12.5067         11.0449 
       0.607522         12.3234         10.8089 
       0.613639         12.1551         10.5809 
       0.619772         11.8312         10.3592 
       0.625918         11.7009         10.1436 
       0.632068         11.5111         9.93436 
       0.638161         11.2398         9.73303 
         0.6443         11.0126         9.53594 
       0.650464         10.7894         9.34364 
       0.656582         10.6836           9.158 
       0.662703         10.4881         8.97729 
       0.668861         10.3106         8.80041 
       0.675024         10.0994         8.62819 
       0.681124         9.91822         8.46238 
       0.687237         9.77651         8.30071 
       0.693381         9.63179         8.14265 
       0.699536         9.37437         7.98854 
       0.705665         9.26119         7.83919 
       0.711789         9.11635         7.69386 
       0.717957         8.95914         7.55126 
        0.72409         8.81096          7.4131 
       0.730186          8.6838         7.27924 
       0.736317         8.59592         7.14798 
       0.742472         8.45642         7.01949 
       0.748622         8.30679          6.8943 
        0.75476         8.13225         6.77247 
       0.760888          8.0359         6.65381 
       0.767043         7.94134         6.53757 
       0.773185         7.77916         6.42439 
       0.779291         7.70334         6.31457 
       0.785407         7.57821          6.2072 
       0.791564         7.46215         6.10169 
       0.797719         7.35101         5.99872 
       0.803834         7.27499         5.89881 
       0.809972         7.18737         5.80084 
       0.816124         7.04451         5.70491 
       0.822261         6.93338         5.61143 
       0.828378         6.85227         5.52036 
       0.834502          6.7874         5.43125 
       0.840667         6.65386         5.34356 
       0.846816         6.55235         5.25808 
       0.852925         6.49577         5.17503 
       0.859047         6.40767         5.09362 
       0.865192         6.33887         5.01372 
       0.871341         6.26203         4.93549 
       0.877463         6.17656         4.85932 
       0.883569         6.06897         4.78496 
       0.889708         5.97553          4.7118 
       0.895864         5.92122            4.64 
       0.902008         5.83777         4.56986 
       0.908149         5.77498         4.50123 
       0.914301         5.67705         4.43392 
       0.920448         5.60591         4.36806 
       0.926574         5.53128         4.30378 
       0.932687         5.48089         4.24095 
       0.938823         5.41604         4.17916 
       0.944975         5.34273         4.11847 
       0.951105         5.28897         4.05922 
       0.957225          5.2568         4.00125 
       0.963368         5.17935         3.94422 
       0.969511         5.11143         3.88832 
       0.975621         5.03793         3.83381 
       0.981748         4.99244         3.78021 
       0.987916         4.93589         3.72732 
        0.99406         4.85579         3.67564 
        1.00019         4.80318         3.62505 
        1.00632         4.76228         3.57547 
        1.01246         4.71018         3.52676 
        1.01859         4.65422         3.47904 
        1.02471          4.5989         3.43227 
        1.03085         4.55201         3.38621 
        1.03698         4.49167         3.34109 
        1.04314         4.45344         3.29662 
        1.04929         4.39561         3.25307 
        1.05541          4.3489         3.21049 
        1.06154         4.30661         3.16857 
        1.06769         4.27374         3.12734 
        1.07382         4.21298           3.087 
        1.07993         4.15867         3.04746 
        1.08607         4.13734         3.00846 
        1.09222         4.08776         2.97011 
        1.09836         4.05542         2.93248 
        1.10449         4.00858         2.89555 
        1.11063         3.96296         2.85922 
        1.11677         3.92496         2.82354 
         1.1229         3.88427         2.78853 
        1.12903         3.84012          2.7541 
        1.13518         3.80971         2.72022 
        1.14131         3.75674         2.68693 
        1.14745         3.70487         2.65423 
        1.15359         3.68964         2.62207 
        1.15973         3.63988         2.59043 
        1.16584         3.61944         2.55946 
        1.17197         3.58109         2.52896 
        1.17811         3.54853         2.49887 
        1.18424         3.52522         2.46936 
        1.19038         3.48662         2.44024 
        1.19652          3.4522         2.41161 
        1.20267         3.42154         2.38344 
        1.20881          3.3834         2.35573 
        1.21495           3.359         2.32851 
        1.22108         3.32686         2.30172 
         1.2272         3.30764         2.27543 
        1.23334         3.26416         2.24948 
        1.23949           3.231         2.22388 
        1.24562         3.21429         2.19876 
        1.25174         3.17438         2.17406 
        1.25789         3.15128         2.14967 
        1.26402         3.11473         2.12571 
        1.27014         3.08648         2.10216 
        1.27628         3.07474         2.07891 
        1.28244         3.03303         2.05597 
        1.28858         3.01483         2.03341 
        1.29471         2.98447         2.01124 
        1.30084         2.95591         1.98942 
        1.30697         2.94331          1.9679 
        1.31312         2.89472         1.94666 
        1.31925         2.88461         1.92581 
        1.32537         2.85994         1.90529 
        1.33151         2.83992         1.88499 
        1.33765         2.80547         1.86501 
        1.34378         2.78122         1.84536 
        1.34992         2.77292         1.82598 
        1.35606         2.73424         1.80683 
         1.3622         2.72243           1.788 
        1.36833         2.69786         1.76949 
        1.37445         2.67276         1.75125 
        1.38059         2.65519         1.73321 
        1.38675         2.64393         1.71538 
        1.39288         2.61053         1.69788 
        1.39901         2.58821         1.68063 
        1.40515         2.57051         1.66358 
         1.4113         2.55096         1.64678 
        1.41742         2.53205         1.63028 
        1.42355         2.52049         1.61397 
         1.4297          2.4886         1.59784 
        1.43585         2.47714         1.58194 
        1.44198         2.46308         1.56632 
        1.44809         2.43095         1.55093 
        1.45423         2.41492          1.5357 
        1.46036         2.39736         1.52071 
        1.46649         2.37693          1.5059 
        1.47263          2.3582         1.49129 
        1.47877         2.33662         1.47688 
        1.48491         2.32084         1.46263 
        1.49104          2.3083         1.44861 
        1.49718         2.29356         1.43476 
        1.50333         2.27329         1.42107 
        1.50947         2.26035         1.40759 
         1.5156         2.24202          1.3943 
        1.52172         2.22563         1.38119 
        1.52787          2.2076         1.36822 
          1.534         2.19619         1.35543 
        1.54013         2.17552         1.34282 
        1.54627         2.15675         1.33035 
        1.55241         2.14141         1.31804 
        1.55855         2.13051          1.3059 
        1.56467         2.11659         1.29395 
         1.5708         2.09357         1.28211 
        1.57695         2.08629         1.27041 
        1.58308         2.07081         1.25888 
        1.58922          2.0579         1.24749 
        1.59535         2.04304         1.23624 
         1.6015         2.02946         1.22512 
        1.60764         2.01776         1.21414 
        1.61376         2.00235         1.20332 
        1.61989         1.98769         1.19263 
        1.62604          1.9728         1.18205 
        1.63218         1.96677          1.1716 
        1.63831         1.94486         1.16131 
        1.64444         1.93232         1.15113 
        1.65059         1.92412         1.14105 
        1.65673         1.90937         1.13111 
        1.66285         1.89443         1.12131 
        1.66898          1.8868         1.11163 
        1.67512         1.86895         1.10204 
        1.68127         1.85813         1.09256 
         1.6874         1.85022         1.08321 
        1.69353         1.83076         1.07397 
        1.69967         1.82035         1.06483 
        1.70581         1.81555         1.05579 
        1.71193         1.79958         1.04689 
        1.71806         1.79225         1.03808 
        1.72421         1.77854         1.02935 
        1.73035         1.76575         1.02074 
        1.73649         1.75592         1.01222 
        1.74262          1.7451         1.00381 
        1.74876         1.73557        0.995487 
        1.75489         1.71989        0.987278 
        1.76101         1.71057        0.979164 
        1.76715         1.70114        0.971131 
        1.77329           1.691        0.963179 
        1.77943         1.67827        0.955313 
        1.78557         1.66822        0.947547 
        1.79171         1.66256        0.939866 
        1.79785         1.64926         0.93227 
        1.80399         1.64095        0.924759 
        1.81012         1.63383        0.917342 
        1.81625          1.6195         0.91001 
        1.82239         1.61059        0.902748 
        1.82853         1.59528        0.895569 
        1.83466         1.59121        0.888475 
        1.84078         1.58053        0.881466 
        1.84692         1.57408        0.874522 
        1.85306         1.56225        0.867644 
         1.8592         1.55546        0.860852 
        1.86533         1.54459        0.854136 
        1.87147         1.53751        0.847485 
        1.87761         1.52834        0.840902 
        1.88375         1.51433        0.834397 
        1.88988         1.51117        0.827968 
        1.89601         1.49974        0.821604 
        1.90215          1.4904        0.815302 
        1.90829         1.48157         0.80907 
        1.91442         1.47317        0.802902 
        1.92056         1.46627        0.796805 
         1.9267         1.45812        0.790765 
        1.93284         1.45228        0.784785 
        1.93897         1.44286        0.778878 
        1.94509         1.43322        0.773045 
        1.95123          1.4239        0.767257 
        1.95737         1.41735        0.761525 
        1.96349         1.40854        0.755866 
        1.96964         1.40246        0.750249 
        1.97578         1.39439        0.744686 
        1.98192         1.38914        0.739192 
        1.98805         1.37756        0.733752 
        1.99419         1.37302        0.728368 
        2.00033         1.36899        0.723035 
        2.00647         1.35637        0.717757 
         2.0126           1.352        0.712541 
        2.01874         1.34315        0.707369 
        2.02488         1.33707        0.702244 
        2.03101         1.32697         0.69718 
        2.03714         1.31816         0.69217 
        2.04328         1.31603        0.687205 
        2.04941         1.30647        0.682292 
        2.05554          1.3012        0.677431 
        2.06167         1.29258        0.672612 
        2.06781         1.28677        0.667838 
        2.07396         1.27854        0.663105 
        2.08009          1.2733        0.658426 
        2.08622          1.2646        0.653797 
        2.09237         1.26336        0.649204 
        2.09851          1.2559        0.644655 
        2.10464         1.25008        0.640157 
        2.11077         1.24134        0.635708 
        2.11691         1.23377        0.631291 
        2.12305         1.22971        0.626916 
        2.12918         1.22257        0.622594 
        2.13531         1.21746        0.618312 
        2.14145         1.20955         0.61406 
         2.1476         1.20331        0.609844 
        2.15372         1.19873        0.605689 
        2.15985         1.19139        0.601568 
        2.16599         1.18492        0.597474 
        2.17213         1.17985        0.593423 
        2.17827         1.17642         0.58941 
         2.1844         1.17032        0.585439 
        2.19054         1.16611        0.581503 
        2.19666         1.15814        0.577608 
         2.2028          1.1529        0.573746 
        2.20893         1.14547        0.569918 
        2.21508         1.14328        0.566121 
        2.22122         1.13372        0.562357 
        2.22736         1.12802        0.558635 
        2.23349         1.12799        0.554948 
        2.23962         1.11901        0.551292 
        2.24577         1.11293        0.547667 
         2.2519          1.1078        0.544079 
        2.25802         1.10464        0.540529 
        2.26417         1.09606        0.537001 
        2.27031         1.09325        0.533502 
        2.27644         1.08802        0.530044 
        2.28257         1.08346        0.526617 
        2.28872          1.0772        0.523214 
        2.29486         1.07348        0.519842 
        2.30099         1.06682        0.516507 
        2.30712         1.06314        0.513199 
        2.31326         1.05923        0.509915 
         2.3194          1.0546        0.506662 
        2.32553         1.04982        0.503443 
        2.33166         1.04377        0.500253 
         2.3378         1.03831        0.497087 
        2.34394         1.03224        0.493947 
        2.35007         1.02857        0.490839 
        2.35619         1.02591        0.487761 
        2.36233         1.01861        0.484703 
        2.36848         1.01576        0.481665 
        2.37462         1.01042        0.478659 
        2.38075         1.00787        0.475682 
        2.38689         1.00203        0.472728 
        2.39303        0.999022          0.4698 
        2.39916        0.991616          0.4669 
        2.40529        0.990435        0.464024 
        2.41143        0.985254        0.461171 
        2.41757        0.980269        0.458341 
         2.4237        0.976862        0.455539 
        2.42983        0.972276        0.452762 
        2.43598        0.968352            0.45 
        2.44211        0.964351        0.447266 
        2.44823        0.959798        0.444561 
        2.45437        0.956166        0.441871 
        2.46052        0.953911        0.439201 
        2.46665        0.948639        0.436558 
        2.47279        0.944149        0.433938 
        2.47892        0.938909        0.431338 
        2.48507        0.935903        0.428756 
         2.4912        0.931603        0.426201 
        2.49733        0.928518        0.423668 
        2.50347        0.925329        0.421151 
        2.50961        0.920411        0.418654 
        2.51575        0.918062         0.41618 
        2.52188        0.912047        0.413728 
        2.52802        0.908795        0.411293 
        2.53416        0.905226        0.408878 
        2.54029        0.901236        0.406486 
        2.54641        0.897661        0.404114 
        2.55255        0.894206        0.401759 
        2.55869        0.889294        0.399418 
        2.56483         0.88674          0.3971 
        2.57096        0.883434        0.394803 
        2.57709        0.880655        0.392523 
        2.58323        0.875495         0.39026 
        2.58937        0.871811        0.388013 
        2.59551         0.86879        0.385786 
        2.60164        0.865432        0.383578 
        2.60778        0.861684        0.381385 
        2.61392        0.858691         0.37921 
        2.62006        0.854887        0.377052 
        2.62619        0.853142        0.374914 
        2.63232        0.848283        0.372792 
        2.63846        0.846198        0.370683 
        2.64459        0.842867        0.368595 
        2.65072         0.83856        0.366522 
        2.65686        0.837212        0.364465 
          2.663        0.832215         0.36242 
        2.66915        0.830177        0.360391 
        2.67527        0.826722        0.358383 
        2.68141        0.823066        0.356389 
        2.68755        0.820685        0.354408 
        2.69368        0.816763        0.352444 
        2.69981        0.814362        0.350498 
        2.70595        0.811485        0.348562 
        2.71209        0.808251        0.346639 
        2.71823        0.804076        0.344735 
        2.72436        0.801165        0.342846 
         2.7305        0.799289        0.340969 
        2.73663        0.796165        0.339107 
        2.74276        0.793739        0.337261 
         2.7489         0.79094        0.335427 
        2.75504        0.788088        0.333605 
        2.76118        0.784211        0.331796 
        2.76732        0.779947        0.330003 
        2.77345        0.779288        0.328224 
        2.77959        0.776483        0.326457 
        2.78572        0.773872        0.324704 
        2.79186        0.771794        0.322965 
        2.79798        0.768886         0.32124 
        2.80412        0.765255        0.319525 
        2.81027         0.76348         0.31782 
         2.8164        0.759325        0.316132 
        2.82253        0.756463        0.314455 
        2.82867        0.754882         0.31279 
        2.83481        0.752165        0.311137 
        2.84095        0.748777        0.309496 
        2.84708        0.747588        0.307869 
        2.85322        0.744081        0.306251 
        2.85935        0.743576        0.304646 
        2.86549        0.740171        0.303053 
        2.87162        0.735908        0.301472 
        2.87776        0.734473        0.299902 
        2.88389        0.731728        0.298342 
        2.89003        0.729363        0.296794 
        2.89617        0.727203        0.295257 
        2.90231        0.724147        0.293731 
        2.90844        0.722691        0.292216 
        2.91458        0.719858        0.290711 
        2.92071        0.717225         0.28922 
        2.92684        0.715481        0.287737 
        2.93298        0.712594        0.286265 
         2.9391        0.710196        0.284805 
        2.94524        0.708445        0.283354 
        2.95138        0.706428        0.281912 
        2.95752        0.703717        0.280479 
        2.96367        0.700866        0.279056 
         2.9698        0.699809        0.277645 
        2.97594        0.697696        0.276243 
        2.98207        0.694841        0.274851 
        2.98821        0.693619         0.27347 
        2.99434        0.689876        0.272098 
        3.00048        0.688943        0.270735 
        3.00662        0.685981        0.269381 
        3.01275        0.685297        0.268038 
        3.01888        0.682871        0.266704 
        3.02503        0.680338        0.265377 
        3.03117        0.678077        0.264059 
        3.03729        0.676915        0.262754 
        3.04342        0.674196        0.261457 
        3.04957         0.67314        0.260165 
         3.0557        0.670409        0.258884 
        3.06183        0.667968        0.257614 
        3.06796        0.667596        0.256351 
        3.07411        0.664486        0.255094 
        3.08025         0.66347        0.253848 
        3.08637        0.661586        0.252612 
         3.0925        0.660294        0.251383 
        3.09865        0.658156        0.250159 
         3.1048          0.6548        0.248944 
        3.11093        0.653381         0.24774 
        3.11706        0.651979        0.246543 
         3.1232        0.650807        0.245354 
        3.12933        0.648599        0.244173 
        3.13547        0.646296           0.243 
        3.14159        0.644534        0.241836 
        3.14773        0.642934        0.240678 
        3.15388        0.641315        0.239526 
        3.16001        0.640691        0.238384 
        3.16614        0.638617         0.23725 
        3.17228        0.637299        0.236122 
        3.17842        0.636043        0.235001 
        3.18455        0.633437        0.233889 
        3.19068        0.631819        0.232785 
        3.19682        0.630871        0.231685 
        3.20297        0.630002        0.230593 
         3.2091        0.628428        0.229509 
        3.21524        0.626245        0.228432 
        3.22138        0.624723        0.227362 
         3.2275        0.623017          0.2263 
        3.23363        0.622054        0.225245 
        3.23977        0.620843        0.224196 
        3.24591         0.62025        0.223153 
        3.25205        0.617802        0.222116 
        3.25818        0.615476        0.221086 
        3.26432        0.615181        0.220064 
        3.27046        0.613777        0.219047 
         3.2766         0.61311        0.218037 
        3.28273          0.6103        0.217034 
        3.28887        0.610594        0.216037 
          3.295        0.608059        0.215047 
        3.30113         0.60721        0.214063 
        3.30727        0.605979        0.213084 
        3.31341        0.604612        0.212113 
        3.31954        0.603434        0.211148 
        3.32568        0.601546        0.210187 
        3.33182        0.602097        0.209233 
        3.33795        0.599604        0.208286 
        3.34409        0.600106        0.207344 
        3.35022        0.598163        0.206408 
        3.35636        0.597104        0.205478 
         3.3625        0.595841        0.204553 
        3.36864        0.594695        0.203634 
        3.37477        0.593411        0.202721 
        3.38091        0.592828        0.201814 
        3.38704        0.592361        0.200913 
        3.39318        0.590613        0.200017 
        3.39931        0.590498        0.199126 
        3.40545        0.589284        0.198241 
        3.41158        0.588252        0.197362 
        3.41772        0.587074        0.196487 
        3.42385        0.585999        0.195619 
        3.42998        0.585116        0.194756 
        3.43612         0.58468        0.193898 
        3.44226         0.58456        0.193044 
         3.4484        0.583345        0.192195 
        3.45453        0.582333        0.191353 
        3.46066        0.580857        0.190516 
        3.46681        0.580232        0.189682 
        3.47295        0.580689        0.188854 
        3.47908        0.579942        0.188032 
        3.48521        0.578375        0.187215 
        3.49135        0.578595        0.186402 
        3.49749        0.577078        0.185594 
        3.50362        0.576634        0.184791 
        3.50976        0.576128        0.183993 
        3.51589        0.575777        0.183199 
        3.52203        0.574337        0.182411 
        3.52816        0.575181        0.181628 
        3.53429        0.573412        0.180848 
        3.54043        0.573362        0.180073 
        3.54657        0.573235        0.179302 
        3.55271        0.572953        0.178537 
        3.55884        0.572047        0.177776 
        3.56498        0.571616        0.177019 
        3.57112        0.571194        0.176266 
        3.57725        0.571071        0.175518 
        3.58338        0.570594        0.174776 
        3.58952        0.570631        0.174036 
        3.59566        0.570172        0.173301 
         3.6018        0.569308         0.17257 
        3.60793        0.569597        0.171844 
        3.61407        0.568419        0.171122 
        3.62021        0.569404        0.170404 
        3.62634        0.568751        0.169691 
        3.63247        0.568836        0.168981 
        3.63861        0.567734        0.168276 
        3.64475        0.568244        0.167574 
        3.65089        0.568613        0.166876 
        3.65702         0.56781        0.166183 
        3.66316        0.568234        0.165494 
        3.66929        0.566977        0.164809 
        3.67543        0.567832        0.164127 
        3.68156        0.566872         0.16345 
        3.68769        0.566169        0.162776 
        3.69383        0.567754        0.162106 
        3.69997        0.567882        0.161439 
        3.70611        0.567899        0.160777 
        3.71224        0.567367        0.160118 
        3.71838        0.568007        0.159463 
        3.72451        0.568208        0.158812 
        3.73065        0.567699        0.158165 
        3.73678        0.569131        0.157522 
        3.74292        0.567946        0.156881 
        3.74906        0.568621        0.156244 
        3.75519        0.568551        0.155611 
        3.76133        0.569176        0.154981 
        3.76746        0.569772        0.154356 
         3.7736        0.569943        0.153733 
        3.77974        0.569582        0.153114 
        3.78588        0.569767        0.152498 
        3.79201        0.570026        0.151886 
        3.79814        0.571105        0.151277 
        3.80428        0.571641        0.150672 
        3.81042         0.57176        0.150069 
        3.81655        0.571854        0.149471 
        3.82268         0.57198        0.148876 
        3.82882        0.573249        0.148284 
        3.83496        0.573311        0.147694 
        3.84109        0.574287        0.147108 
        3.84723        0.574297        0.146526 
        3.85337        0.575251        0.145946 
        3.85951         0.57535        0.145369 
        3.86565        0.576551        0.144796 
        3.87178        0.577938        0.144227 
        3.87791        0.577561         0.14366 
        3.88405         0.57876        0.143096 
        3.89019        0.579202        0.142535 
        3.89632        0.578915        0.141978 
        3.90246         0.58019        0.141423 
         3.9086        0.580796        0.140871 
        3.91473        0.582572        0.140322 
        3.92086        0.583053        0.139777 
        3.92699          0.5838        0.139234 
        3.93313        0.583777        0.138694 
        3.93927        0.585513        0.138157 
         3.9454        0.586875        0.137623 
        3.95154        0.586739        0.137091 
        3.95768        0.587372        0.136563 
        3.96382        0.589046        0.136037 
        3.96995        0.590527        0.135514 
        3.97609        0.590654        0.134994 
        3.98222        0.591915        0.134477 
        3.98836        0.593369        0.133962 
         3.9945        0.593614         0.13345 
        4.00063        0.595042        0.132941 
        4.00677        0.596371        0.132434 
        4.01291        0.598268         0.13193 
        4.01904        0.598913        0.131429 
        4.02517        0.599941        0.130931 
        4.03131        0.602644        0.130435 
        4.03745        0.602985        0.129941 
        4.04358        0.604075         0.12945 
        4.04972        0.606108        0.128962 
        4.05585        0.606258        0.128476 
        4.06199        0.608268        0.127993 
        4.06812        0.608794        0.127512 
        4.07426        0.610942        0.127034 
         4.0804        0.612644        0.126558 
        4.08654        0.613463        0.126084 
        4.09267        0.616241        0.125614 
         4.0988        0.617331        0.125146 
        4.10494        0.619149         0.12468 
        4.11108        0.619544        0.124216 
        4.11721        0.621976        0.123755 
        4.12334        0.622788        0.123296 
        4.12948         0.62461         0.12284 
        4.13561        0.626626        0.122385 
        4.14176        0.628736        0.121933 
        4.14789        0.630623        0.121483 
        4.15403        0.632055        0.121036 
        4.16016        0.634327        0.120591 
         4.1663         0.63559        0.120148 
        4.17243        0.637674        0.119708 
        4.17857        0.638899         0.11927 
        4.18471        0.640738        0.118833 
        4.19084        0.640775        0.118399 
        4.19698         0.64508        0.117968 
        4.20312        0.646449        0.117538 
        4.20925         0.64845        0.117111 
        4.21538        0.650051        0.116686 
        4.22152        0.652857        0.116262 
        4.22766        0.655448        0.115841 
         4.2338        0.656935        0.115422 
        4.23993        0.659282        0.115006 
        4.24607        0.660427        0.114591 
         4.2522        0.662048        0.114178 
        4.25834        0.665651        0.113768 
        4.26447        0.668087        0.113359 
        4.27061         0.66931        0.112953 
        4.27674        0.671905        0.112548 
        4.28288        0.673951        0.112145 
        4.28902        0.676819        0.111745 
        4.29515        0.678535        0.111346 
        4.30129        0.681976         0.11095 
        4.30743         0.68453        0.110555 
        4.31356        0.687181        0.110162 
        4.31969        0.687828        0.109772 
        4.32583         0.69077        0.109383 
        4.33197         0.69285        0.108996 
         4.3381        0.695724         0.10861 
        4.34424        0.697842        0.108227 
        4.35038        0.701648        0.107846 
        4.35652        0.702379        0.107466 
        4.36265        0.706376        0.107088 
        4.36878        0.708869        0.106713 
        4.37492        0.711656        0.106338 
        4.38106        0.713824        0.105966 
        4.38719        0.716303        0.105596 
        4.39333        0.720514        0.105227 
        4.39946        0.722104        0.104861 
         4.4056        0.723931        0.104495 
        4.41173        0.728216        0.104132 
        4.41786        0.729613        0.103771 
          4.424        0.733409        0.103411 
        4.43014        0.737039        0.103052 
        4.43628        0.738929        0.102696 
        4.44241        0.742224        0.102341 
        4.44855        0.745224        0.101988 
        4.45469        0.749778        0.101636 
        4.46083         0.75182        0.101287 
        4.46696        0.754597        0.100939 
        4.47309        0.756407        0.100592 
        4.47923        0.759889        0.100247 
        4.48537        0.763122       0.0999045 
         4.4915        0.766219        0.099563 
        4.49764        0.768513       0.0992229 
        4.50378        0.772655       0.0988843 
        4.50991        0.774426        0.098548 
        4.51604        0.777765       0.0982131 
        4.52218        0.782025       0.0978791 
        4.52832        0.785089       0.0975471 
        4.53445        0.788841       0.0972168 
        4.54059        0.791948       0.0968879 
        4.54673        0.793447       0.0965604 
        4.55286        0.799512       0.0962344 
          4.559        0.802787       0.0959101 
        4.56513        0.805133       0.0955874 
        4.57127        0.806902       0.0952661 
        4.57741        0.813291        0.094946 
        4.58354        0.815181       0.0946277 
        4.58968        0.819729       0.0943109 
        4.59582         0.82157       0.0939952 
        4.60195         0.82503       0.0936813 
        4.60809        0.830032       0.0933689 
        4.61422        0.833548       0.0930578 
        4.62036        0.835946       0.0927482 
        4.62649        0.841285       0.0924399 
        4.63263        0.844929       0.0921331 
        4.63876        0.847178       0.0918277 
         4.6449         0.84997       0.0915235 
        4.65104        0.852899       0.0912209 
        4.65717        0.856462       0.0909198 
        4.66331        0.861033       0.0906199 
        4.66944        0.863272       0.0903213 
        4.67558        0.869365       0.0900243 
        4.68171        0.872242       0.0897284 
        4.68785        0.876614       0.0894337 
        4.69399        0.879868       0.0891405 
        4.70012        0.882868        0.088849 
        4.70625        0.886148       0.0885585 
        4.71239         0.89207       0.0882691 
        4.71853        0.895394       0.0879812 
        4.72467        0.899421       0.0876945 
         4.7308        0.903403       0.0874092 
        4.73694        0.904687       0.0871251 
        4.74308        0.909893       0.0868423 
        4.74922        0.913787       0.0865606 
        4.75535        0.918775       0.0862805 
        4.76148        0.921693       0.0860017 
        4.76762        0.926272       0.0857237 
        4.77376        0.929431       0.0854471 
        4.77989        0.932977        0.085172 
        4.78602        0.936938        0.084898 
        4.79216        0.940495        0.084625 
         4.7983        0.945509       0.0843533 
        4.80443        0.950124       0.0840831 
        4.81056        0.951656       0.0838139 
         4.8167         0.95645       0.0835457 
        4.82284        0.961533       0.0832786 
        4.82898        0.965939       0.0830129 
        4.83511        0.969948       0.0827485 
        4.84125        0.972992        0.082485 
        4.84739        0.976869       0.0822227 
        4.85352        0.983519       0.0819618 
        4.85965        0.986114       0.0817019 
        4.86579        0.990383       0.0814431 
        4.87193        0.993046       0.0811853 
        4.87807         0.99816       0.0809287 
         4.8842         1.00176       0.0806734 
        4.89034         1.00398        0.080419 
        4.89647         1.00997       0.0801657 
        4.90261         1.01237       0.0799137 
        4.90874         1.01906       0.0796628 
        4.91488         1.02127       0.0794129 
        4.92102          1.0255       0.0791639 
        4.92715         1.02868       0.0789161 
        4.93329         1.03383       0.0786695 
        4.93942          1.0378       0.0784237 
        4.94556         1.04232        0.078179 
         4.9517         1.04725       0.0779355 
        4.95783          1.0515        0.077693 
        4.96397         1.05597       0.0774515 
        4.97011         1.05904        0.077211 
        4.97624         1.06186       0.0769717 
        4.98238         1.06705       0.0767334 
        4.98851         1.07047       0.0764961 
        4.99465         1.07655       0.0762598 
        5.00078          1.0783       0.0760245 
        5.00691         1.08485       0.0757903 
        5.01305         1.08852        0.075557 
        5.01919         1.09035       0.0753244 
        5.02533         1.09541        0.075093 
        5.03146         1.09923       0.0748627 
         5.0376         1.10367       0.0746334 
        5.04374          1.1071       0.0744048 
        5.04987         1.11307       0.0741773 
        5.05601         1.11379       0.0739508 
        5.06215         1.12187       0.0737251 
        5.06829         1.12343       0.0735004 
        5.07442         1.12809       0.0732768 
        5.08055         1.13377       0.0730543 
        5.08668         1.13522       0.0728324 
        5.09282         1.14277       0.0726114 
        5.09896         1.14599       0.0723915 
        5.10509         1.15194       0.0721726 
        5.11123         1.15133       0.0719545 
        5.11736          1.1559       0.0717372 
         5.1235         1.15989       0.0715208 
        5.12964         1.16337       0.0713054 
        5.13577         1.16937       0.0710908 
        5.14191         1.17165       0.0708771 
        5.14804         1.17709       0.0706646 
        5.15418          1.1812       0.0704527 
        5.16032         1.18266       0.0702416 
        5.16645          1.1892       0.0700314 
        5.17259         1.19202       0.0698222 
        5.17872         1.19476       0.0696139 
        5.18486         1.20017       0.0694062 
          5.191          1.2055       0.0691994 
        5.19713         1.20791       0.0689937 
        5.20327         1.21121       0.0687887 
        5.20941         1.21486       0.0685844 
        5.21555         1.21824       0.0683809 
        5.22168         1.22316       0.0681785 
        5.22781         1.23014        0.067977 
        5.23395         1.23138       0.0677761 
        5.24009         1.23564        0.067576 
        5.24622         1.23745       0.0673768 
        5.25236         1.23861       0.0671785 
         5.2585         1.24441       0.0669807 
        5.26463         1.24897       0.0667839 
        5.27077         1.25548       0.0665879 
         5.2769         1.25712       0.0663928 
        5.28304         1.25994       0.0661984 
        5.28917         1.26358       0.0660048 
         5.2953         1.26754       0.0658121 
        5.30144         1.27068         0.06562 
        5.30757         1.27466       0.0654287 
        5.31371         1.27837       0.0652381 
        5.31985         1.28101       0.0650482 
        5.32599         1.28642       0.0648591 
        5.33213         1.29109       0.0646708 
        5.33826         1.29538       0.0644833 
         5.3444         1.29904       0.0642966 
        5.35053         1.30049       0.0641106 
        5.35667         1.30345       0.0639253 
        5.36281           1.308       0.0637407 
        5.36894         1.31094       0.0635569 
        5.37507         1.31329       0.0633739 
        5.38121         1.32219       0.0631915 
        5.38735         1.32126       0.0630098 
        5.39348         1.32564       0.0628291 
        5.39961         1.32808        0.062649 
        5.40575         1.32892       0.0624694 
        5.41189         1.33294       0.0622906 
        5.41803         1.33779       0.0621125 
        5.42416         1.33971       0.0619352 
         5.4303         1.34657       0.0617584 
        5.43644         1.35069       0.0615825 
        5.44257         1.34938       0.0614073 
        5.44871         1.35389       0.0612326 
        5.45484         1.35916       0.0610587 
        5.46098         1.36373       0.0608854 
        5.46712          1.3637       0.0607128 
        5.47325         1.36582       0.0605409 
        5.47938         1.36826       0.0603699 
        5.48552         1.37429       0.0601994 
        5.49165         1.37731       0.0600295 
        5.49779         1.38003       0.0598603 
        5.50393         1.38314       0.0596917 
        5.51006          1.3854       0.0595236 
         5.5162         1.38898       0.0593564 
        5.52234         1.39193       0.0591898 
        5.52847         1.39631       0.0590238 
        5.53461         1.39831       0.0588584 
        5.54075         1.40166       0.0586937 
        5.54688         1.40535       0.0585297 
        5.55302         1.40827       0.0583662 
        5.55915         1.41072       0.0582034 
        5.56529         1.41397       0.0580412 
        5.57143         1.41707       0.0578796 
        5.57756         1.41953       0.0577186 
         5.5837         1.42268       0.0575584 
        5.58983         1.42095       0.0573988 
        5.59597           1.426       0.0572397 
         5.6021          1.4314       0.0570812 
        5.60824         1.43271       0.0569232 
        5.61438         1.43868       0.0567659 
        5.62051         1.44055       0.0566093 
        5.62665         1.44234       0.0564531 
        5.63278          1.4436       0.0562977 
        5.63892         1.44734       0.0561428 
        5.64505         1.44946       0.0559885 
        5.65119         1.45539       0.0558348 
        5.65733         1.45493       0.0556816 
        5.66346         1.45967        0.055529 
         5.6696         1.46035        0.055377 
        5.67573         1.46568       0.0552256 
        5.68187           1.467       0.0550747 
          5.688         1.46854       0.0549245 
        5.69414         1.47144       0.0547748 
        5.70028         1.47544       0.0546255 
        5.70642         1.47823       0.0544768 
        5.71255         1.48198       0.0543288 
        5.71869         1.48235       0.0541814 
        5.72482         1.48639       0.0540344 
        5.73096          1.4887        0.053888 
        5.73709         1.48956       0.0537423 
        5.74322         1.49724       0.0535971 
        5.74936         1.49472       0.0534522 
         5.7555         1.49907       0.0533079 
        5.76164         1.49945       0.0531642 
        5.76777         1.50433       0.0530211 
        5.77391         1.50673       0.0528784 
        5.78005         1.51031       0.0527363 
        5.78618         1.51372       0.0525948 
        5.79231         1.51368       0.0524539 
        5.79845          1.5177       0.0523133 
        5.80459         1.51789       0.0521731 
        5.81073         1.52133       0.0520337 
        5.81686         1.52562       0.0518948 
          5.823         1.52574       0.0517562 
        5.82914         1.53023       0.0516182 
        5.83527         1.53093       0.0514809 
         5.8414         1.53491        0.051344 
        5.84754         1.53528       0.0512074 
        5.85368         1.53801       0.0510714 
        5.85981         1.54161        0.050936 
        5.86595         1.54731       0.0508011 
        5.87208         1.54804       0.0506666 
        5.87822         1.55152       0.0505327 
        5.88435         1.55051       0.0503993 
        5.89049         1.55518       0.0502662 
        5.89662         1.55651       0.0501337 
        5.90276         1.55967       0.0500016 
         5.9089         1.56072         0.04987 
        5.91503         1.56323        0.049739 
        5.92117         1.56911       0.0496083 
        5.92731         1.56964       0.0494781 
        5.93344           1.572       0.0493485 
        5.93958         1.57677       0.0492193 
        5.94572         1.57866       0.0490905 
        5.95186         1.58188       0.0489621 
        5.95799         1.58221       0.0488344 
        5.96412         1.58348       0.0487071 
        5.97026         1.58867       0.0485801 
         5.9764         1.58965       0.0484537 
        5.98253         1.59028       0.0483279 
        5.98866         1.59653       0.0482023 
         5.9948         1.59548       0.0480771 
        6.00094         1.60072       0.0479525 
        6.00707         1.59982       0.0478283 
        6.01321         1.60196       0.0477045 
        6.01935         1.60702       0.0475812 
        6.02548         1.61084       0.0474583 
        6.03162         1.61173       0.0473359 
        6.03775         1.61371        0.047214 
        6.04389         1.61814       0.0470924 
        6.05003         1.62127       0.0469712 
        6.05617         1.62529       0.0468504 
         6.0623         1.62506       0.0467301 
        6.06844         1.62894       0.0466103 
        6.07457         1.63181       0.0464909 
         6.0807         1.63491       0.0463719 
        6.08684         1.63924       0.0462534 
        6.09298         1.63967       0.0461351 
        6.09912         1.64262       0.0460173 
        6.10525         1.64616          0.0459 
        6.11138         1.64694       0.0457831 
        6.11752         1.65168       0.0456665 
        6.12366         1.65339       0.0455504 
        6.12979         1.65814       0.0454347 
        6.13593         1.65938       0.0453195 
        6.14207         1.66262       0.0452045 
         6.1482         1.66519         0.04509 
        6.15434         1.66986       0.0449759 
        6.16047         1.67239       0.0448623 
        6.16661         1.67527       0.0447489 
        6.17274         1.67733        0.044636 
        6.17887         1.68266       0.0445236 
        6.18501         1.68251       0.0444114 
        6.19115         1.68769       0.0442997 
        6.19729          1.6891       0.0441882 
        6.20342         1.69397       0.0440773 
        6.20956         1.69826       0.0439667 
         6.2157          1.6991       0.0438564 
        6.22183         1.70283       0.0437466 
        6.22797         1.70375       0.0436372 
         6.2341         1.70969       0.0435282 
        6.24024         1.71181       0.0434194 
        6.24638         1.71866        0.043311 
        6.25251         1.72041       0.0432031 
        6.25865         1.72122       0.0430956 
        6.26478          1.7272       0.0429883 
        6.27092         1.72782       0.0428815 
        6.27705         1.73344       0.0427751 
        6.28318          1.7253        0.042669 
