# k  (h/Mpc)    Pcb(k)  (Mpc/h)^3    Pcb_linear(k)  (Mpc/h)^3
     0.00783031         2148.35         2169.39 
       0.013688         2830.91         2828.56 
       0.019231         3002.77         3002.14 
      0.0249154         2881.99         2906.47 
      0.0312784         2633.68         2642.11 
      0.0375637         2349.95         2347.11 
      0.0433917         2095.96         2107.81 
      0.0492413         1918.25         1921.05 
      0.0555754         1755.06         1772.59 
      0.0619321         1662.84         1657.57 
       0.067871          1545.6         1558.76 
      0.0738098         1439.62         1453.73 
      0.0800417         1312.88         1332.21 
      0.0862327         1194.26         1205.55 
      0.0921407         1084.34         1089.32 
      0.0982031         976.793         984.611 
       0.104506         901.671         897.437 
       0.110769         836.075         832.948 
       0.116806         784.227         787.232 
       0.122832         752.228         750.921 
       0.129052         710.614         716.022 
       0.135211         673.451         678.793 
       0.141259         637.814          637.77 
       0.147318          597.39           593.5 
       0.153489         549.816         548.442 
       0.159709         511.621         506.825 
       0.165845         483.504         472.125 
       0.171974         451.819         444.615 
       0.178125         431.225         423.311 
       0.184229         415.696         406.395 
        0.19034         393.652         391.267 
       0.196428         383.387         375.944 
       0.202534         370.422         359.161 
       0.208729         350.243         340.601 
       0.214876         329.109         321.482 
       0.220989         316.398         303.004 
       0.227147         295.884          286.09 
        0.23329         282.582         271.614 
       0.239377         273.225         259.725 
       0.245482         258.848         249.821 
       0.251667         254.064         241.103 
       0.257832         245.698          232.91 
       0.263955         237.034         224.634 
       0.270079         228.759         215.928 
        0.27624         222.839         206.794 
       0.282372         213.421         197.639 
        0.28843         204.334         188.942 
       0.294538         196.073         180.865 
       0.300721         191.781         173.607 
        0.30691         183.398         167.252 
       0.313033         178.255         161.705 
       0.319153         170.581         156.628 
       0.325316         167.836          151.73 
        0.33145         162.088         146.865 
       0.337538         158.635         141.973 
       0.343633         153.267         137.025 
       0.349808         148.654         132.078 
       0.355968         144.663         127.332 
       0.362074         140.183         122.929 
       0.368217         136.373         118.861 
       0.374374         132.396         115.135 
       0.380519         129.238         111.716 
       0.386598         125.927         108.536 
       0.392688         123.617         105.468 
        0.39888         120.272          102.41 
       0.405048         117.633         99.3873 
       0.411186         115.056         96.4165 
       0.417313          111.51         93.5164 
       0.423458          108.96         90.7099 
       0.429607         106.109         88.0435 
       0.435692         102.804         85.5604 
       0.441815          101.66         83.2097 
       0.447964         100.066         80.9847 
       0.454126          96.032         78.8621 
       0.460267         94.5767         76.8199 
       0.466387         92.3386         74.8372 
        0.47254         91.0102         72.8887 
       0.478662         89.5128         70.9913 
       0.484765         87.1653         69.1471 
       0.490885         85.3618         67.3592 
       0.497035          84.242         65.6348 
       0.503198         82.1029         63.9827 
       0.509342         80.1321         62.4076 
       0.515458         78.8063         60.9081 
       0.521598          77.722         59.4621 
       0.527764         76.2952         58.0586 
       0.533884           74.97         56.7038 
           0.54         73.6277         55.3848 
       0.546137         72.6377         54.0965 
       0.552299         71.5965         52.8395 
       0.558452         69.5309         51.6223 
       0.564573         68.4511           50.45 
       0.570708         67.6547         49.3154 
       0.576825         66.1632         48.2251 
       0.582926         65.0233         47.1766 
       0.589034         63.4512         46.1613 
       0.595184         62.7404         45.1696 
       0.601379         61.9154         44.1986 
       0.607522         60.5607         43.2616 
       0.613639         60.2919         42.3541 
       0.619772         58.7565         41.4696 
       0.625918         58.5053         40.6085 
       0.632068         57.5998         39.7716 
       0.638161         56.6122         38.9664 
         0.6443         55.6325         38.1786 
       0.650464         54.7771         37.4111 
       0.656582          54.418         36.6715 
       0.662703         53.3644         35.9528 
       0.668861         52.6174         35.2498 
       0.675024         51.8231         34.5651 
       0.681124         50.9683         33.9051 
       0.687237         50.1615         33.2604 
       0.693381         49.7869         32.6289 
       0.699536         48.7106         32.0126 
       0.705665         48.7634         31.4149 
       0.711789         47.6352         30.8335 
       0.717957         47.1548         30.2634 
        0.72409         46.4766         29.7116 
       0.730186         45.8409         29.1773 
       0.736317         45.5002         28.6536 
       0.742472         44.7163          28.141 
       0.748622          44.373         27.6415 
        0.75476          43.701         27.1551 
       0.760888         43.1293          26.681 
       0.767043          42.687         26.2163 
       0.773185          42.017         25.7637 
       0.779291         41.8204         25.3244 
       0.785407         41.3575         24.8948 
       0.791564          40.635         24.4726 
       0.797719         39.9323         24.0606 
       0.803834         39.8803         23.6609 
       0.809972         39.4508          23.269 
       0.816124         38.5905         22.8853 
       0.822261         38.4584         22.5114 
       0.828378         38.0725         22.1471 
       0.834502         37.6398         21.7906 
       0.840667         37.2703         21.4397 
       0.846816         36.7057         21.0976 
       0.852925         36.4132         20.7652 
       0.859047         35.9799         20.4394 
       0.865192         35.7108         20.1195 
       0.871341         35.4964         19.8063 
       0.877463          34.833         19.5012 
       0.883569         34.5007         19.2035 
       0.889708         34.1552         18.9104 
       0.895864         33.9147         18.6228 
       0.902008          33.654         18.3419 
       0.908149         33.3174          18.067 
       0.914301         33.1606         17.7973 
       0.920448           32.49         17.5334 
       0.926574         32.3437         17.2759 
       0.932687         32.0105         17.0241 
       0.938823          31.623         16.7765 
       0.944975         31.3642         16.5333 
       0.951105          31.147         16.2958 
       0.957225         30.7895         16.0634 
       0.963368         30.5721         15.8349 
       0.969511         30.3504         15.6108 
       0.975621         30.1267         15.3922 
       0.981748         29.7341         15.1774 
       0.987916         29.5714         14.9653 
        0.99406         29.2514         14.7581 
        1.00019         28.8906         14.5552 
        1.00632         28.8312         14.3564 
        1.01246         28.5527          14.161 
        1.01859         28.1881         13.9697 
        1.02471         28.1259         13.7821 
        1.03085         27.8627         13.5973 
        1.03698         27.4474         13.4164 
        1.04314         27.2929          13.238 
        1.04929         27.0255         13.0632 
        1.05541         26.7785         12.8924 
        1.06154         26.6229         12.7243 
        1.06769         26.4737         12.5589 
        1.07382         26.1917          12.397 
        1.07993         26.0862         12.2383 
        1.08607         25.7719         12.0818 
        1.09222         25.6209         11.9279 
        1.09836         25.3166         11.7769 
        1.10449         25.2371         11.6287 
        1.11063         24.9594         11.4829 
        1.11677         24.8694         11.3397 
         1.1229         24.7445         11.1992 
        1.12903          24.438          11.061 
        1.13518         24.2015          10.925 
        1.14131          24.125         10.7914 
        1.14745         23.9572         10.6601 
        1.15359         23.8025          10.531 
        1.15973         23.5873          10.404 
        1.16584         23.3123         10.2797 
        1.17197         23.3012         10.1572 
        1.17811         23.0587         10.0364 
        1.18424         22.8613         9.91786 
        1.19038         22.7924         9.80094 
        1.19652         22.5974         9.68597 
        1.20267         22.4101         9.57285 
        1.20881         22.3517         9.46158 
        1.21495         22.1791         9.35226 
        1.22108          21.971          9.2447 
         1.2272         21.7842         9.13909 
        1.23334         21.6407          9.0349 
        1.23949         21.4734          8.9321 
        1.24562         21.4401         8.83119 
        1.25174         21.2915           8.732 
        1.25789         21.1631         8.63404 
        1.26402         21.0526         8.53777 
        1.27014         20.8673          8.4432 
        1.27628         20.6409          8.3498 
        1.28244         20.5922         8.25764 
        1.28858         20.5208           8.167 
        1.29471         20.3158         8.07793 
        1.30084           20.16         7.99029 
        1.30697         20.0769         7.90382 
        1.31312         19.8751         7.81851 
        1.31925         19.7622         7.73474 
        1.32537         19.7116         7.65229 
        1.33151         19.5401         7.57075 
        1.33765         19.4342         7.49046 
        1.34378         19.3374          7.4115 
        1.34992         19.1362         7.33363 
        1.35606         19.1012         7.25671 
         1.3622         18.9986         7.18105 
        1.36833         18.8512         7.10665 
        1.37445         18.7722         7.03335 
        1.38059         18.6823         6.96086 
        1.38675         18.4957         6.88923 
        1.39288         18.4195          6.8189 
        1.39901         18.2616         6.74959 
        1.40515         18.2075         6.68109 
         1.4113         18.1031         6.61358 
        1.41742         17.9845         6.54726 
        1.42355         17.8927         6.48173 
         1.4297         17.7758          6.4169 
        1.43585         17.7316         6.35299 
        1.44198         17.5815          6.2902 
        1.44809         17.5053         6.22838 
        1.45423          17.394         6.16717 
        1.46036         17.3303         6.10689 
        1.46649         17.2369          6.0474 
        1.47263         17.0912         5.98866 
        1.47877         17.0229         5.93073 
        1.48491         16.9264         5.87347 
        1.49104         16.8605          5.8171 
        1.49718         16.7489         5.76143 
        1.50333         16.6652          5.7064 
        1.50947         16.5858         5.65221 
         1.5156         16.4734         5.59881 
        1.52172         16.3776          5.5461 
        1.52787         16.2901         5.49397 
          1.534         16.2149         5.44257 
        1.54013         16.1193         5.39189 
        1.54627         16.0217         5.34176 
        1.55241         15.9569         5.29227 
        1.55855         15.8954         5.24347 
        1.56467         15.7897         5.19543 
         1.5708         15.7609         5.14786 
        1.57695         15.6135         5.10082 
        1.58308         15.5622         5.05448 
        1.58922         15.4909         5.00868 
        1.59535         15.4202         4.96347 
         1.6015         15.3102         4.91876 
        1.60764          15.247         4.87462 
        1.61376         15.2181         4.83115 
        1.61989         15.0791         4.78817 
        1.62604         15.0544         4.74563 
        1.63218         14.9656         4.70363 
        1.63831         14.9109         4.66224 
        1.64444          14.809         4.62133 
        1.65059         14.7298         4.58082 
        1.65673         14.6846         4.54084 
        1.66285         14.5563         4.50145 
        1.66898         14.5304         4.46252 
        1.67512         14.4675         4.42398 
        1.68127         14.3718         4.38585 
         1.6874         14.3229         4.34826 
        1.69353          14.263         4.31114 
        1.69967         14.1679         4.27436 
        1.70581         14.0871         4.23803 
        1.71193         14.0396         4.20226 
        1.71806         14.0163         4.16683 
        1.72421         13.9015         4.13174 
        1.73035         13.8749          4.0971 
        1.73649         13.8136         4.06286 
        1.74262         13.7368         4.02904 
        1.74876         13.6798         3.99559 
        1.75489         13.6296         3.96258 
        1.76101         13.5274         3.92997 
        1.76715         13.5181         3.89767 
        1.77329         13.4368          3.8657 
        1.77943         13.3532         3.83408 
        1.78557         13.3191         3.80285 
        1.79171         13.2696         3.77198 
        1.79785         13.1917         3.74144 
        1.80399         13.1325         3.71124 
        1.81012         13.0755         3.68142 
        1.81625         13.0013         3.65194 
        1.82239         12.9635         3.62275 
        1.82853         12.8678         3.59388 
        1.83466         12.8398         3.56537 
        1.84078         12.7505         3.53719 
        1.84692         12.7473         3.50927 
        1.85306         12.6745         3.48162 
         1.8592         12.6124         3.45431 
        1.86533         12.5689         3.42732 
        1.87147         12.5125         3.40058 
        1.87761         12.4637         3.37411 
        1.88375         12.4073         3.34796 
        1.88988         12.3688         3.32212 
        1.89601         12.3111         3.29654 
        1.90215          12.246          3.2712 
        1.90829         12.2013         3.24615 
        1.91442         12.1508         3.22135 
        1.92056         12.1117         3.19684 
         1.9267         12.0531         3.17256 
        1.93284         11.9945         3.14852 
        1.93897         11.9314         3.12477 
        1.94509         11.8989         3.10132 
        1.95123         11.8464         3.07805 
        1.95737         11.7929         3.05501 
        1.96349         11.7405         3.03226 
        1.96964         11.6989         3.00968 
        1.97578         11.6489         2.98731 
        1.98192         11.5943         2.96523 
        1.98805         11.5603         2.94336 
        1.99419         11.5112         2.92171 
        2.00033         11.4825         2.90027 
        2.00647         11.4289         2.87906 
         2.0126         11.3654         2.85809 
        2.01874         11.3244          2.8373 
        2.02488          11.273         2.81669 
        2.03101          11.235         2.79634 
        2.03714         11.1884          2.7762 
        2.04328         11.1453         2.75624 
        2.04941         11.1069         2.73649 
        2.05554         11.0572         2.71695 
        2.06167         11.0059         2.69758 
        2.06781         10.9851         2.67839 
        2.07396         10.9428         2.65936 
        2.08009         10.8818         2.64055 
        2.08622         10.8303         2.62195 
        2.09237         10.8251         2.60348 
        2.09851         10.7948          2.5852 
        2.10464         10.7345         2.56711 
        2.11077          10.671         2.54923 
        2.11691         10.6319         2.53148 
        2.12305          10.612         2.51389 
        2.12918           10.58         2.49651 
        2.13531         10.5182          2.4793 
        2.14145         10.4914         2.46221 
         2.1476         10.4323         2.44527 
        2.15372         10.4054         2.42856 
        2.15985         10.3915           2.412 
        2.16599         10.3291         2.39555 
        2.17213         10.3082         2.37926 
        2.17827         10.2689         2.36314 
         2.1844         10.2204         2.34717 
        2.19054         10.1642         2.33135 
        2.19666         10.1422          2.3157 
         2.2028          10.095         2.30018 
        2.20893          10.084         2.28479 
        2.21508         10.0259         2.26953 
        2.22122          9.9803          2.2544 
        2.22736         9.95805         2.23945 
        2.23349         9.92206         2.22463 
        2.23962         9.89449         2.20994 
        2.24577         9.84047         2.19536 
         2.2519         9.81795         2.18094 
        2.25802          9.7766         2.16668 
        2.26417         9.73563          2.1525 
        2.27031         9.70879         2.13843 
        2.27644         9.67455         2.12454 
        2.28257         9.64544         2.11076 
        2.28872         9.59718         2.09709 
        2.29486         9.57247         2.08354 
        2.30099         9.55329         2.07013 
        2.30712         9.52111         2.05684 
        2.31326         9.45389         2.04364 
         2.3194         9.42495         2.03057 
        2.32553         9.41691         2.01763 
        2.33166         9.37553         2.00481 
         2.3378         9.34838         1.99209 
        2.34394         9.30653         1.97947 
        2.35007         9.25393         1.96698 
        2.35619         9.23395         1.95462 
        2.36233         9.19982         1.94233 
        2.36848         9.17683         1.93012 
        2.37462         9.13618         1.91804 
        2.38075         9.11048         1.90608 
        2.38689         9.07439         1.89421 
        2.39303         9.03994         1.88244 
        2.39916          9.0175         1.87079 
        2.40529         8.98554         1.85923 
        2.41143          8.9496         1.84777 
        2.41757         8.94028         1.83639 
         2.4237         8.90037         1.82514 
        2.42983         8.87372         1.81397 
        2.43598         8.84934         1.80288 
        2.44211         8.81366         1.79189 
        2.44823         8.79183         1.78102 
        2.45437         8.75067         1.77021 
        2.46052         8.71001         1.75949 
        2.46665          8.6873         1.74887 
        2.47279         8.65579         1.73834 
        2.47892         8.62116         1.72789 
        2.48507         8.60102         1.71752 
         2.4912         8.56676         1.70725 
        2.49733         8.54413         1.69708 
        2.50347         8.52503         1.68696 
        2.50961         8.50319         1.67693 
        2.51575         8.46325         1.66699 
        2.52188         8.44184         1.65714 
        2.52802         8.40762         1.64736 
        2.53416         8.37727         1.63766 
        2.54029         8.34836         1.62805 
        2.54641         8.31683         1.61852 
        2.55255         8.29308         1.60906 
        2.55869          8.2721         1.59966 
        2.56483         8.25553         1.59034 
        2.57096         8.23466         1.58112 
        2.57709         8.20007         1.57196 
        2.58323         8.17222         1.56286 
        2.58937         8.13488         1.55384 
        2.59551         8.11076         1.54489 
        2.60164         8.09134         1.53602 
        2.60778         8.07464         1.52721 
        2.61392         8.04066         1.51848 
        2.62006          8.0142         1.50981 
        2.62619         7.98586         1.50122 
        2.63232          7.9664         1.49269 
        2.63846         7.93344         1.48423 
        2.64459         7.90908         1.47584 
        2.65072         7.88746         1.46751 
        2.65686         7.84965         1.45925 
          2.663         7.84248         1.45103 
        2.66915         7.81535         1.44289 
        2.67527         7.80058         1.43482 
        2.68141         7.76675         1.42681 
        2.68755           7.735         1.41886 
        2.69368         7.72777         1.41097 
        2.69981          7.6978         1.40315 
        2.70595         7.67667         1.39538 
        2.71209         7.66171         1.38766 
        2.71823         7.61305         1.38001 
        2.72436         7.60844         1.37242 
         2.7305         7.57224         1.36488 
        2.73663         7.56076         1.35741 
        2.74276         7.52143         1.34999 
         2.7489         7.51261         1.34263 
        2.75504         7.49336         1.33531 
        2.76118         7.46493         1.32804 
        2.76732          7.4396         1.32085 
        2.77345         7.42468          1.3137 
        2.77959         7.39545         1.30661 
        2.78572         7.36836         1.29957 
        2.79186         7.34742         1.29258 
        2.79798         7.32393         1.28566 
        2.80412         7.31303         1.27877 
        2.81027         7.28868         1.27192 
         2.8164         7.26342         1.26514 
        2.82253         7.24699         1.25841 
        2.82867         7.21865         1.25173 
        2.83481          7.2088         1.24509 
        2.84095         7.18043          1.2385 
        2.84708         7.15779         1.23196 
        2.85322         7.14547         1.22547 
        2.85935         7.12248         1.21902 
        2.86549         7.10351         1.21263 
        2.87162         7.08663         1.20628 
        2.87776          7.0627         1.19998 
        2.88389         7.04512         1.19371 
        2.89003         7.02459          1.1875 
        2.89617         6.99566         1.18133 
        2.90231         6.97946          1.1752 
        2.90844         6.95868         1.16912 
        2.91458         6.95027         1.16308 
        2.92071         6.92215         1.15709 
        2.92684          6.9022         1.15114 
        2.93298         6.88324         1.14523 
         2.9391         6.85944         1.13937 
        2.94524         6.84848         1.13354 
        2.95138         6.82193         1.12775 
        2.95752         6.79819           1.122 
        2.96367         6.78709         1.11629 
         2.9698         6.76583         1.11063 
        2.97594         6.74326           1.105 
        2.98207         6.73185         1.09941 
        2.98821         6.71618         1.09386 
        2.99434         6.69306         1.08836 
        3.00048         6.67628         1.08289 
        3.00662         6.65927         1.07745 
        3.01275         6.63854         1.07206 
        3.01888         6.62359         1.06671 
        3.02503         6.60183         1.06138 
        3.03117         6.58479         1.05609 
        3.03729         6.56741         1.05085 
        3.04342         6.54858         1.04564 
        3.04957         6.52684         1.04046 
         3.0557         6.52024         1.03532 
        3.06183         6.49837         1.03022 
        3.06796         6.47742         1.02515 
        3.07411         6.46632         1.02011 
        3.08025         6.45131          1.0151 
        3.08637         6.42601         1.01014 
         3.0925         6.42493         1.00521 
        3.09865         6.39754          1.0003 
         3.1048         6.38166        0.995425 
        3.11093         6.36982        0.990591 
        3.11706         6.33938        0.985791 
         3.1232         6.31914        0.981019 
        3.12933         6.31128        0.976277 
        3.13547         6.29963         0.97157 
        3.14159         6.29042          0.9669 
        3.14773          6.2651        0.962252 
        3.15388         6.25013         0.95763 
        3.16001         6.23042        0.953047 
        3.16614         6.22284        0.948496 
        3.17228         6.20859        0.943971 
        3.17842         6.18101        0.939475 
        3.18455         6.17215        0.935012 
        3.19068         6.15693        0.930579 
        3.19682         6.14047        0.926169 
        3.20297         6.12636        0.921787 
         3.2091         6.10426        0.917437 
        3.21524         6.09834        0.913115 
        3.22138         6.07816        0.908821 
         3.2275         6.06347        0.904561 
        3.23363         6.04435        0.900328 
        3.23977         6.02726        0.896116 
        3.24591         6.01956        0.891933 
        3.25205         6.01228        0.887772 
        3.25818         5.98797        0.883642 
        3.26432         5.97188        0.879539 
        3.27046         5.95435        0.875461 
         3.2766         5.94631        0.871409 
        3.28273         5.92626        0.867384 
        3.28887         5.92046        0.863385 
          3.295         5.90415        0.859412 
        3.30113         5.88231        0.855464 
        3.30727         5.87004        0.851539 
        3.31341          5.8525        0.847642 
        3.31954         5.84196        0.843769 
        3.32568         5.82768        0.839917 
        3.33182         5.81303         0.83609 
        3.33795         5.80552        0.832291 
        3.34409         5.79118        0.828511 
        3.35022         5.77875        0.824756 
        3.35636         5.75976        0.821027 
         3.3625          5.7495        0.817317 
        3.36864          5.7367        0.813631 
        3.37477         5.71636        0.809969 
        3.38091         5.71294        0.806332 
        3.38704         5.69506        0.802717 
        3.39318         5.68124        0.799122 
        3.39931         5.66421         0.79555 
        3.40545          5.6518        0.792001 
        3.41158          5.6374        0.788473 
        3.41772         5.62219        0.784967 
        3.42385         5.61049        0.781484 
        3.42998          5.6051        0.778022 
        3.43612         5.59395        0.774581 
        3.44226         5.57279        0.771158 
         3.4484         5.56609        0.767752 
        3.45453         5.54094        0.764375 
        3.46066         5.53543        0.761018 
        3.46681         5.52669        0.757674 
        3.47295         5.50726        0.754351 
        3.47908         5.49922        0.751057 
        3.48521         5.48251        0.747781 
        3.49135         5.47117        0.744519 
        3.49749         5.45847        0.741278 
        3.50362         5.44701        0.738058 
        3.50976         5.43231        0.734859 
        3.51589         5.42623        0.731677 
        3.52203         5.40805        0.728514 
        3.52816         5.40282        0.725374 
        3.53429         5.38793         0.72225 
        3.54043         5.38037        0.719139 
        3.54657         5.37334        0.716049 
        3.55271          5.3486         0.71298 
        3.55884         5.34011        0.709931 
        3.56498         5.33501        0.706894 
        3.57112         5.31405        0.703875 
        3.57725         5.30422        0.700878 
        3.58338         5.29669        0.697901 
        3.58952         5.29064        0.694937 
        3.59566         5.27446        0.691987 
         3.6018          5.2552        0.689058 
        3.60793         5.24691        0.686147 
        3.61407         5.23844        0.683254 
        3.62021         5.22611        0.680375 
        3.62634         5.21576        0.677514 
        3.63247         5.20906        0.674671 
        3.63861         5.19373        0.671844 
        3.64475         5.18098        0.669028 
        3.65089         5.16881        0.666232 
        3.65702         5.15646        0.663456 
        3.66316         5.15602        0.660691 
        3.66929         5.13701        0.657944 
        3.67543         5.12391        0.655213 
        3.68156         5.12104        0.652497 
        3.68769         5.10588        0.649796 
        3.69383         5.10038         0.64711 
        3.69997         5.08553        0.644439 
        3.70611         5.07277        0.641784 
        3.71224         5.06252        0.639144 
        3.71838         5.04953        0.636518 
        3.72451          5.0491        0.633909 
        3.73065         5.03523        0.631315 
        3.73678         5.01983        0.628735 
        3.74292         5.01321        0.626167 
        3.74906         5.00462        0.623615 
        3.75519         4.98625        0.621077 
        3.76133         4.97459        0.618554 
        3.76746         4.96934        0.616046 
         3.7736         4.96553        0.613552 
        3.77974         4.94985         0.61107 
        3.78588         4.94334          0.6086 
        3.79201         4.93007        0.606148 
        3.79814         4.92368        0.603709 
        3.80428         4.90833        0.601282 
        3.81042         4.90122        0.598868 
        3.81655         4.88945        0.596468 
        3.82268         4.88018        0.594084 
        3.82882         4.87272        0.591712 
        3.83496         4.85733         0.58935 
        3.84109         4.85287        0.587002 
        3.84723         4.84699        0.584668 
        3.85337         4.83208        0.582344 
        3.85951         4.82067        0.580033 
        3.86565         4.81397        0.577737 
        3.87178         4.80898        0.575455 
        3.87791         4.78956        0.573185 
        3.88405         4.77694        0.570925 
        3.89019         4.77188        0.568678 
        3.89632         4.76372        0.566444 
        3.90246         4.74523        0.564221 
         3.9086         4.74439        0.562009 
        3.91473         4.72611        0.559812 
        3.92086         4.73014        0.557629 
        3.92699         4.71826        0.555454 
        3.93313         4.71296        0.553289 
        3.93927         4.69859        0.551138 
         3.9454         4.68962        0.548998 
        3.95154         4.67883        0.546868 
        3.95768          4.6719        0.544749 
        3.96382         4.66162        0.542643 
        3.96995         4.64901        0.540548 
        3.97609         4.64459        0.538464 
        3.98222         4.63845        0.536393 
        3.98836         4.62502        0.534331 
         3.9945         4.61595         0.53228 
        4.00063         4.60921         0.53024 
        4.00677         4.59835         0.52821 
        4.01291         4.58871         0.52619 
        4.01904         4.57999        0.524184 
        4.02517         4.57429        0.522189 
        4.03131         4.56431          0.5202 
        4.03745         4.55376        0.518222 
        4.04358         4.54794        0.516257 
        4.04972         4.53403        0.514302 
        4.05585         4.52973        0.512356 
        4.06199         4.52367         0.51042 
        4.06812          4.5093        0.508495 
        4.07426         4.50802         0.50658 
         4.0804         4.49703        0.504673 
        4.08654         4.48371        0.502776 
        4.09267         4.47761        0.500891 
         4.0988          4.4637        0.499018 
        4.10494         4.45566        0.497151 
        4.11108         4.45029        0.495293 
        4.11721         4.43994        0.493447 
        4.12334         4.43403         0.49161 
        4.12948         4.42718        0.489782 
        4.13561         4.41681        0.487963 
        4.14176         4.41154        0.486151 
        4.14789          4.3983         0.48435 
        4.15403         4.39493        0.482559 
        4.16016         4.37806        0.480777 
         4.1663         4.37316        0.479004 
        4.17243         4.37036        0.477241 
        4.17857         4.35941        0.475485 
        4.18471         4.35412        0.473738 
        4.19084         4.33863        0.472001 
        4.19698         4.33427        0.470272 
        4.20312         4.32997        0.468552 
        4.20925         4.32376        0.466841 
        4.21538         4.31169        0.465139 
        4.22152         4.29673        0.463444 
        4.22766         4.29062        0.461758 
         4.2338         4.28809        0.460081 
        4.23993         4.28143        0.458413 
        4.24607         4.27132        0.456752 
         4.2522         4.26302        0.455099 
        4.25834          4.2605        0.453455 
        4.26447         4.24919        0.451821 
        4.27061         4.23856        0.450193 
        4.27674         4.22991        0.448574 
        4.28288         4.22494        0.446961 
        4.28902         4.21556        0.445357 
        4.29515         4.20617        0.443762 
        4.30129         4.19732        0.442174 
        4.30743         4.19475        0.440593 
        4.31356         4.18873        0.439021 
        4.31969         4.17916        0.437458 
        4.32583         4.16681        0.435902 
        4.33197         4.16212        0.434351 
         4.3381         4.15587        0.432809 
        4.34424         4.14827        0.431275 
        4.35038         4.14205        0.429747 
        4.35652         4.13869        0.428227 
        4.36265         4.12581        0.426717 
        4.36878         4.11767        0.425213 
        4.37492         4.11259        0.423715 
        4.38106         4.10033        0.422223 
        4.38719         4.09397        0.420742 
        4.39333         4.08658        0.419267 
        4.39946         4.07636        0.417799 
         4.4056         4.07294        0.416338 
        4.41173         4.06439        0.414883 
        4.41786         4.06468        0.413438 
          4.424          4.0466        0.411997 
        4.43014         4.04011        0.410562 
        4.43628         4.03664        0.409135 
        4.44241         4.02457        0.407715 
        4.44855         4.01949        0.406302 
        4.45469         4.01232        0.404894 
        4.46083         4.00663        0.403496 
        4.46696           4.001        0.402104 
        4.47309         3.99132        0.400717 
        4.47923         3.98893        0.399337 
        4.48537         3.98139        0.397964 
         4.4915         3.97173        0.396598 
        4.49764         3.96087        0.395237 
        4.50378         3.95276        0.393882 
        4.50991         3.94961        0.392536 
        4.51604         3.94055        0.391196 
        4.52218         3.93469         0.38986 
        4.52832         3.92607        0.388531 
        4.53445         3.91985         0.38721 
        4.54059         3.91545        0.385894 
        4.54673         3.90715        0.384583 
        4.55286          3.9016        0.383279 
          4.559         3.89406        0.381981 
        4.56513         3.88672         0.38069 
        4.57127         3.87951        0.379404 
        4.57741         3.87343        0.378124 
        4.58354         3.86613         0.37685 
        4.58968         3.85934        0.375583 
        4.59582         3.85269         0.37432 
        4.60195         3.84228        0.373064 
        4.60809         3.83993        0.371814 
        4.61422         3.83419        0.370569 
        4.62036         3.82853        0.369331 
        4.62649         3.81996        0.368097 
        4.63263          3.8125         0.36687 
        4.63876         3.80552        0.365648 
         4.6449         3.80028        0.364431 
        4.65104         3.79432         0.36322 
        4.65717           3.788        0.362016 
        4.66331         3.77948        0.360816 
        4.66944         3.77236        0.359621 
        4.67558         3.76469        0.358433 
        4.68171         3.76029         0.35725 
        4.68785          3.7565        0.356071 
        4.69399         3.74828        0.354898 
        4.70012         3.74599        0.353732 
        4.70625         3.73468         0.35257 
        4.71239         3.72793        0.351412 
        4.71853          3.7198        0.350261 
        4.72467         3.71577        0.349114 
         4.7308         3.71077        0.347973 
        4.73694         3.70441        0.346837 
        4.74308         3.69639        0.345705 
        4.74922         3.69247        0.344579 
        4.75535          3.6812        0.343458 
        4.76148         3.67689        0.342343 
        4.76762          3.6695        0.341231 
        4.77376         3.66494        0.340125 
        4.77989         3.65926        0.339025 
        4.78602         3.65395        0.337929 
        4.79216         3.64813        0.336837 
         4.7983         3.64623        0.335751 
        4.80443         3.63621         0.33467 
        4.81056         3.63022        0.333594 
         4.8167         3.62557        0.332521 
        4.82284         3.61331        0.331453 
        4.82898         3.61249        0.330391 
        4.83511         3.60623        0.329334 
        4.84125         3.59761         0.32828 
        4.84739         3.59501        0.327231 
        4.85352         3.59057        0.326188 
        4.85965         3.58046        0.325148 
        4.86579         3.57373        0.324114 
        4.87193         3.56691        0.323083 
        4.87807         3.56219        0.322057 
         4.8842         3.56145        0.321036 
        4.89034         3.55195        0.320019 
        4.89647         3.54494        0.319006 
        4.90261         3.54215        0.317998 
        4.90874          3.5364        0.316995 
        4.91488         3.52822        0.315996 
        4.92102         3.52379           0.315 
        4.92715         3.51715         0.31401 
        4.93329         3.51855        0.313024 
        4.93942         3.50683        0.312041 
        4.94556         3.50251        0.311063 
         4.9517         3.49436        0.310089 
        4.95783         3.48743        0.309119 
        4.96397         3.48406        0.308154 
        4.97011         3.48167        0.307193 
        4.97624         3.47244        0.306236 
        4.98238         3.46774        0.305283 
        4.98851         3.46086        0.304334 
        4.99465         3.45721        0.303389 
        5.00078         3.45198        0.302449 
        5.00691           3.445        0.301513 
        5.01305         3.43913         0.30058 
        5.01919         3.43447         0.29965 
        5.02533         3.42865        0.298725 
        5.03146          3.4244        0.297805 
         5.0376         3.42042        0.296888 
        5.04374           3.416        0.295974 
        5.04987         3.41338        0.295065 
        5.05601         3.40193        0.294159 
        5.06215         3.39939        0.293257 
        5.06829         3.39218        0.292359 
        5.07442         3.38982        0.291465 
        5.08055         3.38218        0.290576 
        5.08668         3.37701        0.289689 
        5.09282         3.37119        0.288806 
        5.09896         3.36951        0.287927 
        5.10509         3.36253        0.287052 
        5.11123         3.35636         0.28618 
        5.11736         3.35161        0.285312 
         5.1235         3.34694        0.284447 
        5.12964         3.34264        0.283586 
        5.13577         3.33653        0.282729 
        5.14191         3.33325        0.281875 
        5.14804         3.32873        0.281025 
        5.15418         3.32122        0.280179 
        5.16032         3.31782        0.279335 
        5.16645         3.31134        0.278495 
        5.17259         3.30995        0.277659 
        5.17872         3.30302        0.276826 
        5.18486         3.29857        0.275996 
          5.191          3.2958         0.27517 
        5.19713         3.28995        0.274348 
        5.20327         3.28361        0.273529 
        5.20941         3.28046        0.272713 
        5.21555         3.27709          0.2719 
        5.22168         3.26949        0.271091 
        5.22781         3.26367        0.270286 
        5.23395          3.2623        0.269483 
        5.24009         3.25968        0.268683 
        5.24622         3.25424        0.267888 
        5.25236         3.24771        0.267095 
         5.2585         3.24015        0.266305 
        5.26463         3.23989        0.265519 
        5.27077          3.2311        0.264736 
         5.2769          3.2296        0.263956 
        5.28304          3.2244        0.263179 
        5.28917         3.22208        0.262406 
         5.2953         3.21446        0.261636 
        5.30144          3.2115        0.260869 
        5.30757         3.20597        0.260104 
        5.31371         3.20494        0.259343 
        5.31985          3.2002        0.258584 
        5.32599          3.1936        0.257829 
        5.33213         3.19157        0.257076 
        5.33826         3.18783        0.256327 
         5.3444         3.18092        0.255581 
        5.35053         3.17652        0.254838 
        5.35667         3.17435        0.254098 
        5.36281         3.16955         0.25336 
        5.36894         3.16493        0.252626 
        5.37507         3.16202        0.251895 
        5.38121         3.15602        0.251167 
        5.38735         3.15112        0.250441 
        5.39348         3.14885        0.249719 
        5.39961          3.1479        0.248999 
        5.40575         3.14295        0.248282 
        5.41189         3.13899        0.247568 
        5.41803         3.13566        0.246856 
        5.42416         3.13202        0.246148 
         5.4303         3.12865        0.245442 
        5.43644         3.12334        0.244739 
        5.44257         3.11854         0.24404 
        5.44871         3.11531        0.243342 
        5.45484         3.11321        0.242647 
        5.46098         3.11077        0.241955 
        5.46712         3.10392        0.241266 
        5.47325         3.10312        0.240579 
        5.47938         3.10051        0.239896 
        5.48552         3.09528        0.239216 
        5.49165         3.08951        0.238537 
        5.49779         3.08706        0.237861 
        5.50393         3.08391        0.237188 
        5.51006         3.08066        0.236517 
         5.5162         3.07534        0.235849 
        5.52234         3.07531        0.235184 
        5.52847         3.07074        0.234521 
        5.53461         3.06756         0.23386 
        5.54075         3.06398        0.233203 
        5.54688         3.06182        0.232548 
        5.55302         3.05836        0.231895 
        5.55915         3.05046        0.231245 
        5.56529         3.04931        0.230597 
        5.57143         3.04775        0.229952 
        5.57756         3.04379        0.229309 
         5.5837         3.04026        0.228669 
        5.58983         3.03598        0.228032 
        5.59597         3.03468        0.227397 
         5.6021         3.03106        0.226764 
        5.60824         3.02937        0.226133 
        5.61438         3.02582        0.225505 
        5.62051         3.02564         0.22488 
        5.62665         3.02091        0.224256 
        5.63278         3.01876        0.223636 
        5.63892         3.01602        0.223017 
        5.64505         3.01144        0.222401 
        5.65119         3.00707        0.221787 
        5.65733         3.00561        0.221176 
        5.66346         3.00417        0.220567 
         5.6696         3.00166         0.21996 
        5.67573         3.00037        0.219355 
        5.68187         2.99678        0.218753 
          5.688         2.99455        0.218153 
        5.69414          2.9887        0.217556 
        5.70028         2.98665         0.21696 
        5.70642         2.98564        0.216366 
        5.71255         2.98236        0.215775 
        5.71869         2.97994        0.215187 
        5.72482         2.97808          0.2146 
        5.73096         2.97631        0.214016 
        5.73709         2.97112        0.213434 
        5.74322         2.96903        0.212854 
        5.74936         2.96804        0.212276 
         5.7555          2.9682          0.2117 
        5.76164         2.96506        0.211126 
        5.76777          2.9644        0.210555 
        5.77391         2.96098        0.209986 
        5.78005         2.95705        0.209418 
        5.78618          2.9567        0.208853 
        5.79231         2.95437        0.208291 
        5.79845         2.95237         0.20773 
        5.80459         2.94868         0.20717 
        5.81073         2.94853        0.206614 
        5.81686         2.94595        0.206059 
          5.823         2.94298        0.205506 
        5.82914         2.94245        0.204956 
        5.83527         2.94039        0.204407 
         5.8414         2.93839        0.203861 
        5.84754          2.9377        0.203316 
        5.85368         2.93755        0.202773 
        5.85981         2.93279        0.202233 
        5.86595         2.93359        0.201694 
        5.87208         2.92841        0.201158 
        5.87822         2.92878        0.200623 
        5.88435         2.92785        0.200091 
        5.89049         2.92635         0.19956 
        5.89662         2.92898        0.199031 
        5.90276         2.92041        0.198504 
         5.9089         2.92426        0.197979 
        5.91503         2.92139        0.197456 
        5.92117         2.91833        0.196935 
        5.92731          2.9199        0.196415 
        5.93344         2.91866        0.195898 
        5.93958         2.91844        0.195382 
        5.94572         2.91554        0.194868 
        5.95186         2.91415        0.194356 
        5.95799         2.91449        0.193847 
        5.96412         2.91089        0.193339 
        5.97026         2.91374        0.192832 
         5.9764         2.91029        0.192328 
        5.98253          2.9097        0.191826 
        5.98866         2.90966        0.191325 
         5.9948         2.90774        0.190825 
        6.00094         2.90829        0.190328 
        6.00707         2.90724        0.189833 
        6.01321         2.90738        0.189339 
        6.01935         2.90766        0.188847 
        6.02548         2.90602        0.188356 
        6.03162         2.90571        0.187868 
        6.03775         2.90433        0.187382 
        6.04389         2.90589        0.186897 
        6.05003         2.90495        0.186413 
        6.05617         2.90475        0.185931 
         6.0623         2.90227        0.185451 
        6.06844         2.90274        0.184973 
        6.07457         2.90407        0.184497 
         6.0807         2.90471        0.184022 
        6.08684         2.90366         0.18355 
        6.09298         2.90449        0.183078 
        6.09912         2.90288        0.182608 
        6.10525         2.90524         0.18214 
        6.11138         2.90318        0.181674 
        6.11752         2.90452        0.181209 
        6.12366         2.90309        0.180745 
        6.12979          2.9056        0.180284 
        6.13593         2.90456        0.179824 
        6.14207         2.90256        0.179366 
         6.1482         2.90763        0.178909 
        6.15434         2.90773        0.178454 
        6.16047          2.9044        0.178001 
        6.16661         2.90894        0.177549 
        6.17274         2.90638        0.177098 
        6.17887           2.909         0.17665 
        6.18501          2.9086        0.176202 
        6.19115         2.90938        0.175756 
        6.19729         2.91049        0.175312 
        6.20342          2.9111        0.174869 
        6.20956         2.91173        0.174428 
         6.2157         2.91422        0.173989 
        6.22183         2.91286        0.173551 
        6.22797         2.91519        0.173114 
         6.2341          2.9169        0.172679 
        6.24024         2.91765        0.172246 
        6.24638         2.92074        0.171814 
        6.25251         2.92104        0.171383 
        6.25865         2.91864        0.170954 
        6.26478          2.9238        0.170527 
        6.27092         2.92423        0.170101 
        6.27705         2.92469        0.169676 
        6.28318         2.92625        0.169253 
