# k  (h/Mpc)    Pcb(k)  (Mpc/h)^3    Pcb_linear(k)  (Mpc/h)^3
     0.00783031         1341.32         1356.36 
       0.013688         1470.82          1473.2 
       0.019231         1322.82         1321.82 
      0.0249154         1069.96         1073.56 
      0.0312784         805.892          803.58 
      0.0375637          607.69         603.864 
      0.0433917         487.614         486.233 
      0.0492413         421.516         419.822 
      0.0555754         382.777         383.835 
      0.0619321         363.991         362.263 
       0.067871         338.267         339.372 
      0.0738098         305.736         306.672 
      0.0800417         262.315         263.317 
      0.0862327         218.945         218.534 
      0.0921407         182.634         181.564 
      0.0982031         154.353          153.75 
       0.104506         137.933         136.195 
       0.110769         129.051         127.768 
       0.116806         124.911         124.435 
       0.122832         122.658         121.954 
       0.129052         117.075         117.137 
       0.135211         108.805         108.775 
       0.141259         98.4574         97.7829 
       0.147318         87.0545         85.9368 
       0.153489         76.0848          75.096 
       0.159709         67.9283         66.7937 
       0.165845         62.9912         61.5171 
       0.171974         59.5394         58.6503 
       0.178125         58.1918         57.2166 
       0.184229         57.0215         56.1247 
        0.19034         54.8458         54.4597 
       0.196428         52.4953         51.7899 
       0.202534         49.3195         48.1909 
       0.208729         45.0517         44.0932 
       0.214876         41.0632         40.1954 
       0.220989         38.0686         36.9538 
       0.227147         35.4627         34.5383 
        0.23329         33.8173         32.9251 
       0.239377         32.8356         31.8746 
       0.245482         31.6753          31.053 
       0.251667         31.0457         30.1623 
       0.257832         29.8299         29.0261 
       0.263955         28.4715         27.6181 
       0.270079         26.8896         26.0302 
        0.27624         25.4597         24.4136 
       0.282372         24.0562         22.9466 
        0.28843          22.711         21.7321 
       0.294538         21.7149         20.7675 
       0.300721         21.0775         20.0125 
        0.30691         20.2893         19.3913 
       0.313033         19.6852         18.8165 
       0.319153         18.8865          18.208 
       0.325316         18.4533         17.5289 
        0.33145         17.6605         16.7937 
       0.337538         16.9394         16.0433 
       0.343633         16.1428         15.3177 
       0.349808         15.5463         14.6471 
       0.355968         14.9741         14.0652 
       0.362074         14.4415         13.5696 
       0.368217         13.9893         13.1366 
       0.374374         13.5333         12.7396 
       0.380519         13.1864         12.3546 
       0.386598         12.8166         11.9693 
       0.392688         12.4666         11.5711 
        0.39888         12.0108         11.1609 
       0.405048         11.6215         10.7582 
       0.411186         11.2502         10.3749 
       0.417313         10.8554         10.0208 
       0.423458         10.5384         9.69671 
       0.429607         10.2156          9.4003 
       0.435692         9.91078         9.12957 
       0.441815         9.65493         8.87126 
       0.447964         9.44564         8.61827 
       0.454126         9.11692         8.36803 
       0.460267         8.89936         8.12137 
       0.466387         8.60577         7.87887 
        0.47254          8.4031         7.64193 
       0.478662          8.2125         7.41685 
       0.484765         7.93416         7.20484 
       0.490885         7.73895         7.00423 
       0.497035         7.61436         6.81401 
       0.503198         7.38496         6.63324 
       0.509342          7.2001         6.46025 
       0.515458         7.02011          6.2929 
       0.521598         6.86023         6.12856 
       0.527764         6.66679         5.96764 
       0.533884         6.55499         5.81245 
           0.54         6.37965         5.66233 
       0.546137         6.24164         5.51706 
       0.552299         6.10534         5.37711 
       0.558452         5.92329         5.24354 
       0.564573         5.81842         5.11637 
       0.570708         5.68786         4.99374 
       0.576825         5.54295         4.87544 
       0.582926         5.43179         4.76083 
       0.589034         5.27924         4.64924 
       0.595184         5.18716         4.54016 
       0.601379         5.06294         4.43365 
       0.607522         4.98044         4.33132 
       0.613639         4.89534         4.23268 
       0.619772         4.75457         4.13698 
       0.625918         4.69632         4.04424 
       0.632068         4.61589         3.95455 
       0.638161         4.49457         3.86859 
         0.6443         4.40139          3.7847 
       0.650464         4.30148         3.70302 
       0.656582         4.25162         3.62426 
       0.662703         4.16419          3.5476 
       0.668861         4.08842         3.47261 
       0.675024         4.00067         3.39965 
       0.681124         3.92199          3.3295 
       0.687237         3.85691         3.26125 
       0.693381         3.79028         3.19468 
       0.699536          3.6866         3.12995 
       0.705665         3.63565         3.06737 
       0.711789         3.57096          3.0066 
       0.717957         3.50021         2.94708 
        0.72409         3.43719         2.88949 
       0.730186         3.38098         2.83376 
       0.736317         3.34324         2.77917 
       0.742472         3.28482          2.7258 
       0.748622         3.21801         2.67387 
        0.75476          3.1552         2.62341 
       0.760888         3.10223         2.57435 
       0.767043         3.06175         2.52636 
       0.773185         2.99558         2.47972 
       0.779291         2.96134         2.43454 
       0.785407         2.90882         2.39044 
       0.791564         2.86676         2.34717 
       0.797719         2.81743           2.305 
       0.803834         2.78651         2.26414 
       0.809972         2.74242         2.22413 
       0.816124         2.68749           2.185 
       0.822261          2.6348         2.14691 
       0.828378          2.6014         2.10985 
       0.834502         2.57687         2.07364 
       0.840667         2.51889         2.03804 
       0.846816         2.47692         2.00339 
       0.852925         2.45585         1.96976 
       0.859047          2.4158         1.93683 
       0.865192         2.38296         1.90456 
       0.871341         2.35306           1.873 
       0.877463         2.31725          1.8423 
       0.883569         2.27383         1.81237 
       0.889708         2.24019         1.78296 
       0.895864         2.20541         1.75413 
       0.902008         2.17625         1.72599 
       0.908149         2.15298          1.6985 
       0.914301         2.11211         1.67156 
       0.920448          2.0836         1.64523 
       0.926574          2.0526         1.61956 
       0.932687         2.02519          1.5945 
       0.938823         2.00164         1.56988 
       0.944975         1.97568         1.54573 
       0.951105         1.95015         1.52217 
       0.957225         1.93598         1.49915 
       0.963368         1.90601         1.47652 
       0.969511         1.87502         1.45437 
       0.975621         1.84802         1.43279 
       0.981748         1.82871          1.4116 
       0.987916         1.80321          1.3907 
        0.99406         1.77199         1.37031 
        1.00019         1.75536         1.35036 
        1.00632         1.73312         1.33084 
        1.01246         1.71188         1.31167 
        1.01859         1.68968         1.29291 
        1.02471         1.66825         1.27455 
        1.03085         1.64729         1.25648 
        1.03698         1.62417          1.2388 
        1.04314         1.60811         1.22139 
        1.04929         1.58804         1.20435 
        1.05541          1.5693         1.18771 
        1.06154         1.54883         1.17134 
        1.06769         1.53635         1.15525 
        1.07382         1.51183         1.13953 
        1.07993         1.49097         1.12413 
        1.08607         1.48251         1.10895 
        1.09222          1.4598         1.09404 
        1.09836         1.44651         1.07942 
        1.10449         1.43085         1.06509 
        1.11063           1.408           1.051 
        1.11677         1.39402         1.03717 
         1.1229         1.37935         1.02362 
        1.12903         1.36194         1.01029 
        1.13518         1.34812        0.997197 
        1.14131         1.32943        0.984339 
        1.14745          1.3083        0.971715 
        1.15359         1.30031        0.959311 
        1.15973         1.28066        0.947118 
        1.16584          1.2734        0.935193 
        1.17197         1.25809        0.923456 
        1.17811         1.24797        0.911886 
        1.18424         1.23358        0.900548 
        1.19038         1.21895         0.88937 
        1.19652          1.2049        0.878387 
        1.20267         1.19452        0.867591 
        1.20881         1.18007        0.856978 
        1.21495         1.16907         0.84656 
        1.22108         1.15719        0.836317 
         1.2272         1.14805        0.826269 
        1.23334          1.1324        0.816363 
        1.23949         1.11929        0.806596 
        1.24562         1.11068        0.797017 
        1.25174         1.09877        0.787608 
        1.25789         1.08775        0.778323 
        1.26402         1.07439        0.769205 
        1.27014         1.06434        0.760255 
        1.27628         1.05785        0.751421 
        1.28244         1.04316        0.742711 
        1.28858         1.03482        0.734151 
        1.29471         1.02286        0.725745 
        1.30084         1.01085        0.717479 
        1.30697         1.00484        0.709329 
        1.31312        0.989744        0.701294 
        1.31925        0.982948        0.693409 
        1.32537           0.973        0.685654 
        1.33151         0.96631        0.677989 
        1.33765        0.954183        0.670446 
        1.34378         0.94605        0.663033 
        1.34992        0.938677        0.655727 
        1.35606        0.925321        0.648516 
         1.3622        0.920511        0.641426 
        1.36833        0.910221        0.634459 
        1.37445        0.899922        0.627599 
        1.38059        0.894779         0.62082 
        1.38675        0.889194        0.614125 
        1.39288         0.87859        0.607555 
        1.39901        0.869007        0.601084 
        1.40515        0.861624        0.594693 
         1.4113        0.854425        0.588397 
        1.41742        0.846542        0.582216 
        1.42355        0.841736        0.576113 
         1.4297        0.831146        0.570079 
        1.43585        0.824341        0.564134 
        1.44198        0.819803        0.558296 
        1.44809         0.80985        0.552553 
        1.45423        0.803158        0.546869 
        1.46036        0.795857        0.541275 
        1.46649        0.789428        0.535757 
        1.47263         0.78138        0.530313 
        1.47877        0.774593        0.524946 
        1.48491        0.768061        0.519646 
        1.49104        0.761352         0.51443 
        1.49718        0.756351        0.509282 
        1.50333        0.747803        0.504196 
        1.50947        0.743155         0.49919 
         1.5156        0.736439        0.494259 
        1.52172        0.729707        0.489396 
        1.52787        0.722863        0.484588 
          1.534        0.717368         0.47985 
        1.54013        0.710737        0.475181 
        1.54627        0.705198        0.470566 
        1.55241        0.698633        0.466011 
        1.55855        0.693754        0.461523 
        1.56467        0.689381        0.457107 
         1.5708        0.681247        0.452736 
        1.57695        0.678358        0.448416 
        1.58308          0.6722        0.444162 
        1.58922         0.66617         0.43996 
        1.59535        0.661274        0.435814 
         1.6015        0.655181        0.431716 
        1.60764        0.651457        0.427672 
        1.61376        0.646087        0.423691 
        1.61989        0.640493        0.419758 
        1.62604        0.634344        0.415865 
        1.63218        0.631775        0.412025 
        1.63831        0.625467        0.408241 
        1.64444        0.620638        0.404504 
        1.65059        0.616071        0.400805 
        1.65673        0.609788        0.397156 
        1.66285        0.606371        0.393562 
        1.66898        0.603849        0.390012 
        1.67512        0.596117        0.386499 
        1.68127        0.591636        0.383026 
         1.6874        0.589741        0.379604 
        1.69353        0.583183        0.376225 
        1.69967        0.577965        0.372879 
        1.70581        0.575709        0.369576 
        1.71193        0.570322        0.366325 
        1.71806        0.567424        0.363107 
        1.72421        0.562525         0.35992 
        1.73035        0.557446        0.356776 
        1.73649        0.554589         0.35367 
        1.74262        0.550353        0.350603 
        1.74876        0.545617        0.347571 
        1.75489        0.540228         0.34458 
        1.76101        0.537626        0.341626 
        1.76715        0.533976        0.338703 
        1.77329        0.530593         0.33581 
        1.77943        0.525246         0.33295 
        1.78557        0.521531        0.330127 
        1.79171        0.519325        0.327337 
        1.79785        0.514493        0.324578 
        1.80399        0.511481        0.321852 
        1.81012        0.508136         0.31916 
        1.81625        0.504076        0.316501 
        1.82239        0.500993        0.313868 
        1.82853         0.49569        0.311266 
        1.83466        0.493104        0.308696 
        1.84078        0.489291        0.306158 
        1.84692        0.487341        0.303644 
        1.85306        0.483998        0.301156 
         1.8592        0.480043        0.298699 
        1.86533        0.476936        0.296271 
        1.87147        0.473663        0.293867 
        1.87761        0.470086        0.291488 
        1.88375        0.466732        0.289139 
        1.88988        0.464623        0.286818 
        1.89601        0.460602        0.284521 
        1.90215         0.45713        0.282248 
        1.90829        0.453481        0.280001 
        1.91442         0.45173        0.277777 
        1.92056        0.448462         0.27558 
         1.9267        0.444878        0.273405 
        1.93284        0.443487        0.271251 
        1.93897         0.43884        0.269125 
        1.94509        0.436963        0.267027 
        1.95123         0.43341        0.264945 
        1.95737        0.430816        0.262884 
        1.96349        0.427567         0.26085 
        1.96964        0.425579        0.258832 
        1.97578        0.422076        0.256834 
        1.98192        0.420016        0.254862 
        1.98805        0.417002         0.25291 
        1.99419        0.415044        0.250978 
        2.00033        0.413079        0.249066 
        2.00647         0.40902        0.247174 
         2.0126        0.406769        0.245304 
        2.01874        0.404322        0.243452 
        2.02488        0.402414        0.241616 
        2.03101        0.398134        0.239804 
        2.03714         0.39559        0.238011 
        2.04328        0.394951        0.236235 
        2.04941        0.391398        0.234478 
        2.05554        0.388952         0.23274 
        2.06167        0.386327        0.231018 
        2.06781        0.383861        0.229313 
        2.07396        0.381239        0.227623 
        2.08009        0.379085        0.225952 
        2.08622        0.376923          0.2243 
        2.09237        0.375049        0.222662 
        2.09851        0.372753         0.22104 
        2.10464        0.370811        0.219436 
        2.11077        0.368485         0.21785 
        2.11691        0.365671        0.216277 
        2.12305        0.363742        0.214719 
        2.12918        0.361797         0.21318 
        2.13531        0.359031        0.211656 
        2.14145        0.357703        0.210143 
         2.1476        0.354634        0.208643 
        2.15372        0.353515        0.207166 
        2.15985        0.350299        0.205701 
        2.16599        0.348081        0.204246 
        2.17213         0.34647        0.202807 
        2.17827         0.34517        0.201382 
         2.1844        0.343056        0.199972 
        2.19054        0.341154        0.198575 
        2.19666        0.338815        0.197193 
         2.2028        0.336836        0.195823 
        2.20893        0.335425        0.194466 
        2.21508         0.33314         0.19312 
        2.22122        0.329736        0.191786 
        2.22736        0.328909        0.190467 
        2.23349        0.328028        0.189161 
        2.23962        0.325435        0.187867 
        2.24577        0.323175        0.186584 
         2.2519        0.321442        0.185314 
        2.25802        0.319437        0.184059 
        2.26417        0.317737        0.182811 
        2.27031        0.316062        0.181574 
        2.27644        0.314371        0.180352 
        2.28257        0.312964        0.179141 
        2.28872        0.310928        0.177939 
        2.29486        0.309153        0.176749 
        2.30099        0.307023        0.175571 
        2.30712        0.305505        0.174404 
        2.31326         0.30423        0.173245 
         2.3194        0.303448        0.172098 
        2.32553          0.3014        0.170963 
        2.33166        0.299482        0.169839 
         2.3378        0.297873        0.168723 
        2.34394        0.295323        0.167617 
        2.35007        0.294321        0.166522 
        2.35619        0.293069        0.165438 
        2.36233        0.290642        0.164362 
        2.36848        0.289521        0.163293 
        2.37462        0.287768        0.162235 
        2.38075        0.286802        0.161188 
        2.38689         0.28507         0.16015 
        2.39303        0.283584         0.15912 
        2.39916        0.281733        0.158101 
        2.40529        0.280471        0.157091 
        2.41143        0.279029        0.156089 
        2.41757        0.277674        0.155095 
         2.4237        0.276233        0.154112 
        2.42983        0.274832        0.153137 
        2.43598        0.273613        0.152168 
        2.44211        0.272421        0.151209 
        2.44823        0.270676        0.150261 
        2.45437        0.269031        0.149318 
        2.46052         0.26799        0.148382 
        2.46665        0.266407        0.147456 
        2.47279        0.265013        0.146538 
        2.47892        0.263397        0.145627 
        2.48507        0.262304        0.144724 
         2.4912        0.261064        0.143829 
        2.49733        0.259495        0.142943 
        2.50347         0.25851        0.142063 
        2.50961        0.256988        0.141189 
        2.51575        0.256074        0.140324 
        2.52188         0.25469        0.139467 
        2.52802        0.253258        0.138616 
        2.53416        0.252042        0.137772 
        2.54029        0.250755        0.136937 
        2.54641        0.249671        0.136109 
        2.55255        0.248155        0.135286 
        2.55869        0.246877         0.13447 
        2.56483        0.246059        0.133661 
        2.57096        0.244888        0.132859 
        2.57709        0.243472        0.132064 
        2.58323        0.242275        0.131275 
        2.58937        0.240912        0.130492 
        2.59551        0.239874        0.129716 
        2.60164        0.238888        0.128947 
        2.60778        0.237605        0.128183 
        2.61392         0.23641        0.127425 
        2.62006        0.235217        0.126674 
        2.62619        0.234194         0.12593 
        2.63232        0.233047        0.125191 
        2.63846        0.231959        0.124458 
        2.64459        0.231189        0.123731 
        2.65072        0.230236        0.123011 
        2.65686         0.22896        0.122295 
          2.663        0.227397        0.121585 
        2.66915        0.226735         0.12088 
        2.67527        0.225819        0.120182 
        2.68141        0.224614        0.119489 
        2.68755        0.223426        0.118802 
        2.69368        0.222441         0.11812 
        2.69981        0.221773        0.117444 
        2.70595         0.22064        0.116772 
        2.71209        0.219602        0.116105 
        2.71823        0.218271        0.115445 
        2.72436        0.217329         0.11479 
         2.7305        0.216753        0.114139 
        2.73663        0.215576        0.113494 
        2.74276        0.214788        0.112854 
         2.7489        0.213944        0.112219 
        2.75504        0.213085        0.111588 
        2.76118        0.211784        0.110961 
        2.76732        0.210786         0.11034 
        2.77345        0.210094        0.109724 
        2.77959        0.208873        0.109113 
        2.78572        0.208429        0.108507 
        2.79186        0.207337        0.107905 
        2.79798        0.206767        0.107309 
        2.80412        0.205908        0.106715 
        2.81027        0.204773        0.106126 
         2.8164        0.203982        0.105543 
        2.82253        0.202518        0.104963 
        2.82867        0.202073        0.104388 
        2.83481        0.201284        0.103817 
        2.84095        0.200352        0.103251 
        2.84708        0.199827        0.102689 
        2.85322        0.198396        0.102131 
        2.85935        0.197613        0.101577 
        2.86549        0.197197        0.101027 
        2.87162        0.196252        0.100482 
        2.87776        0.195826       0.0999402 
        2.88389        0.194649       0.0994023 
        2.89003        0.193922       0.0988689 
        2.89617        0.193182        0.098339 
        2.90231        0.192321       0.0978131 
        2.90844        0.191835       0.0972911 
        2.91458        0.190505        0.096773 
        2.92071        0.190256       0.0962593 
        2.92684        0.189113       0.0957488 
        2.93298        0.188453       0.0952422 
         2.9391        0.187952       0.0947399 
        2.94524        0.187025       0.0942405 
        2.95138        0.186427       0.0937445 
        2.95752        0.185665       0.0932516 
        2.96367         0.18498       0.0927622 
         2.9698        0.184583       0.0922773 
        2.97594        0.183619       0.0917954 
        2.98207        0.182609        0.091317 
        2.98821        0.182095       0.0908424 
        2.99434        0.181383       0.0903712 
        3.00048        0.180619        0.089903 
        3.00662        0.180009        0.089438 
        3.01275        0.179442        0.088977 
        3.01888        0.178865       0.0885191 
        3.02503        0.178064       0.0880637 
        3.03117        0.177426       0.0876117 
        3.03729        0.176795       0.0871641 
        3.04342        0.176097        0.086719 
        3.04957        0.175402       0.0862761 
         3.0557        0.174853       0.0858369 
        3.06183        0.174218       0.0854017 
        3.06796        0.173797       0.0849688 
        3.07411        0.173073       0.0845381 
        3.08025        0.172702       0.0841111 
        3.08637         0.17197       0.0836879 
         3.0925        0.171321       0.0832669 
        3.09865        0.170708        0.082848 
         3.1048         0.17015       0.0824321 
        3.11093        0.169594       0.0820199 
        3.11706        0.168856       0.0816106 
         3.1232        0.168563       0.0812037 
        3.12933        0.167877       0.0807996 
        3.13547        0.167164       0.0803985 
        3.14159        0.166556       0.0800006 
        3.14773        0.166292       0.0796046 
        3.15388        0.165681       0.0792109 
        3.16001        0.165323       0.0788206 
        3.16614         0.16468       0.0784331 
        3.17228        0.164378       0.0780478 
        3.17842        0.163709       0.0776652 
        3.18455        0.163394       0.0772854 
        3.19068        0.162729       0.0769082 
        3.19682        0.162251        0.076533 
        3.20297         0.16171       0.0761603 
         3.2091        0.161296       0.0757904 
        3.21524        0.160939       0.0754229 
        3.22138        0.160332       0.0750579 
         3.2275        0.159757       0.0746958 
        3.23363        0.159528       0.0743361 
        3.23977        0.159188       0.0739782 
        3.24591        0.158719       0.0736228 
        3.25205        0.158402       0.0732694 
        3.25818        0.157756       0.0729186 
        3.26432        0.157292       0.0725702 
        3.27046        0.157018        0.072224 
         3.2766        0.156516       0.0718801 
        3.28273        0.156298       0.0715385 
        3.28887        0.155738       0.0711992 
          3.295        0.155304        0.070862 
        3.30113        0.155009       0.0705271 
        3.30727        0.154476       0.0701943 
        3.31341        0.154319       0.0698638 
        3.31954        0.153797       0.0695354 
        3.32568        0.153564       0.0692088 
        3.33182        0.153329       0.0688845 
        3.33795        0.152812       0.0685625 
        3.34409        0.152825       0.0682421 
        3.35022        0.152585        0.067924 
        3.35636        0.152057       0.0676081 
         3.3625        0.151888       0.0672939 
        3.36864        0.151389       0.0669818 
        3.37477         0.15116       0.0666717 
        3.38091        0.151014       0.0663638 
        3.38704        0.150704       0.0660578 
        3.39318        0.150384       0.0657536 
        3.39931        0.149975       0.0654513 
        3.40545        0.149951        0.065151 
        3.41158        0.149736       0.0648526 
        3.41772        0.149468       0.0645561 
        3.42385        0.149028       0.0642616 
        3.42998        0.148937       0.0639689 
        3.43612        0.148977        0.063678 
        3.44226        0.148746       0.0633887 
         3.4484        0.148551       0.0631008 
        3.45453        0.148421       0.0628154 
        3.46066        0.148058       0.0625319 
        3.46681        0.147697       0.0622494 
        3.47295        0.147699       0.0619687 
        3.47908        0.147699       0.0616906 
        3.48521        0.147356       0.0614139 
        3.49135        0.147362       0.0611386 
        3.49749        0.147239       0.0608651 
        3.50362        0.146945       0.0605933 
        3.50976        0.147072       0.0603233 
        3.51589        0.146858       0.0600549 
        3.52203        0.146723        0.059788 
        3.52816        0.146721       0.0595232 
        3.53429        0.146607       0.0592597 
        3.54043        0.146533       0.0589975 
        3.54657          0.1464       0.0587369 
        3.55271        0.146373       0.0584782 
        3.55884         0.14623       0.0582212 
        3.56498        0.146211       0.0579653 
        3.57112        0.146345       0.0577109 
        3.57725        0.146186       0.0574584 
        3.58338        0.146295       0.0572076 
        3.58952        0.146286       0.0569579 
        3.59566        0.146255       0.0567095 
         3.6018        0.146048       0.0564629 
        3.60793        0.146318       0.0562178 
        3.61407        0.146316       0.0559743 
        3.62021        0.146467        0.055732 
        3.62634        0.146342       0.0554912 
        3.63247        0.146541        0.055252 
        3.63861        0.146445       0.0550141 
        3.64475        0.146481       0.0547772 
        3.65089         0.14688       0.0545421 
        3.65702        0.146782       0.0543086 
        3.66316        0.146744       0.0540761 
        3.66929        0.147081       0.0538452 
        3.67543        0.146991       0.0536156 
        3.68156        0.147252       0.0533874 
        3.68769        0.147177       0.0531604 
        3.69383        0.147297       0.0529346 
        3.69997        0.147419       0.0527102 
        3.70611        0.147799       0.0524873 
        3.71224        0.147903       0.0522655 
        3.71838        0.148057        0.052045 
        3.72451        0.148292       0.0518259 
        3.73065        0.148475       0.0516082 
        3.73678        0.148744       0.0513916 
        3.74292        0.148634        0.051176 
        3.74906        0.149037       0.0509618 
        3.75519        0.149216       0.0507489 
        3.76133        0.149444       0.0505372 
        3.76746        0.149848       0.0503268 
         3.7736        0.150049       0.0501177 
        3.77974        0.150352       0.0499095 
        3.78588        0.150331       0.0497024 
        3.79201        0.150871       0.0494968 
        3.79814        0.151189       0.0492923 
        3.80428        0.151402       0.0490889 
        3.81042        0.151665       0.0488866 
        3.81655        0.151965       0.0486855 
        3.82268        0.152391       0.0484857 
        3.82882        0.153017       0.0482869 
        3.83496        0.153369       0.0480891 
        3.84109         0.15348       0.0478925 
        3.84723        0.154005        0.047697 
        3.85337        0.154088       0.0475024 
        3.85951        0.154528       0.0473089 
        3.86565        0.155282       0.0471167 
        3.87178        0.155451       0.0469257 
        3.87791        0.155539       0.0467357 
        3.88405        0.156312       0.0465465 
        3.89019        0.156771       0.0463585 
        3.89632        0.157145       0.0461716 
        3.90246        0.157818       0.0459856 
         3.9086         0.15825       0.0458006 
        3.91473        0.158947       0.0456169 
        3.92086        0.159266       0.0454343 
        3.92699        0.160049       0.0452524 
        3.93313        0.160337       0.0450715 
        3.93927        0.160987       0.0448917 
         3.9454        0.161555       0.0447128 
        3.95154         0.16201       0.0445348 
        3.95768        0.162704       0.0443578 
        3.96382        0.163608       0.0441818 
        3.96995        0.163925       0.0440068 
        3.97609        0.164229       0.0438327 
        3.98222        0.165355       0.0436598 
        3.98836        0.165711       0.0434876 
         3.9945        0.166346       0.0433163 
        4.00063        0.166963       0.0431461 
        4.00677        0.167824       0.0429766 
        4.01291        0.168091        0.042808 
        4.01904        0.169325       0.0426406 
        4.02517        0.169682       0.0424742 
        4.03131        0.170821       0.0423082 
        4.03745        0.171279       0.0421432 
        4.04358        0.172044       0.0419793 
        4.04972        0.172888       0.0418162 
        4.05585         0.17349       0.0416539 
        4.06199        0.174575       0.0414925 
        4.06812        0.175104        0.041332 
        4.07426        0.176045       0.0411723 
         4.0804        0.177288       0.0410134 
        4.08654        0.177884       0.0408553 
        4.09267        0.178866       0.0406982 
         4.0988        0.179212       0.0405421 
        4.10494        0.180431       0.0403866 
        4.11108        0.181281       0.0402318 
        4.11721        0.182228        0.040078 
        4.12334        0.183009        0.039925 
        4.12948        0.184349       0.0397728 
        4.13561         0.18553       0.0396213 
        4.14176        0.186083       0.0394704 
        4.14789        0.187614       0.0393205 
        4.15403        0.188511       0.0391714 
        4.16016         0.18906       0.0390231 
         4.1663        0.190629       0.0388755 
        4.17243        0.191495       0.0387288 
        4.17857        0.192531       0.0385827 
        4.18471         0.19409       0.0384374 
        4.19084        0.194662       0.0382929 
        4.19698        0.196555       0.0381491 
        4.20312        0.196902        0.038006 
        4.20925         0.19833       0.0378637 
        4.21538        0.199524       0.0377222 
        4.22152        0.201199       0.0375813 
        4.22766        0.202192       0.0374411 
         4.2338        0.203107       0.0373018 
        4.23993        0.204868       0.0371631 
        4.24607         0.20559       0.0370251 
         4.2522        0.207582       0.0368878 
        4.25834        0.208544       0.0367512 
        4.26447        0.209595       0.0366154 
        4.27061        0.211525       0.0364802 
        4.27674        0.211982       0.0363457 
        4.28288        0.214011       0.0362118 
        4.28902        0.215253       0.0360786 
        4.29515        0.217039       0.0359462 
        4.30129        0.218371       0.0358144 
        4.30743        0.220029       0.0356831 
        4.31356        0.221649       0.0355526 
        4.31969        0.223086       0.0354229 
        4.32583        0.224129       0.0352938 
        4.33197        0.225741       0.0351651 
         4.3381        0.227949       0.0350372 
        4.34424        0.229464         0.03491 
        4.35038        0.230662       0.0347832 
        4.35652        0.232414       0.0346572 
        4.36265        0.234124       0.0345319 
        4.36878        0.235736       0.0344072 
        4.37492        0.237827        0.034283 
        4.38106        0.239839       0.0341593 
        4.38719        0.241565       0.0340365 
        4.39333        0.243049       0.0339143 
        4.39946        0.244783       0.0337926 
         4.4056        0.246804       0.0336715 
        4.41173        0.249011        0.033551 
        4.41786         0.25017       0.0334313 
          4.424        0.252267       0.0333119 
        4.43014        0.254477       0.0331931 
        4.43628        0.256305       0.0330748 
        4.44241        0.258678       0.0329573 
        4.44855        0.261047       0.0328402 
        4.45469        0.262336       0.0327237 
        4.46083        0.265373       0.0326079 
        4.46696        0.266993       0.0324927 
        4.47309        0.269086       0.0323779 
        4.47923        0.271096       0.0322636 
        4.48537         0.27382         0.03215 
         4.4915        0.275481       0.0320369 
        4.49764        0.277356       0.0319243 
        4.50378        0.280881       0.0318123 
        4.50991        0.282897       0.0317009 
        4.51604        0.284698       0.0315901 
        4.52218        0.287673       0.0314795 
        4.52832        0.289834       0.0313697 
        4.53445        0.292298       0.0312604 
        4.54059        0.294938       0.0311516 
        4.54673        0.296862       0.0310432 
        4.55286        0.299951       0.0309354 
          4.559        0.302752       0.0308281 
        4.56513        0.304841       0.0307214 
        4.57127        0.307304       0.0306152 
        4.57741        0.311618       0.0305094 
        4.58354        0.313653       0.0304041 
        4.58968        0.315848       0.0302994 
        4.59582        0.318847       0.0301951 
        4.60195        0.321978       0.0300913 
        4.60809        0.324772       0.0299881 
        4.61422        0.326899       0.0298853 
        4.62036        0.329833       0.0297831 
        4.62649        0.334054       0.0296812 
        4.63263        0.335782       0.0295799 
        4.63876        0.338731        0.029479 
         4.6449        0.342561       0.0293786 
        4.65104        0.345124       0.0292786 
        4.65717        0.348692       0.0291792 
        4.66331        0.351439       0.0290802 
        4.66944        0.354947       0.0289817 
        4.67558        0.358325       0.0288837 
        4.68171        0.361796        0.028786 
        4.68785        0.364355       0.0286888 
        4.69399        0.368745        0.028592 
        4.70012        0.372032       0.0284959 
        4.70625        0.376181       0.0284001 
        4.71239        0.378723       0.0283046 
        4.71853        0.383074       0.0282096 
        4.72467        0.386869       0.0281151 
         4.7308        0.389478        0.028021 
        4.73694        0.393599       0.0279274 
        4.74308        0.397327       0.0278341 
        4.74922        0.401444       0.0277413 
        4.75535        0.405702        0.027649 
        4.76148        0.407775       0.0275571 
        4.76762        0.413005       0.0274655 
        4.77376        0.416573       0.0273744 
        4.77989        0.421323       0.0272837 
        4.78602        0.423821       0.0271935 
        4.79216        0.428515       0.0271036 
         4.7983        0.432921       0.0270141 
        4.80443         0.43884       0.0269251 
        4.81056        0.442438       0.0268365 
         4.8167         0.44509       0.0267481 
        4.82284        0.449835       0.0266602 
        4.82898         0.45574       0.0265728 
        4.83511        0.458993       0.0264858 
        4.84125        0.464211        0.026399 
        4.84739        0.470032       0.0263127 
        4.85352         0.47473       0.0262269 
        4.85965        0.478879       0.0261414 
        4.86579        0.482831       0.0260562 
        4.87193        0.488364       0.0259714 
        4.87807        0.493003        0.025887 
         4.8842        0.497648       0.0258031 
        4.89034        0.502796       0.0257194 
        4.89647        0.509344       0.0256361 
        4.90261        0.513159       0.0255533 
        4.90874        0.517488       0.0254708 
        4.91488        0.523186       0.0253887 
        4.92102        0.528218       0.0253068 
        4.92715        0.533799       0.0252254 
        4.93329        0.539822       0.0251444 
        4.93942         0.54518       0.0250636 
        4.94556        0.550785       0.0249832 
         4.9517        0.556576       0.0249032 
        4.95783        0.562753       0.0248236 
        4.96397        0.568607       0.0247443 
        4.97011        0.573444       0.0246653 
        4.97624        0.579035       0.0245867 
        4.98238        0.583969       0.0245085 
        4.98851        0.590624       0.0244306 
        4.99465        0.596999        0.024353 
        5.00078        0.602974       0.0242757 
        5.00691        0.611859       0.0241989 
        5.01305        0.615798       0.0241223 
        5.01919        0.624081        0.024046 
        5.02533        0.628308       0.0239701 
        5.03146        0.635918       0.0238945 
         5.0376        0.641718       0.0238193 
        5.04374        0.647112       0.0237443 
        5.04987        0.656132       0.0236697 
        5.05601        0.661673       0.0235954 
        5.06215         0.66816       0.0235214 
        5.06829        0.675321       0.0234477 
        5.07442        0.682707       0.0233744 
        5.08055        0.691941       0.0233015 
        5.08668        0.697661       0.0232287 
        5.09282        0.702544       0.0231563 
        5.09896        0.711266       0.0230843 
        5.10509        0.717728       0.0230125 
        5.11123        0.726097        0.022941 
        5.11736          0.7346       0.0228699 
         5.1235        0.740809        0.022799 
        5.12964        0.747776       0.0227284 
        5.13577         0.75705       0.0226581 
        5.14191        0.764795       0.0225881 
        5.14804        0.772309       0.0225185 
        5.15418        0.782287       0.0224492 
        5.16032        0.787261         0.02238 
        5.16645        0.797504       0.0223112 
        5.17259         0.80225       0.0222427 
        5.17872        0.811846       0.0221745 
        5.18486        0.823511       0.0221066 
          5.191        0.832259       0.0220389 
        5.19713        0.837616       0.0219716 
        5.20327        0.844441       0.0219045 
        5.20941        0.854764       0.0218377 
        5.21555        0.862327       0.0217711 
        5.22168          0.8711       0.0217049 
        5.22781        0.883843        0.021639 
        5.23395        0.894149       0.0215733 
        5.24009        0.900552       0.0215078 
        5.24622        0.908486       0.0214427 
        5.25236        0.916409       0.0213779 
         5.2585         0.92709       0.0213132 
        5.26463        0.934174       0.0212489 
        5.27077         0.94236       0.0211848 
         5.2769        0.954062        0.021121 
        5.28304         0.96159       0.0210575 
        5.28917         0.97166       0.0209942 
         5.2953        0.985398       0.0209313 
        5.30144        0.989507       0.0208685 
        5.30757         1.00558        0.020806 
        5.31371         1.01154       0.0207438 
        5.31985         1.02127       0.0206817 
        5.32599         1.03146         0.02062 
        5.33213         1.04648       0.0205585 
        5.33826         1.05067       0.0204973 
         5.3444         1.06429       0.0204363 
        5.35053         1.07229       0.0203756 
        5.35667         1.08581       0.0203151 
        5.36281         1.09221       0.0202548 
        5.36894         1.10352       0.0201948 
        5.37507         1.11625       0.0201351 
        5.38121         1.12343       0.0200756 
        5.38735          1.1364       0.0200163 
        5.39348         1.14532       0.0199573 
        5.39961         1.15425       0.0198986 
        5.40575         1.16762         0.01984 
        5.41189         1.17867       0.0197816 
        5.41803         1.19095       0.0197236 
        5.42416         1.20192       0.0196657 
         5.4303         1.21162       0.0196081 
        5.43644         1.22154       0.0195507 
        5.44257         1.23219       0.0194936 
        5.44871         1.23937       0.0194367 
        5.45484         1.26082         0.01938 
        5.46098         1.27216       0.0193235 
        5.46712          1.2782       0.0192672 
        5.47325         1.29562       0.0192112 
        5.47938         1.30696       0.0191555 
        5.48552         1.31848       0.0190999 
        5.49165         1.32507       0.0190446 
        5.49779         1.33512       0.0189894 
        5.50393         1.34641       0.0189345 
        5.51006         1.36012       0.0188798 
         5.5162         1.37441       0.0188253 
        5.52234         1.38732        0.018771 
        5.52847          1.3906        0.018717 
        5.53461         1.40905       0.0186631 
        5.54075         1.41638       0.0186095 
        5.54688         1.42744       0.0185561 
        5.55302         1.44427       0.0185029 
        5.55915         1.45867       0.0184499 
        5.56529         1.46223       0.0183971 
        5.57143         1.47761       0.0183445 
        5.57756         1.48972       0.0182921 
         5.5837         1.50042         0.01824 
        5.58983         1.50719        0.018188 
        5.59597         1.52478       0.0181363 
         5.6021         1.53766       0.0180847 
        5.60824         1.54822       0.0180333 
        5.61438         1.55761       0.0179822 
        5.62051         1.57512       0.0179312 
        5.62665         1.58729       0.0178804 
        5.63278         1.59443       0.0178299 
        5.63892         1.61155       0.0177795 
        5.64505           1.622       0.0177294 
        5.65119         1.63437       0.0176794 
        5.65733          1.6437       0.0176296 
        5.66346         1.65903         0.01758 
         5.6696         1.66389       0.0175306 
        5.67573         1.67756       0.0174814 
        5.68187         1.68336       0.0174323 
          5.688         1.70008       0.0173835 
        5.69414         1.71235       0.0173349 
        5.70028         1.72348       0.0172864 
        5.70642         1.73247       0.0172381 
        5.71255         1.75247         0.01719 
        5.71869         1.75074       0.0171421 
        5.72482         1.77536       0.0170944 
        5.73096         1.78139       0.0170469 
        5.73709         1.79955       0.0169995 
        5.74322         1.80627       0.0169524 
        5.74936         1.81559       0.0169054 
         5.7555         1.82629       0.0168585 
        5.76164         1.83584       0.0168119 
        5.76777         1.85413       0.0167654 
        5.77391         1.86184       0.0167191 
        5.78005          1.8718        0.016673 
        5.78618         1.88265       0.0166271 
        5.79231         1.89088       0.0165813 
        5.79845         1.90346       0.0165357 
        5.80459         1.92173       0.0164903 
        5.81073         1.92314        0.016445 
        5.81686         1.93951          0.0164 
          5.823         1.94585        0.016355 
        5.82914         1.95718       0.0163103 
        5.83527         1.96541       0.0162657 
         5.8414         1.97777       0.0162213 
        5.84754         1.98628       0.0161771 
        5.85368         1.99441        0.016133 
        5.85981         2.00791       0.0160891 
        5.86595         2.01611       0.0160453 
        5.87208         2.02815       0.0160018 
        5.87822         2.03929       0.0159583 
        5.88435         2.04445       0.0159151 
        5.89049         2.04964        0.015872 
        5.89662         2.05939       0.0158291 
        5.90276         2.07717       0.0157862 
         5.9089         2.08566       0.0157436 
        5.91503         2.09548       0.0157012 
        5.92117         2.09536       0.0156588 
        5.92731         2.11301       0.0156167 
        5.93344         2.11581       0.0155747 
        5.93958         2.12988       0.0155328 
        5.94572         2.13317       0.0154911 
        5.95186         2.14347       0.0154496 
        5.95799         2.15459       0.0154082 
        5.96412         2.15295        0.015367 
        5.97026         2.16577       0.0153259 
         5.9764          2.1734        0.015285 
        5.98253         2.18419       0.0152443 
        5.98866         2.18443       0.0152036 
         5.9948         2.20027       0.0151631 
        6.00094         2.20427       0.0151228 
        6.00707         2.21093       0.0150826 
        6.01321         2.21224       0.0150425 
        6.01935          2.2191       0.0150026 
        6.02548         2.22886       0.0149629 
        6.03162         2.23538       0.0149233 
        6.03775         2.24224       0.0148839 
        6.04389         2.24811       0.0148445 
        6.05003         2.24661       0.0148053 
        6.05617         2.25361       0.0147663 
         6.0623         2.25912       0.0147274 
        6.06844         2.26536       0.0146886 
        6.07457           2.273         0.01465 
         6.0807         2.27857       0.0146116 
        6.08684         2.29386       0.0145732 
        6.09298         2.28558        0.014535 
        6.09912         2.29198       0.0144969 
        6.10525          2.2977        0.014459 
        6.11138         2.30261       0.0144213 
        6.11752         2.30755       0.0143836 
        6.12366          2.3065       0.0143461 
        6.12979         2.31253       0.0143087 
        6.13593         2.32203       0.0142715 
        6.14207          2.3203       0.0142343 
         6.1482         2.32436       0.0141973 
        6.15434          2.3294       0.0141605 
        6.16047         2.32581       0.0141238 
        6.16661         2.33413       0.0140872 
        6.17274         2.34032       0.0140507 
        6.17887         2.33164       0.0140144 
        6.18501          2.3456       0.0139782 
        6.19115         2.33764       0.0139421 
        6.19729         2.35565       0.0139061 
        6.20342         2.34572       0.0138703 
        6.20956         2.35056       0.0138346 
         6.2157         2.35013        0.013799 
        6.22183          2.3542       0.0137636 
        6.22797          2.3443       0.0137282 
         6.2341         2.34325       0.0136931 
        6.24024         2.34888        0.013658 
        6.24638         2.35059        0.013623 
        6.25251         2.35326       0.0135882 
        6.25865         2.34904       0.0135535 
        6.26478         2.35206       0.0135189 
        6.27092         2.34483       0.0134844 
        6.27705         2.34987       0.0134501 
        6.28318         2.25039       0.0134159 
