# k  (h/Mpc)    Pcb(k)  (Mpc/h)^3    Pcb_linear(k)  (Mpc/h)^3
     0.00783031         16116.9         16211.1 
       0.013688           18384         18865.2 
       0.019231         17840.6         18102.3 
      0.0249154         15932.3         15856.9 
      0.0312784         12916.8         12998.6 
      0.0375637         10495.4         10630.4 
      0.0433917         9062.13         9069.85 
      0.0492413         7988.66         8050.11 
      0.0555754         7348.43         7347.73 
      0.0619321         6609.35         6811.48 
       0.067871         6198.47         6290.95 
      0.0738098         5658.17         5683.15 
      0.0800417         4994.86         4978.64 
      0.0862327         4313.05         4296.59 
      0.0921407         3807.19         3741.13 
      0.0982031         3432.54         3310.76 
       0.104506         3074.63         3011.74 
       0.110769          2898.8         2826.56 
       0.116806          2802.1         2701.63 
       0.122832         2644.93         2580.85 
       0.129052         2484.06         2427.28 
       0.135211         2360.81         2238.89 
       0.141259         2136.93          2033.9 
       0.147318         1938.72         1833.89 
       0.153489         1793.17         1658.72 
       0.159709          1705.5         1523.59 
       0.165845         1566.67         1430.22 
       0.171974         1536.64         1366.08 
       0.178125         1487.12         1315.88 
       0.184229         1379.98         1265.95 
        0.19034          1349.9         1206.84 
       0.196428         1297.77         1137.06 
       0.202534         1200.59         1060.48 
       0.208729         1168.73         983.708 
       0.214876         1105.46         915.595 
       0.220989          1040.6         859.912 
       0.227147         1012.34         816.349 
        0.23329         972.846          782.73 
       0.239377         965.179         754.857 
       0.245482         915.952         728.027 
       0.251667         881.465         698.976 
       0.257832         865.467         667.174 
       0.263955         819.429         633.658 
       0.270079         789.574         600.242 
        0.27624         755.775         568.903 
       0.282372         741.552         541.413 
        0.28843         730.655         518.337 
       0.294538         694.076         498.579 
       0.300721         677.598         481.033 
        0.30691         662.543         464.552 
       0.313033          633.42         448.314 
       0.319153         624.663          431.62 
       0.325316         614.374         414.458 
        0.33145         598.808         397.469 
       0.337538         576.532         381.338 
       0.343633         561.436         366.367 
       0.349808         547.854         352.672 
       0.355968         537.602         340.386 
       0.362074         517.679         329.293 
       0.368217         515.236         318.839 
       0.374374         506.639         308.699 
       0.380519         486.109         298.726 
       0.386598         481.389         288.926 
       0.392688         469.054         279.265 
        0.39888         457.527         269.765 
       0.405048         447.518          260.76 
       0.411186         446.829         252.359 
       0.417313         441.016          244.55 
       0.423458         428.651         237.213 
       0.429607         415.834         230.276 
       0.435692         410.468         223.704 
       0.441815         402.803         217.284 
       0.447964         394.886          210.99 
       0.454126         390.457          204.85 
       0.460267         383.943         198.913 
       0.466387         375.869         193.212 
        0.47254         371.252         187.735 
       0.478662         363.577         182.555 
       0.484765         358.456         177.635 
       0.490885         355.115         172.921 
       0.497035         347.269         168.375 
       0.503198         346.787         163.985 
       0.509342         339.156          159.74 
       0.515458         332.689         155.636 
       0.521598         328.549          151.64 
       0.527764         323.243         147.763 
       0.533884         320.475         144.052 
           0.54         316.525         140.481 
       0.546137         309.862          137.03 
       0.552299         308.484         133.697 
       0.558452         303.282         130.492 
       0.564573         301.561         127.412 
       0.570708         296.236         124.422 
       0.576825          291.08         121.529 
       0.582926         289.665         118.729 
       0.589034         284.382         116.011 
       0.595184         282.587          113.36 
       0.601379         278.127         110.778 
       0.607522         272.107           108.3 
       0.613639         271.406         105.911 
       0.619772         270.292          103.59 
       0.625918         265.074         101.336 
       0.632068         262.584         99.1497 
       0.638161         260.889         97.0478 
         0.6443         256.936          94.992 
       0.650464         254.049         92.9879 
       0.656582         251.405         91.0553 
       0.662703         250.314         89.1767 
       0.668861         245.184         87.3404 
       0.675024         244.407         85.5549 
       0.681124         240.736         83.8381 
       0.687237          239.56         82.1662 
       0.693381         235.618         80.5332 
       0.699536         234.931         78.9426 
       0.705665         232.137         77.4024 
       0.711789         229.569         75.9051 
       0.717957         227.819         74.4374 
        0.72409         224.611         73.0166 
       0.730186         225.846         71.6416 
       0.736317         222.146         70.2946 
       0.742472         219.835         68.9775 
       0.748622         217.627         67.6956 
        0.75476         217.103         66.4493 
       0.760888         214.367         65.2366 
       0.767043         211.521         64.0497 
       0.773185         209.907          62.895 
       0.779291         207.985         61.7757 
       0.785407         206.762         60.6823 
       0.791564          205.18         59.6087 
       0.797719         201.756         58.5618 
       0.803834         202.818         57.5468 
       0.809972         200.092         56.5525 
       0.816124         197.106         55.5797 
       0.822261         196.004         54.6325 
       0.828378          195.25         53.7104 
       0.834502         192.966         52.8089 
       0.840667          192.97         51.9225 
       0.846816         189.232          51.059 
       0.852925         189.229         50.2207 
       0.859047         187.295         49.3996 
       0.865192         186.738         48.5943 
       0.871341         184.649         47.8065 
       0.877463         183.044         47.0399 
       0.883569         182.678         46.2922 
       0.889708         181.084         45.5569 
       0.895864         178.925         44.8359 
       0.902008          177.58         44.1321 
       0.908149         176.094          43.444 
       0.914301         174.942         42.7694 
       0.920448         174.533           42.11 
       0.926574         172.516         41.4668 
       0.932687         172.348         40.8386 
       0.938823         170.644         40.2212 
       0.944975         170.127         39.6152 
       0.951105         168.169          39.024 
       0.957225         166.976         38.4459 
       0.963368         166.683         37.8776 
       0.969511          164.45         37.3209 
       0.975621         162.585         36.7785 
       0.981748         162.469         36.2455 
       0.987916         161.606         35.7197 
        0.99406          160.31         35.2065 
        1.00019         159.482         34.7044 
        1.00632         158.341         34.2126 
        1.01246         157.285         33.7296 
        1.01859         155.883         33.2568 
        1.02471         154.836         32.7937 
        1.03085         153.884         32.3379 
        1.03698         153.204         31.8917 
        1.04314         152.627         31.4521 
        1.04929          151.69         31.0218 
        1.05541         151.042         30.6014 
        1.06154         149.443         30.1877 
        1.06769          148.69         29.7811 
        1.07382          147.66         29.3834 
        1.07993         146.631         28.9939 
        1.08607         146.383         28.6098 
        1.09222         144.842         28.2324 
        1.09836         144.216         27.8622 
        1.10449          143.37         27.4992 
        1.11063          142.16         27.1422 
        1.11677         141.568         26.7918 
         1.1229         140.662         26.4481 
        1.12903         139.455         26.1102 
        1.13518         138.744          25.778 
        1.14131         138.387         25.4518 
        1.14745         137.099         25.1314 
        1.15359         136.298         24.8165 
        1.15973         135.765         24.5069 
        1.16584          134.85          24.204 
        1.17197         134.331         23.9058 
        1.17811         133.188         23.6117 
        1.18424         132.502         23.3235 
        1.19038         131.837         23.0392 
        1.19652          130.85         22.7599 
        1.20267         130.022         22.4852 
        1.20881         129.182         22.2151 
        1.21495           129.1         21.9498 
        1.22108         127.957          21.689 
         1.2272         127.432          21.433 
        1.23334         126.565         21.1806 
        1.23949         126.047         20.9317 
        1.24562         125.104         20.6875 
        1.25174         124.959         20.4476 
        1.25789         123.798         20.2108 
        1.26402         123.332         19.9781 
        1.27014         122.498         19.7497 
        1.27628         121.985         19.5242 
        1.28244         121.274         19.3018 
        1.28858         120.573         19.0831 
        1.29471         119.707         18.8683 
        1.30084         119.037         18.6571 
        1.30697         118.289         18.4487 
        1.31312         117.863         18.2433 
        1.31925         116.846         18.0416 
        1.32537         116.439         17.8432 
        1.33151         116.058         17.6471 
        1.33765         115.237         17.4541 
        1.34378         114.992         17.2643 
        1.34992         114.124         17.0773 
        1.35606          113.73         16.8926 
         1.3622         113.131         16.7109 
        1.36833         112.264         16.5324 
        1.37445         112.003         16.3567 
        1.38059         111.204         16.1829 
        1.38675         110.625         16.0112 
        1.39288         109.953         15.8428 
        1.39901         109.331         15.6768 
        1.40515         108.938         15.5129 
         1.4113         108.282         15.3513 
        1.41742         107.964         15.1927 
        1.42355          107.39         15.0361 
         1.4297         106.669         14.8812 
        1.43585         106.216         14.7285 
        1.44198         105.382         14.5786 
        1.44809          105.04          14.431 
        1.45423         104.764          14.285 
        1.46036          103.73         14.1412 
        1.46649         103.303         13.9994 
        1.47263          102.68         13.8594 
        1.47877         102.325         13.7214 
        1.48491          101.83         13.5851 
        1.49104          101.07         13.4509 
        1.49718         100.654         13.3184 
        1.50333         100.114         13.1875 
        1.50947          99.911         13.0586 
         1.5156         99.2065         12.9316 
        1.52172         98.4912         12.8064 
        1.52787         98.3206         12.6825 
          1.534         97.7775         12.5604 
        1.54013         97.1432         12.4401 
        1.54627         96.6293         12.3212 
        1.55241         96.4272         12.2037 
        1.55855         95.6623          12.088 
        1.56467         95.2179         11.9741 
         1.5708         94.3704         11.8614 
        1.57695         94.3813         11.7499 
        1.58308         93.7493         11.6401 
        1.58922           93.39         11.5317 
        1.59535         93.2653         11.4247 
         1.6015         92.4298         11.3189 
        1.60764         91.9334         11.2144 
        1.61376         91.7591         11.1116 
        1.61989         91.1711           11.01 
        1.62604         90.7082         10.9095 
        1.63218         90.1925         10.8102 
        1.63831         89.7599         10.7125 
        1.64444         89.2104         10.6159 
        1.65059         88.8127         10.5203 
        1.65673         88.7158         10.4259 
        1.66285         88.2102          10.333 
        1.66898         87.4621         10.2412 
        1.67512         86.9615         10.1503 
        1.68127         86.8129         10.0605 
         1.6874         86.2924         9.97191 
        1.69353         85.8253         9.88447 
        1.69967         85.3301         9.79787 
        1.70581         85.0969         9.71235 
        1.71193         84.6251         9.62817 
        1.71806         84.1687         9.54481 
        1.72421          83.696         9.46228 
        1.73035         83.2913         9.38082 
        1.73649         82.9451         9.30033 
        1.74262         82.5362         9.22086 
        1.74876         81.9732         9.14226 
        1.75489         81.8389         9.06475 
        1.76101         81.5301         8.98815 
        1.76715         80.9403         8.91234 
        1.77329         80.5081         8.83731 
        1.77943         80.2201         8.76312 
        1.78557         79.9513         8.68988 
        1.79171         79.3746         8.61748 
        1.79785           78.97         8.54588 
        1.80399         78.7595         8.47512 
        1.81012         78.1272         8.40525 
        1.81625         77.8499          8.3362 
        1.82239          77.424         8.26783 
        1.82853         77.0911         8.20026 
        1.83466         76.6538          8.1335 
        1.84078         76.4204         8.06757 
        1.84692         76.1412         8.00226 
        1.85306         75.9447         7.93759 
         1.8592         75.4679         7.87374 
        1.86533         74.9658         7.81062 
        1.87147         74.6453         7.74813 
        1.87761         73.9958          7.6863 
        1.88375         73.9433         7.62521 
        1.88988         73.4394         7.56486 
        1.89601         73.3589         7.50512 
        1.90215         72.9168         7.44599 
        1.90829         72.3829         7.38752 
        1.91442         71.9892         7.32967 
        1.92056         71.8233          7.2725 
         1.9267         71.4867         7.21588 
        1.93284         71.3174         7.15983 
        1.93897         70.7611         7.10448 
        1.94509         70.5091         7.04984 
        1.95123         70.1345         6.99563 
        1.95737         69.9032         6.94196 
        1.96349         69.6613         6.88898 
        1.96964         69.2609         6.83641 
        1.97578         68.8245         6.78436 
        1.98192         68.4329         6.73296 
        1.98805         68.0817         6.68209 
        1.99419         68.1016         6.63174 
        2.00033         67.5008         6.58188 
        2.00647         67.1116         6.53256 
         2.0126          66.971         6.48382 
        2.01874         66.7642          6.4355 
        2.02488         66.4043         6.38763 
        2.03101         65.9381         6.34035 
        2.03714          65.715         6.29358 
        2.04328         65.5388         6.24723 
        2.04941          65.145         6.20139 
        2.05554         64.7476         6.15604 
        2.06167         64.4113         6.11109 
        2.06781         64.1776         6.06658 
        2.07396          63.778         6.02245 
        2.08009         63.6321         5.97883 
        2.08622         63.2261          5.9357 
        2.09237         63.0175          5.8929 
        2.09851         62.5888         5.85053 
        2.10464         62.3267         5.80864 
        2.11077          62.168         5.76721 
        2.11691         61.8748         5.72609 
        2.12305         61.4879         5.68537 
        2.12918         61.1988         5.64515 
        2.13531         60.9896         5.60532 
        2.14145         60.6229         5.56577 
         2.1476         60.5552         5.52656 
        2.15372         60.0459         5.48793 
        2.15985         59.8368         5.44963 
        2.16599         59.6234         5.41158 
        2.17213         59.2739         5.37394 
        2.17827           58.85         5.33666 
         2.1844           58.71         5.29978 
        2.19054         58.5382         5.26323 
        2.19666         58.2329         5.22707 
         2.2028          57.972         5.19123 
        2.20893          57.614          5.1557 
        2.21508          57.369         5.12046 
        2.22122         57.0211         5.08555 
        2.22736         56.7699         5.05103 
        2.23349         56.5707         5.01684 
        2.23962         56.3764         4.98295 
        2.24577         56.0739         4.94935 
         2.2519         55.7859          4.9161 
        2.25802         55.5422         4.88321 
        2.26417         55.3287         4.85053 
        2.27031         55.1176         4.81811 
        2.27644         54.6818         4.78609 
        2.28257         54.5689         4.75436 
        2.28872         54.2376         4.72286 
        2.29486         54.0951         4.69165 
        2.30099         53.7094         4.66079 
        2.30712         53.5359         4.63019 
        2.31326         53.3133         4.59981 
         2.3194         53.0762         4.56973 
        2.32553         52.7746         4.53996 
        2.33166         52.5822         4.51047 
         2.3378         52.3294         4.48121 
        2.34394         52.0985         4.45219 
        2.35007         51.8461         4.42347 
        2.35619         51.6617         4.39504 
        2.36233         51.4667          4.3668 
        2.36848         51.1327         4.33874 
        2.37462         50.9001         4.31099 
        2.38075         50.6283         4.28351 
        2.38689         50.3956         4.25624 
        2.39303         50.3071         4.22922 
        2.39916         49.9973         4.20246 
        2.40529         49.8609         4.17594 
        2.41143         49.6433         4.14962 
        2.41757         49.3268         4.12352 
         2.4237         49.2052         4.09769 
        2.42983         48.9478         4.07209 
        2.43598         48.7472         4.04664 
        2.44211          48.454         4.02144 
        2.44823         48.3424         3.99652 
        2.45437         47.9587         3.97174 
        2.46052         47.7915         3.94715 
        2.46665         47.5339         3.92281 
        2.47279         47.3783         3.89869 
        2.47892         47.1558         3.87475 
        2.48507         46.9813         3.85099 
         2.4912         46.7213         3.82748 
        2.49733         46.5046         3.80417 
        2.50347         46.2696         3.78102 
        2.50961         46.0864         3.75805 
        2.51575          45.929          3.7353 
        2.52188         45.6559         3.71276 
        2.52802         45.5115         3.69038 
        2.53416         45.3037         3.66817 
        2.54029         45.0678         3.64619 
        2.54641         44.9378          3.6244 
        2.55255          44.701         3.60276 
        2.55869         44.5385         3.58127 
        2.56483         44.2984         3.55997 
        2.57096         44.0052         3.53888 
        2.57709         43.8715         3.51795 
        2.58323         43.6979         3.49717 
        2.58937          43.439         3.47655 
        2.59551         43.3455         3.45612 
        2.60164         43.1446         3.43586 
        2.60778         42.9662         3.41574 
        2.61392         42.6958         3.39579 
        2.62006         42.5223         3.37601 
        2.62619         42.3705          3.3564 
        2.63232         42.1004         3.33694 
        2.63846         41.9991         3.31762 
        2.64459         41.8401         3.29848 
        2.65072         41.6606         3.27948 
        2.65686         41.4349         3.26064 
          2.663         41.2323         3.24191 
        2.66915         41.1178         3.22333 
        2.67527         40.8618         3.20494 
        2.68141          40.726         3.18668 
        2.68755           40.56         3.16854 
        2.69368         40.3653         3.15057 
        2.69981         40.1273         3.13275 
        2.70595         39.9784         3.11504 
        2.71209           39.88         3.09745 
        2.71823         39.6635         3.08003 
        2.72436         39.5311         3.06275 
         2.7305         39.3178         3.04559 
        2.73663         39.1228         3.02856 
        2.74276         38.9711         3.01168 
         2.7489         38.8127         2.99492 
        2.75504         38.6139         2.97827 
        2.76118          38.487         2.96174 
        2.76732         38.2839         2.94536 
        2.77345          38.136          2.9291 
        2.77959         37.9763         2.91297 
        2.78572         37.7904         2.89696 
        2.79186         37.6201         2.88108 
        2.79798         37.4683         2.86533 
        2.80412         37.2755         2.84967 
        2.81027         37.1016         2.83411 
         2.8164         37.0102          2.8187 
        2.82253          36.796          2.8034 
        2.82867         36.6696         2.78821 
        2.83481         36.4931         2.77313 
        2.84095         36.3462         2.75816 
        2.84708         36.1377         2.74332 
        2.85322         36.0343         2.72857 
        2.85935         35.8609         2.71394 
        2.86549         35.7266         2.69942 
        2.87162         35.5829           2.685 
        2.87776         35.4275          2.6707 
        2.88389         35.2714         2.65648 
        2.89003         35.1443         2.64238 
        2.89617         34.8847         2.62838 
        2.90231         34.8279         2.61448 
        2.90844         34.6935         2.60068 
        2.91458         34.5136         2.58698 
        2.92071         34.3054          2.5734 
        2.92684         34.2041          2.5599 
        2.93298          34.016          2.5465 
         2.9391         33.9655         2.53322 
        2.94524         33.8035         2.52001 
        2.95138         33.5742          2.5069 
        2.95752         33.4624         2.49386 
        2.96367         33.3668         2.48091 
         2.9698         33.2071         2.46809 
        2.97594         33.0568         2.45534 
        2.98207         33.0056         2.44268 
        2.98821         32.7852         2.43012 
        2.99434         32.6722         2.41765 
        3.00048         32.4809         2.40526 
        3.00662          32.381         2.39296 
        3.01275         32.2449         2.38076 
        3.01888         32.1449         2.36864 
        3.02503         31.9589         2.35658 
        3.03117         31.8672         2.34462 
        3.03729         31.7288         2.33276 
        3.04342         31.5928         2.32098 
        3.04957         31.4228         2.30925 
         3.0557         31.3362         2.29763 
        3.06183         31.1651          2.2861 
        3.06796         31.0699         2.27464 
        3.07411         30.8976         2.26323 
        3.08025         30.7912         2.25192 
        3.08637         30.6167         2.24071 
         3.0925         30.5276         2.22956 
        3.09865         30.3796         2.21846 
         3.1048         30.3114         2.20744 
        3.11093         30.1084         2.19652 
        3.11706         29.9989         2.18567 
         3.1232         29.8545         2.17489 
        3.12933         29.7785         2.16418 
        3.13547         29.6507         2.15355 
        3.14159         29.4959         2.14301 
        3.14773         29.3823         2.13251 
        3.15388         29.2874         2.12208 
        3.16001         29.1489         2.11173 
        3.16614          29.059         2.10146 
        3.17228         28.9241         2.09124 
        3.17842         28.7817          2.0811 
        3.18455         28.6333         2.07103 
        3.19068         28.5791         2.06103 
        3.19682         28.3997         2.05108 
        3.20297         28.2865         2.04119 
         3.2091         28.2133         2.03138 
        3.21524         28.0962         2.02164 
        3.22138         27.9723         2.01195 
         3.2275         27.8371         2.00235 
        3.23363         27.7378         1.99281 
        3.23977         27.6371         1.98331 
        3.24591         27.5082         1.97388 
        3.25205          27.412         1.96451 
        3.25818         27.3215          1.9552 
        3.26432         27.1561         1.94595 
        3.27046         27.0469         1.93677 
         3.2766          26.936         1.92764 
        3.28273          26.845         1.91857 
        3.28887         26.7041         1.90956 
          3.295         26.5871         1.90062 
        3.30113         26.5011         1.89173 
        3.30727         26.3894         1.88289 
        3.31341         26.2792         1.87411 
        3.31954         26.1784          1.8654 
        3.32568         26.1006         1.85672 
        3.33182         25.9534         1.84811 
        3.33795         25.8637         1.83956 
        3.34409         25.7494         1.83105 
        3.35022         25.6748          1.8226 
        3.35636         25.5091         1.81422 
         3.3625          25.448         1.80587 
        3.36864         25.3744         1.79758 
        3.37477         25.2658         1.78934 
        3.38091         25.1314         1.78116 
        3.38704         25.0603         1.77303 
        3.39318          24.925         1.76495 
        3.39931         24.8155         1.75692 
        3.40545         24.7298         1.74894 
        3.41158         24.6326         1.74101 
        3.41772         24.5349         1.73313 
        3.42385         24.4617          1.7253 
        3.42998          24.354         1.71752 
        3.43612         24.2604         1.70979 
        3.44226         24.1502          1.7021 
         3.4484         24.0538         1.69445 
        3.45453         23.9117         1.68687 
        3.46066         23.8612         1.67933 
        3.46681         23.7314         1.67182 
        3.47295         23.6846         1.66436 
        3.47908         23.5618         1.65696 
        3.48521         23.4666          1.6496 
        3.49135         23.3684         1.64228 
        3.49749         23.2913         1.63501 
        3.50362         23.1876         1.62778 
        3.50976         23.0849          1.6206 
        3.51589          23.031         1.61346 
        3.52203          22.914         1.60636 
        3.52816         22.8374         1.59932 
        3.53429         22.7287         1.59231 
        3.54043         22.6496         1.58533 
        3.54657         22.5682          1.5784 
        3.55271         22.4794         1.57151 
        3.55884         22.3875         1.56467 
        3.56498         22.2779         1.55787 
        3.57112         22.2039          1.5511 
        3.57725         22.1169         1.54438 
        3.58338         22.0686          1.5377 
        3.58952         21.9326         1.53106 
        3.59566         21.8539         1.52445 
         3.6018           21.77         1.51788 
        3.60793         21.6868         1.51136 
        3.61407         21.5974         1.50487 
        3.62021         21.5153         1.49842 
        3.62634         21.4204         1.49201 
        3.63247         21.3363         1.48564 
        3.63861         21.2556         1.47931 
        3.64475         21.1886           1.473 
        3.65089         21.0924         1.46674 
        3.65702         21.0418         1.46052 
        3.66316         20.9158         1.45433 
        3.66929         20.8373         1.44818 
        3.67543         20.7745         1.44207 
        3.68156          20.678         1.43599 
        3.68769         20.5913         1.42994 
        3.69383         20.5362         1.42393 
        3.69997         20.4537         1.41795 
        3.70611         20.3714         1.41201 
        3.71224         20.2883          1.4061 
        3.71838         20.1995         1.40023 
        3.72451         20.1309         1.39439 
        3.73065         20.0712         1.38859 
        3.73678          19.979         1.38282 
        3.74292         19.8896         1.37707 
        3.74906         19.8303         1.37137 
        3.75519         19.7466         1.36569 
        3.76133         19.7086         1.36005 
        3.76746         19.5994         1.35444 
         3.7736         19.5438         1.34887 
        3.77974         19.4504         1.34332 
        3.78588         19.3915          1.3378 
        3.79201          19.316         1.33232 
        3.79814         19.2406         1.32686 
        3.80428         19.1515         1.32144 
        3.81042         19.0679         1.31605 
        3.81655         19.0159         1.31068 
        3.82268         18.9314         1.30536 
        3.82882         18.8555         1.30006 
        3.83496         18.7989         1.29478 
        3.84109         18.7136         1.28954 
        3.84723          18.673         1.28432 
        3.85337         18.5739         1.27913 
        3.85951         18.5194         1.27397 
        3.86565          18.428         1.26884 
        3.87178         18.3751         1.26375 
        3.87791         18.3037         1.25868 
        3.88405         18.2365         1.25364 
        3.89019         18.1654         1.24862 
        3.89632         18.0852         1.24363 
        3.90246         18.0256         1.23867 
         3.9086         17.9434         1.23373 
        3.91473          17.907         1.22883 
        3.92086         17.8117         1.22396 
        3.92699         17.7586         1.21911 
        3.93313         17.6806         1.21428 
        3.93927         17.6348         1.20948 
         3.9454         17.5626          1.2047 
        3.95154         17.4869         1.19995 
        3.95768          17.428         1.19523 
        3.96382         17.3733         1.19053 
        3.96995         17.2947         1.18586 
        3.97609          17.232         1.18121 
        3.98222         17.1777          1.1766 
        3.98836         17.1062           1.172 
         3.9945         17.0477         1.16743 
        4.00063         16.9753         1.16288 
        4.00677         16.9066         1.15835 
        4.01291         16.8451         1.15385 
        4.01904         16.7735         1.14938 
        4.02517          16.728         1.14494 
        4.03131         16.6709         1.14051 
        4.03745         16.5883          1.1361 
        4.04358         16.5672         1.13172 
        4.04972         16.4754         1.12737 
        4.05585         16.4183         1.12303 
        4.06199         16.3573         1.11872 
        4.06812         16.2956         1.11443 
        4.07426         16.2384         1.11017 
         4.0804         16.1929         1.10592 
        4.08654         16.1317         1.10169 
        4.09267         16.0597          1.0975 
         4.0988         16.0161         1.09333 
        4.10494         15.9582         1.08917 
        4.11108         15.8743         1.08504 
        4.11721         15.8218         1.08093 
        4.12334         15.7749         1.07684 
        4.12948         15.7203         1.07277 
        4.13561         15.6574         1.06872 
        4.14176         15.5947         1.06469 
        4.14789         15.5417         1.06068 
        4.15403         15.4814          1.0567 
        4.16016         15.4182         1.05273 
         4.1663         15.3684         1.04879 
        4.17243         15.3204         1.04486 
        4.17857         15.2707         1.04096 
        4.18471         15.2113         1.03707 
        4.19084         15.1401         1.03321 
        4.19698         15.0902         1.02937 
        4.20312         15.0428         1.02554 
        4.20925         14.9867         1.02173 
        4.21538         14.9454         1.01795 
        4.22152         14.8918         1.01418 
        4.22766         14.8327         1.01043 
         4.2338         14.7793         1.00671 
        4.23993         14.7192           1.003 
        4.24607         14.6858        0.999309 
         4.2522         14.6033        0.995636 
        4.25834         14.5562        0.991982 
        4.26447         14.5162        0.988349 
        4.27061         14.4677        0.984734 
        4.27674         14.4161        0.981136 
        4.28288         14.3478        0.977552 
        4.28902         14.3196         0.97399 
        4.29515         14.2489        0.970448 
        4.30129          14.205         0.96692 
        4.30743         14.1502        0.963409 
        4.31356          14.107        0.959917 
        4.31969         14.0667        0.956447 
        4.32583         14.0035        0.952991 
        4.33197         13.9534        0.949547 
         4.3381         13.9215        0.946124 
        4.34424         13.8507         0.94272 
        4.35038         13.8365        0.939327 
        4.35652         13.7729        0.935953 
        4.36265         13.7257          0.9326 
        4.36878         13.6672        0.929262 
        4.37492         13.6203        0.925937 
        4.38106         13.5813        0.922628 
        4.38719         13.5222         0.91934 
        4.39333         13.4885        0.916069 
        4.39946         13.4348        0.912811 
         4.4056         13.3934        0.909568 
        4.41173         13.3299        0.906342 
        4.41786         13.2907        0.903135 
          4.424         13.2473         0.89994 
        4.43014         13.1952        0.896757 
        4.43628          13.151         0.89359 
        4.44241         13.1003        0.890443 
        4.44855         13.0679        0.887308 
        4.45469         13.0187        0.884187 
        4.46083         12.9695        0.881085 
        4.46696         12.9352           0.878 
        4.47309         12.8814        0.874925 
        4.47923         12.8435        0.871864 
        4.48537         12.8004        0.868822 
         4.4915         12.7638        0.865793 
        4.49764         12.7064        0.862777 
        4.50378         12.6668        0.859774 
        4.50991         12.6248        0.856791 
        4.51604         12.5861        0.853821 
        4.52218           12.54         0.85086 
        4.52832         12.4958        0.847916 
        4.53445         12.4612        0.844988 
        4.54059         12.4126        0.842073 
        4.54673         12.3608        0.839169 
        4.55286         12.3206         0.83628 
          4.559         12.2816        0.833406 
        4.56513         12.2381        0.830546 
        4.57127         12.2076        0.827699 
        4.57741          12.161        0.824863 
        4.58354         12.1281        0.822043 
        4.58968         12.0868        0.819235 
        4.59582         12.0564        0.816439 
        4.60195         12.0024        0.813659 
        4.60809         11.9712        0.810892 
        4.61422         11.9162        0.808136 
        4.62036          11.884        0.805395 
        4.62649         11.8459        0.802664 
        4.63263          11.809        0.799948 
        4.63876         11.7591        0.797243 
         4.6449         11.7398         0.79455 
        4.65104         11.6929        0.791871 
        4.65717         11.6562        0.789206 
        4.66331         11.6202        0.786551 
        4.66944         11.5804        0.783908 
        4.67558         11.5335         0.78128 
        4.68171         11.5037        0.778661 
        4.68785         11.4621        0.776053 
        4.69399         11.4283        0.773459 
        4.70012         11.3932         0.77088 
        4.70625         11.3561         0.76831 
        4.71239         11.3137         0.76575 
        4.71853         11.2647        0.763202 
        4.72467         11.2426        0.760666 
         4.7308         11.2115        0.758143 
        4.73694         11.1713        0.755631 
        4.74308         11.1372        0.753129 
        4.74922         11.0971        0.750639 
        4.75535         11.0662        0.748162 
        4.76148         11.0286        0.745697 
        4.76762         10.9844        0.743239 
        4.77376         10.9584        0.740794 
        4.77989         10.9183        0.738363 
        4.78602         10.8997        0.735941 
        4.79216         10.8578        0.733527 
         4.7983         10.8128        0.731127 
        4.80443         10.7801        0.728739 
        4.81056         10.7565         0.72636 
         4.8167         10.7183         0.72399 
        4.82284          10.687         0.72163 
        4.82898         10.6459        0.719283 
        4.83511         10.6207        0.716948 
        4.84125         10.5748         0.71462 
        4.84739         10.5585        0.712303 
        4.85352         10.5081        0.709999 
        4.85965         10.4881        0.707704 
        4.86579         10.4353        0.705418 
        4.87193         10.4177        0.703142 
        4.87807         10.3821        0.700876 
         4.8842         10.3499        0.698622 
        4.89034          10.325        0.696376 
        4.89647         10.2917         0.69414 
        4.90261         10.2657        0.691915 
        4.90874         10.2338        0.689701 
        4.91488         10.1862        0.687495 
        4.92102         10.1573        0.685298 
        4.92715         10.1354        0.683111 
        4.93329         10.0978        0.680935 
        4.93942         10.0703        0.678767 
        4.94556         10.0434        0.676608 
         4.9517         10.0008        0.674459 
        4.95783         9.97672         0.67232 
        4.96397         9.95025         0.67019 
        4.97011         9.91417        0.668069 
        4.97624           9.887        0.665958 
        4.98238         9.85236        0.663856 
        4.98851          9.8263        0.661764 
        4.99465          9.7976        0.659679 
        5.00078         9.76812        0.657605 
        5.00691         9.74085         0.65554 
        5.01305          9.7032        0.653483 
        5.01919          9.6815        0.651433 
        5.02533         9.65486        0.649392 
        5.03146         9.61925        0.647363 
         5.0376         9.59153        0.645341 
        5.04374         9.56559        0.643327 
        5.04987         9.54254        0.641321 
        5.05601         9.51424        0.639326 
        5.06215          9.4834        0.637337 
        5.06829         9.45695        0.635356 
        5.07442         9.43586        0.633387 
        5.08055         9.40056        0.631427 
        5.08668         9.37591        0.629472 
        5.09282         9.34604        0.627525 
        5.09896         9.31794        0.625588 
        5.10509         9.29296         0.62366 
        5.11123         9.27003        0.621739 
        5.11736          9.2389        0.619826 
         5.1235         9.21101         0.61792 
        5.12964           9.187        0.616023 
        5.13577         9.15449        0.614134 
        5.14191         9.13436        0.612253 
        5.14804         9.11466        0.610381 
        5.15418         9.09162        0.608516 
        5.16032         9.04977        0.606658 
        5.16645         9.02729        0.604808 
        5.17259         8.99849        0.602966 
        5.17872         8.97775        0.601133 
        5.18486         8.95362        0.599305 
          5.191           8.927        0.597486 
        5.19713         8.90401        0.595676 
        5.20327         8.88302        0.593872 
        5.20941         8.84711        0.592075 
        5.21555         8.83667        0.590284 
        5.22168         8.80895        0.588504 
        5.22781         8.78331        0.586731 
        5.23395         8.75613        0.584964 
        5.24009         8.73594        0.583204 
        5.24622         8.70769        0.581452 
        5.25236         8.68781        0.579708 
         5.2585         8.66817        0.577969 
        5.26463         8.63906        0.576239 
        5.27077         8.61617        0.574516 
         5.2769         8.60002          0.5728 
        5.28304         8.57021        0.571091 
        5.28917          8.5482        0.569389 
         5.2953         8.52543        0.567695 
        5.30144         8.50091        0.566007 
        5.30757         8.48127        0.564325 
        5.31371         8.44681         0.56265 
        5.31985         8.43453        0.560982 
        5.32599         8.41307         0.55932 
        5.33213         8.38809        0.557665 
        5.33826          8.3733        0.556018 
         5.3444         8.35012        0.554377 
        5.35053         8.32713        0.552743 
        5.35667          8.3099        0.551115 
        5.36281         8.28474        0.549493 
        5.36894          8.2636        0.547879 
        5.37507         8.23878        0.546272 
        5.38121         8.22794         0.54467 
        5.38735         8.20812        0.543075 
        5.39348         8.18388        0.541487 
        5.39961         8.16067        0.539906 
        5.40575         8.14852        0.538329 
        5.41189         8.11953        0.536759 
        5.41803         8.09539        0.535195 
        5.42416         8.07617        0.533638 
         5.4303         8.05884        0.532087 
        5.43644         8.04047        0.530542 
        5.44257         8.01623        0.529004 
        5.44871         7.99833        0.527471 
        5.45484         7.97909        0.525945 
        5.46098         7.96382        0.524424 
        5.46712         7.94214        0.522909 
        5.47325         7.92031        0.521401 
        5.47938         7.90632          0.5199 
        5.48552         7.88019        0.518405 
        5.49165         7.86042        0.516914 
        5.49779         7.84818         0.51543 
        5.50393         7.83107         0.51395 
        5.51006         7.80676        0.512477 
         5.5162          7.7907         0.51101 
        5.52234         7.77453        0.509548 
        5.52847         7.75911        0.508092 
        5.53461         7.74129        0.506642 
        5.54075         7.71701        0.505198 
        5.54688         7.69874         0.50376 
        5.55302         7.68301        0.502326 
        5.55915         7.67055        0.500899 
        5.56529         7.64771        0.499477 
        5.57143         7.63502        0.498061 
        5.57756         7.61888        0.496649 
         5.5837         7.60014        0.495244 
        5.58983         7.58711        0.493846 
        5.59597         7.56406        0.492451 
         5.6021         7.54581        0.491062 
        5.60824         7.53265        0.489678 
        5.61438         7.51606          0.4883 
        5.62051         7.50152        0.486927 
        5.62665          7.4831        0.485559 
        5.63278         7.46895        0.484197 
        5.63892         7.45146         0.48284 
        5.64505         7.43972        0.481488 
        5.65119         7.42718        0.480141 
        5.65733         7.40554          0.4788 
        5.66346         7.39084        0.477463 
         5.6696         7.37758        0.476132 
        5.67573         7.35722        0.474806 
        5.68187         7.34925        0.473485 
          5.688         7.33432        0.472169 
        5.69414         7.32034        0.470858 
        5.70028          7.3003        0.469551 
        5.70642         7.29193         0.46825 
        5.71255         7.27942        0.466953 
        5.71869         7.26138        0.465663 
        5.72482         7.24216        0.464377 
        5.73096         7.23157        0.463095 
        5.73709         7.22063        0.461819 
        5.74322         7.20501        0.460548 
        5.74936         7.19367         0.45928 
         5.7555         7.17954        0.458017 
        5.76164         7.16944         0.45676 
        5.76777         7.15677        0.455508 
        5.77391         7.13833        0.454259 
        5.78005         7.12808        0.453015 
        5.78618         7.10422        0.451777 
        5.79231         7.10309        0.450545 
        5.79845         7.08477        0.449315 
        5.80459         7.07523        0.448089 
        5.81073         7.06191        0.446869 
        5.81686         7.05494        0.445654 
          5.823          7.0382        0.444442 
        5.82914         7.02623        0.443235 
        5.83527         7.01537        0.442034 
         5.8414         7.00426        0.440837 
        5.84754         6.99039        0.439643 
        5.85368         6.98258        0.438454 
        5.85981         6.97441         0.43727 
        5.86595         6.95574         0.43609 
        5.87208         6.95224        0.434914 
        5.87822         6.94104        0.433744 
        5.88435         6.92436        0.432577 
        5.89049         6.91371        0.431414 
        5.89662         6.90408        0.430256 
        5.90276          6.8916        0.429101 
         5.9089          6.8811        0.427951 
        5.91503         6.87234        0.426806 
        5.92117         6.86121        0.425665 
        5.92731         6.84811        0.424527 
        5.93344          6.8408        0.423394 
        5.93958         6.83366        0.422265 
        5.94572          6.8221         0.42114 
        5.95186         6.81241        0.420019 
        5.95799         6.80506        0.418903 
        5.96412         6.79607        0.417791 
        5.97026         6.79069        0.416682 
         5.9764         6.77803        0.415578 
        5.98253         6.77063        0.414478 
        5.98866         6.76517        0.413382 
         5.9948         6.75333        0.412289 
        6.00094         6.73901          0.4112 
        6.00707         6.73241        0.410116 
        6.01321         6.72816        0.409035 
        6.01935         6.72067        0.407958 
        6.02548         6.71135        0.406886 
        6.03162         6.70207        0.405817 
        6.03775           6.699        0.404752 
        6.04389         6.68586        0.403691 
        6.05003         6.67936        0.402633 
        6.05617         6.67224        0.401579 
         6.0623         6.66491        0.400529 
        6.06844         6.65922        0.399483 
        6.07457         6.65104        0.398441 
         6.0807         6.64224        0.397403 
        6.08684         6.63908        0.396368 
        6.09298         6.63075        0.395337 
        6.09912         6.62452        0.394309 
        6.10525         6.62215        0.393285 
        6.11138         6.61095        0.392265 
        6.11752          6.6095        0.391248 
        6.12366         6.60122        0.390235 
        6.12979         6.59146        0.389227 
        6.13593         6.58951        0.388221 
        6.14207         6.58705        0.387218 
         6.1482         6.58009        0.386219 
        6.15434         6.57376        0.385225 
        6.16047         6.57096        0.384234 
        6.16661          6.5644        0.383245 
        6.17274         6.56369        0.382261 
        6.17887         6.55737         0.38128 
        6.18501         6.55312        0.380302 
        6.19115         6.54971        0.379328 
        6.19729         6.54098        0.378356 
        6.20342         6.54344        0.377389 
        6.20956         6.53909        0.376425 
         6.2157         6.53399        0.375464 
        6.22183         6.52955        0.374507 
        6.22797         6.52821        0.373553 
         6.2341         6.52392        0.372603 
        6.24024         6.51931        0.371655 
        6.24638         6.51713        0.370711 
        6.25251         6.51095         0.36977 
        6.25865         6.50726        0.368833 
        6.26478          6.5121        0.367899 
        6.27092         6.50793        0.366968 
        6.27705         6.50388        0.366041 
        6.28318         6.49788        0.365117 
