# k  (h/Mpc)    Pcb(k)  (Mpc/h)^3    Pcb_linear(k)  (Mpc/h)^3
     0.00783031         2258.61          2273.6 
       0.013688         2764.94         2800.66 
       0.019231         2819.57          2836.3 
      0.0249154         2625.32         2622.09 
      0.0312784         2263.09         2266.54 
      0.0375637         1915.25         1922.82 
      0.0433917          1669.3         1666.17 
      0.0492413         1476.61         1479.34 
      0.0555754         1346.59         1342.13 
      0.0619321         1231.15         1244.73 
       0.067871         1161.63         1165.16 
      0.0738098          1078.9         1080.24 
      0.0800417          981.18         979.434 
      0.0862327         871.284         872.144 
      0.0921407         773.092         772.953 
      0.0982031         689.058         684.144 
       0.104506         611.467         611.863 
       0.110769         561.906         560.839 
       0.116806         533.309         527.407 
       0.122832          504.77         503.299 
       0.129052         484.373         481.323 
       0.135211         462.643         457.168 
       0.141259         431.534         428.804 
       0.147318           396.7         396.466 
       0.153489         365.257         362.323 
       0.159709          336.46         330.219 
       0.165845          305.78         303.497 
       0.171974         291.078         282.849 
       0.178125         275.775         267.765 
       0.184229         261.821         256.824 
        0.19034         254.996         247.829 
       0.196428          245.74         238.886 
       0.202534         231.704         228.651 
       0.208729         223.035         216.603 
       0.214876         211.689         203.505 
       0.220989         195.662          190.37 
       0.227147         187.242         178.121 
        0.23329         177.556          167.65 
       0.239377         170.319         159.266 
       0.245482         162.365          152.65 
       0.251667          155.65         147.228 
       0.257832         153.027          142.41 
       0.263955         145.742         137.603 
       0.270079         140.324         132.396 
        0.27624         133.883         126.681 
       0.282372         128.611          120.71 
        0.28843         125.336         114.849 
       0.294538         119.132         109.321 
       0.300721         113.352         104.351 
        0.30691         110.633         100.098 
       0.313033         106.155         96.5241 
       0.319153         104.209         93.4076 
       0.325316          99.895         90.5026 
        0.33145         96.7043         87.6538 
       0.337538          93.772         84.7429 
       0.343633         90.9689         81.7279 
       0.349808         87.6981         78.6161 
       0.355968         84.7448         75.5657 
       0.362074         82.8023         72.6959 
       0.368217         80.1784         70.0443 
       0.374374         78.2178         67.6525 
       0.380519         74.9076         65.5069 
       0.386598         72.8596         63.5716 
       0.392688          70.714         61.7446 
        0.39888         69.3958         59.9384 
       0.405048         67.7073         58.1507 
       0.411186         65.9102          56.364 
       0.417313         63.9895         54.5915 
       0.423458         62.1006          52.853 
       0.429607         60.9137         51.1823 
       0.435692          59.787         49.6263 
       0.441815         57.5102         48.1677 
       0.447964         55.7495         46.8023 
       0.454126         54.7669          45.521 
       0.460267         54.1891          44.308 
       0.466387         52.6651         43.1379 
        0.47254         51.8796         41.9852 
       0.478662         50.1619          40.859 
       0.484765         49.1266         39.7562 
       0.490885         47.7035         38.6762 
       0.497035         46.9812         37.6276 
       0.503198         45.8967         36.6238 
       0.509342         44.6333          35.672 
       0.515458         44.0461           34.77 
       0.521598         42.9799         33.9067 
       0.527764         42.3758         33.0765 
       0.533884         41.4812          32.281 
           0.54         40.6105         31.5071 
       0.546137         39.3936         30.7482 
       0.552299         38.7157         30.0051 
       0.558452          37.894         29.2841 
       0.564573         37.5465         28.5889 
       0.570708         36.5161         27.9152 
       0.576825         36.0389         27.2674 
       0.582926         35.4155         26.6461 
       0.589034         34.7027         26.0479 
       0.595184         34.2501          25.467 
       0.601379         33.3219         24.9005 
       0.607522          32.787         24.3544 
       0.613639         32.2811         23.8246 
       0.619772         31.7073         23.3075 
       0.625918         31.0912         22.8038 
       0.632068         30.8122         22.3144 
       0.638161           30.17         21.8441 
         0.6443         29.7076         21.3844 
       0.650464         28.9711         20.9369 
       0.656582          28.787          20.506 
       0.662703         28.4238         20.0879 
       0.668861         27.6734         19.6797 
       0.675024         27.3401         19.2829 
       0.681124          27.167         18.9011 
       0.687237         26.6025         18.5288 
       0.693381         26.0631         18.1643 
       0.699536         25.9258         17.8085 
       0.705665         25.4348         17.4634 
       0.711789         24.9907         17.1277 
       0.717957         24.4905         16.7986 
        0.72409         24.2659         16.4802 
       0.730186         24.1429         16.1723 
       0.736317         23.6355          15.871 
       0.742472         23.3429         15.5765 
       0.748622         22.9728         15.2899 
        0.75476         22.4105         15.0112 
       0.760888         22.3426         14.7398 
       0.767043         21.9521          14.474 
       0.773185         21.7107         14.2152 
       0.779291         21.4817         13.9641 
       0.785407         21.1243         13.7186 
       0.791564         20.9862         13.4776 
       0.797719         20.5241         13.2424 
       0.803834          20.433         13.0144 
       0.809972         20.0406         12.7911 
       0.816124          19.825         12.5725 
       0.822261         19.6044         12.3597 
       0.828378         19.3937         12.1526 
       0.834502         19.1899           11.95 
       0.840667         18.9803         11.7508 
       0.846816         18.5658         11.5568 
       0.852925         18.5089         11.3683 
       0.859047         18.2892         11.1837 
       0.865192          18.027         11.0026 
       0.871341         17.7955         10.8254 
       0.877463          17.597         10.6529 
       0.883569         17.4916         10.4846 
       0.889708         17.2069         10.3191 
       0.895864         16.9912         10.1568 
       0.902008         16.7981         9.99828 
       0.908149         16.5802         9.84328 
       0.914301         16.4912         9.69133 
       0.920448          16.247         9.54275 
       0.926574         16.1314         9.39781 
       0.932687         15.9056          9.2562 
       0.938823         15.6998         9.11702 
       0.944975         15.5893         8.98039 
       0.951105         15.4126         8.84706 
       0.957225         15.3129         8.71668 
       0.963368         15.0739         8.58849 
       0.969511         14.9256         8.46289 
       0.975621         14.7897         8.34048 
       0.981748         14.5979         8.22019 
       0.987916         14.4985         8.10152 
        0.99406         14.3296         7.98565 
        1.00019         14.2244         7.87228 
        1.00632         14.1032         7.76122 
        1.01246         13.9512         7.65215 
        1.01859         13.7908         7.54536 
        1.02471         13.6392         7.44074 
        1.03085         13.5823         7.33775 
        1.03698          13.455         7.23693 
        1.04314         13.2835         7.13758 
        1.04929         13.1198         7.04034 
        1.05541         13.0577          6.9453 
        1.06154         12.9404         6.85179 
        1.06769         12.8349         6.75986 
        1.07382         12.6454         6.66993 
        1.07993         12.5435         6.58184 
        1.08607         12.4813         6.49499 
        1.09222          12.324         6.40962 
        1.09836         12.2627         6.32588 
        1.10449         12.1037         6.24375 
        1.11063         12.0537         6.16298 
        1.11677         11.9703         6.08368 
         1.1229         11.8509         6.00591 
        1.12903         11.7535         5.92944 
        1.13518         11.6035         5.85424 
        1.14131          11.537         5.78039 
        1.14745         11.3768         5.70786 
        1.15359         11.2879         5.63656 
        1.15973          11.199         5.56645 
        1.16584         11.1098         5.49785 
        1.17197          11.009         5.43032 
        1.17811         10.9252         5.36371 
        1.18424         10.8509         5.29842 
        1.19038         10.7878         5.23403 
        1.19652         10.6846         5.17073 
        1.20267         10.6113         5.10849 
        1.20881         10.4846         5.04728 
        1.21495         10.4141         4.98717 
        1.22108         10.3582         4.92806 
         1.2272         10.2659         4.87004 
        1.23334         10.2192         4.81282 
        1.23949         10.1123          4.7564 
        1.24562           10.03         4.70103 
        1.25174         9.97604         4.64663 
        1.25789         9.85498         4.59292 
        1.26402         9.82223         4.54016 
        1.27014         9.76944         4.48836 
        1.27628          9.6398         4.43721 
        1.28244         9.62933         4.38676 
        1.28858         9.53807         4.33717 
        1.29471         9.41551         4.28845 
        1.30084         9.35402         4.24052 
        1.30697         9.34414         4.19326 
        1.31312         9.24129         4.14664 
        1.31925         9.18903         4.10089 
        1.32537         9.12208         4.05587 
        1.33151         9.05377         4.01136 
        1.33765         8.98512         3.96756 
        1.34378         8.96928         3.92449 
        1.34992         8.87419         3.88203 
        1.35606         8.79801         3.84011 
         1.3622         8.73201         3.79889 
        1.36833         8.69591         3.75837 
        1.37445         8.63518         3.71846 
        1.38059         8.57185         3.67901 
        1.38675         8.51821         3.64003 
        1.39288         8.44023         3.60178 
        1.39901         8.38619          3.5641 
        1.40515         8.33404         3.52687 
         1.4113         8.27022         3.49019 
        1.41742         8.23898         3.45417 
        1.42355          8.1589         3.41859 
         1.4297         8.12049          3.3834 
        1.43585         8.07822         3.34873 
        1.44198         8.02627         3.31467 
        1.44809         7.97085         3.28115 
        1.45423         7.90797         3.24797 
        1.46036         7.86735         3.21531 
        1.46649         7.81422         3.18309 
        1.47263         7.77606         3.15128 
        1.47877         7.72089         3.11993 
        1.48491         7.68752         3.08894 
        1.49104         7.61858         3.05845 
        1.49718         7.59248         3.02834 
        1.50333         7.53834         2.99859 
        1.50947          7.4805          2.9693 
         1.5156         7.45772         2.94045 
        1.52172         7.40476         2.91198 
        1.52787         7.36855         2.88383 
          1.534         7.31737         2.85608 
        1.54013         7.28661         2.82873 
        1.54627         7.23215         2.80169 
        1.55241         7.17219         2.77499 
        1.55855          7.1614         2.74869 
        1.56467         7.11652         2.72279 
         1.5708           7.071         2.69716 
        1.57695         7.01651         2.67182 
        1.58308         6.97076         2.64686 
        1.58922         6.94854          2.6222 
        1.59535         6.90906         2.59787 
         1.6015         6.84529         2.57381 
        1.60764         6.81997         2.55006 
        1.61376         6.79477         2.52669 
        1.61989         6.73206         2.50358 
        1.62604         6.71382         2.48072 
        1.63218         6.68088         2.45815 
        1.63831         6.63936         2.43591 
        1.64444         6.58437         2.41395 
        1.65059         6.55573          2.3922 
        1.65673         6.53525         2.37074 
        1.66285         6.49672         2.34961 
        1.66898         6.46379         2.32872 
        1.67512         6.42275         2.30805 
        1.68127         6.37393         2.28761 
         1.6874         6.35509         2.26747 
        1.69353         6.30721         2.24758 
        1.69967         6.28887         2.22787 
        1.70581         6.24208         2.20842 
        1.71193         6.22306         2.18927 
        1.71806         6.18568          2.1703 
        1.72421         6.14733         2.15153 
        1.73035         6.12359         2.13299 
        1.73649         6.09191         2.11468 
        1.74262         6.04311          2.0966 
        1.74876         6.04223         2.07872 
        1.75489          6.0004         2.06108 
        1.76101         5.95217         2.04365 
        1.76715         5.94594          2.0264 
        1.77329         5.91289         2.00933 
        1.77943         5.86307         1.99244 
        1.78557         5.86324         1.97578 
        1.79171         5.82725          1.9593 
        1.79785         5.80256         1.94301 
        1.80399         5.74844          1.9269 
        1.81012         5.73763           1.911 
        1.81625         5.69877         1.89529 
        1.82239         5.67987         1.87973 
        1.82853         5.64168         1.86435 
        1.83466          5.6019         1.84916 
        1.84078         5.58718         1.83415 
        1.84692         5.56164         1.81929 
        1.85306          5.5351         1.80457 
         1.8592         5.51899         1.79003 
        1.86533         5.49378         1.77567 
        1.87147         5.46394         1.76145 
        1.87761         5.44452         1.74737 
        1.88375         5.40862         1.73347 
        1.88988         5.38307         1.71973 
        1.89601         5.36268         1.70613 
        1.90215         5.32523         1.69267 
        1.90829         5.31474         1.67936 
        1.91442         5.28041         1.66619 
        1.92056         5.27538         1.65318 
         1.9267         5.23229         1.64029 
        1.93284         5.22807         1.62753 
        1.93897         5.18784         1.61493 
        1.94509         5.15028         1.60249 
        1.95123         5.14591         1.59015 
        1.95737         5.12528         1.57793 
        1.96349         5.08685         1.56587 
        1.96964         5.06589          1.5539 
        1.97578         5.04953         1.54205 
        1.98192         5.02279         1.53035 
        1.98805         5.00564         1.51877 
        1.99419         4.98769         1.50731 
        2.00033         4.95115         1.49596 
        2.00647         4.94246         1.48472 
         2.0126         4.92056         1.47363 
        2.01874         4.89757         1.46263 
        2.02488         4.87962         1.45173 
        2.03101         4.84458         1.44096 
        2.03714         4.82431         1.43032 
        2.04328          4.8114         1.41976 
        2.04941         4.78405         1.40933 
        2.05554         4.77393           1.399 
        2.06167         4.75328         1.38876 
        2.06781         4.72737         1.37863 
        2.07396          4.7049         1.36858 
        2.08009          4.6896         1.35865 
        2.08622         4.67631         1.34883 
        2.09237         4.66163         1.33909 
        2.09851         4.62565         1.32944 
        2.10464         4.61282          1.3199 
        2.11077          4.5978         1.31047 
        2.11691         4.58157          1.3011 
        2.12305         4.55382         1.29183 
        2.12918         4.54215         1.28267 
        2.13531         4.51894          1.2736 
        2.14145         4.50273          1.2646 
         2.1476         4.48309         1.25567 
        2.15372         4.46117         1.24687 
        2.15985         4.45251         1.23815 
        2.16599         4.43443         1.22949 
        2.17213         4.42567         1.22092 
        2.17827         4.38988         1.21243 
         2.1844         4.37534         1.20403 
        2.19054         4.36507         1.19571 
        2.19666         4.34626         1.18747 
         2.2028         4.31561         1.17931 
        2.20893          4.3171         1.17122 
        2.21508         4.29512          1.1632 
        2.22122         4.26226         1.15525 
        2.22736          4.2533         1.14739 
        2.23349         4.23804          1.1396 
        2.23962          4.2293         1.13188 
        2.24577         4.19932         1.12423 
         2.2519         4.20034         1.11666 
        2.25802         4.16084         1.10917 
        2.26417         4.15597         1.10173 
        2.27031         4.13952         1.09435 
        2.27644         4.12352         1.08706 
        2.28257         4.10871         1.07983 
        2.28872         4.09467         1.07266 
        2.29486         4.07412         1.06555 
        2.30099         4.06287         1.05852 
        2.30712         4.04571         1.05155 
        2.31326         4.03286         1.04464 
         2.3194         4.01321         1.03779 
        2.32553         3.99902         1.03101 
        2.33166         3.98955         1.02429 
         2.3378         3.97421         1.01763 
        2.34394         3.95327         1.01102 
        2.35007         3.93826         1.00448 
        2.35619         3.93321        0.998008 
        2.36233         3.90749        0.991576 
        2.36848         3.90104        0.985187 
        2.37462         3.88678        0.978868 
        2.38075          3.8769        0.972611 
        2.38689           3.862        0.966402 
        2.39303         3.84195        0.960249 
        2.39916         3.83257        0.954156 
        2.40529         3.81274        0.948116 
        2.41143         3.80675        0.942124 
        2.41757         3.79421         0.93618 
         2.4237         3.77614        0.930299 
        2.42983         3.76813        0.924469 
        2.43598         3.75662        0.918673 
        2.44211         3.73614        0.912936 
        2.44823         3.72111        0.907261 
        2.45437         3.70727        0.901619 
        2.46052         3.69936        0.896019 
        2.46665         3.68636        0.890477 
        2.47279         3.66644        0.884984 
        2.47892         3.65784        0.879533 
        2.48507         3.64928        0.874123 
         2.4912         3.63358        0.868769 
        2.49733         3.61947        0.863463 
        2.50347         3.60107         0.85819 
        2.50961         3.59604        0.852962 
        2.51575         3.58087         0.84778 
        2.52188         3.56891        0.842648 
        2.52802         3.55909        0.837552 
        2.53416          3.5475        0.832497 
        2.54029         3.54253        0.827492 
        2.54641         3.52702         0.82253 
        2.55255         3.51087        0.817603 
        2.55869         3.50016        0.812709 
        2.56483         3.48903        0.807861 
        2.57096         3.48137        0.803059 
        2.57709         3.47264        0.798294 
        2.58323         3.45782        0.793563 
        2.58937         3.43529        0.788868 
        2.59551         3.44086        0.784216 
        2.60164          3.4189        0.779603 
        2.60778         3.41284        0.775023 
        2.61392         3.39992         0.77048 
        2.62006         3.38734        0.765975 
        2.62619         3.37757        0.761512 
        2.63232         3.36379        0.757082 
        2.63846         3.35122        0.752683 
        2.64459         3.34509        0.748324 
        2.65072         3.33658           0.744 
        2.65686         3.32415         0.73971 
          2.663         3.31176        0.735445 
        2.66915         3.30537        0.731215 
        2.67527         3.29903        0.727028 
        2.68141         3.27949        0.722871 
        2.68755         3.27064        0.718743 
        2.69368         3.26545        0.714651 
        2.69981         3.25424        0.710596 
        2.70595          3.2422        0.706562 
        2.71209         3.23388        0.702559 
        2.71823         3.22161        0.698593 
        2.72436         3.21514        0.694659 
         2.7305         3.20321        0.690753 
        2.73663         3.19662        0.686877 
        2.74276         3.18458        0.683035 
         2.7489         3.17657        0.679219 
        2.75504          3.1664        0.675428 
        2.76118          3.1611        0.671665 
        2.76732         3.15007        0.667936 
        2.77345         3.13329        0.664236 
        2.77959         3.12543        0.660564 
        2.78572         3.12035         0.65692 
        2.79186         3.10931        0.653304 
        2.79798         3.10313         0.64972 
        2.80412         3.08698        0.646155 
        2.81027         3.08544        0.642613 
         2.8164         3.06741        0.639106 
        2.82253         3.06321        0.635624 
        2.82867         3.05559        0.632167 
        2.83481         3.04502        0.628734 
        2.84095         3.03535        0.625327 
        2.84708         3.03104        0.621949 
        2.85322         3.01617        0.618592 
        2.85935         3.00619        0.615261 
        2.86549         3.00349        0.611956 
        2.87162         2.99528        0.608675 
        2.87776         2.98666        0.605419 
        2.88389         2.98134        0.602184 
        2.89003         2.97144        0.598975 
        2.89617         2.96435        0.595788 
        2.90231         2.95211        0.592624 
        2.90844         2.94551        0.589484 
        2.91458         2.93859        0.586367 
        2.92071          2.9292        0.583276 
        2.92684         2.92309        0.580203 
        2.93298          2.9118        0.577155 
         2.9391         2.90554        0.574132 
        2.94524         2.89856        0.571126 
        2.95138          2.8908        0.568141 
        2.95752         2.88192        0.565174 
        2.96367         2.87368        0.562228 
         2.9698          2.8687        0.559309 
        2.97594         2.85783        0.556408 
        2.98207         2.85294        0.553528 
        2.98821         2.84357         0.55067 
        2.99434         2.83614        0.547833 
        3.00048         2.83263        0.545014 
        3.00662         2.82207        0.542213 
        3.01275         2.81997        0.539437 
        3.01888         2.80857        0.536679 
        3.02503         2.80084        0.533936 
        3.03117         2.79509        0.531214 
        3.03729         2.78642        0.528517 
        3.04342         2.78137        0.525836 
        3.04957         2.77263        0.523167 
         3.0557         2.76777        0.520521 
        3.06183         2.75983        0.517899 
        3.06796          2.7502        0.515291 
        3.07411         2.74646        0.512695 
        3.08025         2.73868        0.510122 
        3.08637         2.73041        0.507571 
         3.0925         2.72291        0.505034 
        3.09865         2.71767         0.50251 
         3.1048         2.71443        0.500003 
        3.11093         2.70633        0.497518 
        3.11706         2.69921        0.495051 
         3.1232         2.69475        0.492598 
        3.12933          2.6905        0.490162 
        3.13547         2.67977        0.487743 
        3.14159         2.67397        0.485344 
        3.14773         2.66926        0.482957 
        3.15388         2.66395        0.480583 
        3.16001         2.65985         0.47823 
        3.16614         2.65082        0.475893 
        3.17228         2.64446        0.473569 
        3.17842         2.63791        0.471262 
        3.18455         2.63588        0.468971 
        3.19068         2.63014        0.466696 
        3.19682         2.61908        0.464433 
        3.20297         2.61898        0.462184 
         3.2091         2.61501        0.459953 
        3.21524         2.60726        0.457736 
        3.22138          2.6004        0.455533 
         3.2275         2.59473        0.453349 
        3.23363         2.59167        0.451178 
        3.23977          2.5846        0.449019 
        3.24591         2.57731        0.446874 
        3.25205         2.57252        0.444741 
        3.25818         2.56904        0.442624 
        3.26432          2.5646        0.440522 
        3.27046           2.558        0.438432 
         3.2766         2.55106        0.436356 
        3.28273         2.54719        0.434294 
        3.28887         2.54034        0.432246 
          3.295         2.53901         0.43021 
        3.30113         2.53362        0.428189 
        3.30727         2.52491        0.426179 
        3.31341         2.52081        0.424184 
        3.31954         2.51552        0.422201 
        3.32568          2.5082        0.420229 
        3.33182         2.50707         0.41827 
        3.33795         2.50459        0.416326 
        3.34409         2.50103        0.414392 
        3.35022         2.49151         0.41247 
        3.35636         2.48783        0.410562 
         3.3625         2.48609        0.408665 
        3.36864         2.48239        0.406779 
        3.37477         2.47719        0.404907 
        3.38091         2.47254        0.403047 
        3.38704         2.46239        0.401198 
        3.39318          2.4609        0.399361 
        3.39931         2.45732        0.397534 
        3.40545         2.45345         0.39572 
        3.41158         2.45043        0.393917 
        3.41772         2.44668        0.392126 
        3.42385         2.44028        0.390346 
        3.42998         2.43961        0.388577 
        3.43612         2.43299         0.38682 
        3.44226         2.43044        0.385071 
         3.4484         2.42387        0.383332 
        3.45453         2.42318        0.381607 
        3.46066         2.42068        0.379893 
        3.46681         2.41567        0.378186 
        3.47295         2.41083        0.376489 
        3.47908         2.41109        0.374808 
        3.48521         2.40077        0.373136 
        3.49135         2.39937        0.371471 
        3.49749          2.3966        0.369818 
        3.50362         2.39526        0.368175 
        3.50976         2.38999        0.366542 
        3.51589         2.38612        0.364919 
        3.52203         2.38594        0.363306 
        3.52816         2.37793        0.361704 
        3.53429         2.37684        0.360111 
        3.54043         2.37389        0.358525 
        3.54657         2.36819        0.356949 
        3.55271         2.36601        0.355385 
        3.55884         2.36174        0.353831 
        3.56498         2.35702        0.352283 
        3.57112         2.35395        0.350744 
        3.57725         2.34943        0.349217 
        3.58338         2.34777          0.3477 
        3.58952         2.34722         0.34619 
        3.59566         2.34372        0.344687 
         3.6018          2.3426        0.343195 
        3.60793         2.33738        0.341713 
        3.61407         2.33481        0.340239 
        3.62021         2.33393        0.338773 
        3.62634            2.33        0.337317 
        3.63247          2.3282        0.335869 
        3.63861         2.32381         0.33443 
        3.64475         2.32142        0.332997 
        3.65089         2.31834        0.331574 
        3.65702          2.3196        0.330161 
        3.66316         2.31345        0.328754 
        3.66929         2.31312        0.327356 
        3.67543          2.3082        0.325967 
        3.68156         2.30846        0.324586 
        3.68769         2.30306        0.323212 
        3.69383         2.30243        0.321846 
        3.69997         2.30147        0.320487 
        3.70611         2.29566        0.319138 
        3.71224         2.29282        0.317795 
        3.71838         2.29108         0.31646 
        3.72451         2.28828        0.315134 
        3.73065         2.28439        0.313816 
        3.73678          2.2873        0.312505 
        3.74292         2.28319        0.311199 
        3.74906         2.28133        0.309903 
        3.75519         2.27933        0.308614 
        3.76133         2.27622        0.307332 
        3.76746         2.27479        0.306058 
         3.7736         2.27134        0.304791 
        3.77974         2.27243         0.30353 
        3.78588         2.26985        0.302276 
        3.79201           2.267        0.301031 
        3.79814         2.26659        0.299793 
        3.80428         2.26338        0.298561 
        3.81042         2.26033        0.297335 
        3.81655         2.25979        0.296117 
        3.82268         2.25525        0.294907 
        3.82882         2.25479        0.293703 
        3.83496         2.25458        0.292505 
        3.84109         2.25477        0.291313 
        3.84723         2.25047         0.29013 
        3.85337         2.24777        0.288951 
        3.85951         2.24732        0.287778 
        3.86565         2.24751        0.286614 
        3.87178          2.2451        0.285457 
        3.87791         2.23962        0.284305 
        3.88405         2.24231        0.283159 
        3.89019         2.24097         0.28202 
        3.89632         2.23684        0.280888 
        3.90246         2.23931        0.279761 
         3.9086         2.23657         0.27864 
        3.91473         2.23674        0.277527 
        3.92086         2.23109         0.27642 
        3.92699         2.23533        0.275318 
        3.93313         2.23102        0.274221 
        3.93927         2.22988        0.273131 
         3.9454         2.22891        0.272047 
        3.95154         2.22779        0.270968 
        3.95768         2.22472        0.269896 
        3.96382         2.22623        0.268829 
        3.96995         2.22511        0.267768 
        3.97609         2.22083        0.266713 
        3.98222         2.22255        0.265665 
        3.98836         2.22107        0.264621 
         3.9945         2.21901        0.263582 
        4.00063         2.21799         0.26255 
        4.00677         2.21795        0.261523 
        4.01291         2.21631        0.260501 
        4.01904         2.21835        0.259486 
        4.02517         2.21513        0.258477 
        4.03131         2.21459         0.25747 
        4.03745         2.21336         0.25647 
        4.04358         2.20833        0.255476 
        4.04972         2.21067        0.254487 
        4.05585         2.20838        0.253503 
        4.06199         2.21035        0.252524 
        4.06812         2.20872        0.251551 
        4.07426         2.20853        0.250582 
         4.0804         2.20639        0.249618 
        4.08654         2.20378        0.248659 
        4.09267         2.20578        0.247707 
         4.0988         2.20219         0.24676 
        4.10494         2.20346        0.245817 
        4.11108         2.20063        0.244878 
        4.11721         2.20277        0.243945 
        4.12334         2.20303        0.243017 
        4.12948         2.20333        0.242093 
        4.13561         2.19893        0.241174 
        4.14176         2.20105        0.240259 
        4.14789          2.1987         0.23935 
        4.15403         2.19866        0.238445 
        4.16016         2.19646        0.237545 
         4.1663         2.20018         0.23665 
        4.17243         2.19925         0.23576 
        4.17857         2.19605        0.234874 
        4.18471         2.19616        0.233992 
        4.19084         2.19606        0.233115 
        4.19698         2.19575        0.232243 
        4.20312         2.19405        0.231374 
        4.20925          2.1963        0.230511 
        4.21538         2.19384        0.229653 
        4.22152         2.19362        0.228798 
        4.22766         2.19352        0.227947 
         4.2338         2.19127        0.227101 
        4.23993         2.19153        0.226259 
        4.24607         2.19017        0.225422 
         4.2522         2.19188        0.224589 
        4.25834         2.19167         0.22376 
        4.26447         2.18976        0.222935 
        4.27061         2.18852        0.222115 
        4.27674         2.19038        0.221299 
        4.28288         2.18834        0.220486 
        4.28902         2.18999        0.219677 
        4.29515         2.18797        0.218874 
        4.30129         2.18699        0.218073 
        4.30743         2.18898        0.217277 
        4.31356          2.1864        0.216484 
        4.31969          2.1891        0.215697 
        4.32583         2.18724        0.214913 
        4.33197         2.18798        0.214132 
         4.3381         2.18418        0.213355 
        4.34424         2.18564        0.212583 
        4.35038          2.1858        0.211813 
        4.35652         2.18308        0.211048 
        4.36265         2.18541        0.210287 
        4.36878          2.1824         0.20953 
        4.37492         2.18394        0.208776 
        4.38106         2.18501        0.208025 
        4.38719         2.18182        0.207279 
        4.39333         2.18244        0.206537 
        4.39946         2.18399        0.205798 
         4.4056         2.18306        0.205063 
        4.41173         2.18219        0.204331 
        4.41786         2.18054        0.203604 
          4.424         2.18258        0.202879 
        4.43014         2.18226        0.202157 
        4.43628         2.18477        0.201439 
        4.44241         2.17955        0.200725 
        4.44855         2.18229        0.200014 
        4.45469         2.18254        0.199306 
        4.46083          2.1828        0.198603 
        4.46696         2.18273        0.197903 
        4.47309         2.18126        0.197206 
        4.47923         2.18154        0.196512 
        4.48537          2.1825        0.195822 
         4.4915          2.1806        0.195135 
        4.49764         2.18023        0.194451 
        4.50378         2.18227         0.19377 
        4.50991         2.17787        0.193094 
        4.51604         2.17939         0.19242 
        4.52218         2.17682        0.191749 
        4.52832         2.18158        0.191081 
        4.53445          2.1818        0.190417 
        4.54059         2.17982        0.189756 
        4.54673         2.17425        0.189098 
        4.55286         2.18093        0.188443 
          4.559         2.17731        0.187791 
        4.56513         2.17881        0.187143 
        4.57127         2.17738        0.186497 
        4.57741         2.18136        0.185854 
        4.58354         2.17681        0.185215 
        4.58968         2.17613        0.184578 
        4.59582         2.17499        0.183944 
        4.60195          2.1769        0.183314 
        4.60809         2.17523        0.182687 
        4.61422         2.17513        0.182062 
        4.62036          2.1758        0.181441 
        4.62649         2.17932        0.180822 
        4.63263         2.17464        0.180206 
        4.63876         2.17725        0.179593 
         4.6449         2.17398        0.178982 
        4.65104         2.17532        0.178375 
        4.65717         2.17328        0.177771 
        4.66331          2.1735        0.177169 
        4.66944         2.17382         0.17657 
        4.67558         2.17524        0.175974 
        4.68171          2.1727        0.175381 
        4.68785         2.17193        0.174789 
        4.69399         2.17492        0.174201 
        4.70012         2.17389        0.173617 
        4.70625         2.17112        0.173034 
        4.71239         2.17066        0.172454 
        4.71853          2.1704        0.171877 
        4.72467         2.17339        0.171302 
         4.7308         2.17287         0.17073 
        4.73694         2.17309        0.170161 
        4.74308         2.17302        0.169594 
        4.74922         2.17234         0.16903 
        4.75535          2.1697        0.168468 
        4.76148         2.17131         0.16791 
        4.76762         2.16912        0.167353 
        4.77376         2.16869        0.166799 
        4.77989         2.16828        0.166248 
        4.78602         2.16755        0.165699 
        4.79216         2.16797        0.165152 
         4.7983         2.16601        0.164608 
        4.80443         2.16479        0.164067 
        4.81056         2.16712        0.163528 
         4.8167         2.16681        0.162991 
        4.82284         2.16561        0.162456 
        4.82898         2.16559        0.161925 
        4.83511         2.16642        0.161396 
        4.84125         2.16751        0.160868 
        4.84739         2.16741        0.160343 
        4.85352         2.16455        0.159821 
        4.85965         2.16613        0.159301 
        4.86579         2.16535        0.158783 
        4.87193         2.16469        0.158268 
        4.87807         2.16349        0.157755 
         4.8842         2.16564        0.157244 
        4.89034          2.1616        0.156735 
        4.89647         2.16258        0.156229 
        4.90261         2.16256        0.155725 
        4.90874         2.16282        0.155223 
        4.91488         2.16018        0.154723 
        4.92102         2.16187        0.154226 
        4.92715         2.15922         0.15373 
        4.93329         2.16053        0.153237 
        4.93942         2.16294        0.152746 
        4.94556         2.15947        0.152257 
         4.9517           2.159        0.151771 
        4.95783         2.15706        0.151286 
        4.96397         2.15682        0.150804 
        4.97011         2.15644        0.150323 
        4.97624         2.15555        0.149845 
        4.98238         2.15625        0.149369 
        4.98851         2.15543        0.148895 
        4.99465         2.15506        0.148423 
        5.00078         2.15104        0.147953 
        5.00691          2.1542        0.147486 
        5.01305         2.15538         0.14702 
        5.01919         2.15505        0.146555 
        5.02533         2.15096        0.146093 
        5.03146          2.1511        0.145634 
         5.0376         2.15247        0.145176 
        5.04374         2.15118         0.14472 
        5.04987         2.14892        0.144266 
        5.05601         2.14911        0.143814 
        5.06215         2.14899        0.143364 
        5.06829         2.15091        0.142915 
        5.07442         2.14682        0.142469 
        5.08055         2.14851        0.142025 
        5.08668         2.14756        0.141583 
        5.09282         2.14845        0.141142 
        5.09896         2.14669        0.140703 
        5.10509         2.14694        0.140267 
        5.11123         2.14627        0.139832 
        5.11736         2.14709        0.139399 
         5.1235         2.14429        0.138967 
        5.12964         2.14778        0.138538 
        5.13577         2.14159         0.13811 
        5.14191         2.14351        0.137684 
        5.14804          2.1437        0.137261 
        5.15418         2.14233        0.136838 
        5.16032         2.14105        0.136418 
        5.16645         2.14267        0.135999 
        5.17259         2.14158        0.135582 
        5.17872         2.14027        0.135167 
        5.18486         2.14123        0.134753 
          5.191         2.13856        0.134341 
        5.19713         2.13924        0.133932 
        5.20327         2.13803        0.133523 
        5.20941         2.13883        0.133117 
        5.21555         2.13665        0.132711 
        5.22168         2.13743        0.132308 
        5.22781         2.13681        0.131907 
        5.23395         2.13679        0.131507 
        5.24009         2.13453        0.131109 
        5.24622         2.13255        0.130712 
        5.25236         2.13337        0.130318 
         5.2585         2.13199        0.129924 
        5.26463         2.13163        0.129532 
        5.27077         2.12885        0.129142 
         5.2769         2.13171        0.128754 
        5.28304         2.13095        0.128367 
        5.28917         2.13022        0.127982 
         5.2953         2.12926        0.127599 
        5.30144         2.12825        0.127217 
        5.30757         2.12914        0.126836 
        5.31371         2.12849        0.126457 
        5.31985         2.12755         0.12608 
        5.32599         2.12601        0.125704 
        5.33213         2.12733        0.125329 
        5.33826         2.12734        0.124957 
         5.3444         2.12665        0.124585 
        5.35053         2.12501        0.124216 
        5.35667         2.12477        0.123847 
        5.36281         2.12391         0.12348 
        5.36894           2.125        0.123115 
        5.37507         2.12291        0.122752 
        5.38121         2.12219        0.122389 
        5.38735         2.12153        0.122028 
        5.39348         2.12211        0.121669 
        5.39961         2.11983        0.121311 
        5.40575         2.12232        0.120954 
        5.41189         2.11844        0.120599 
        5.41803         2.12032        0.120245 
        5.42416         2.11754        0.119893 
         5.4303         2.11832        0.119542 
        5.43644         2.11827        0.119193 
        5.44257         2.11809        0.118845 
        5.44871         2.11643        0.118498 
        5.45484         2.11582        0.118153 
        5.46098         2.11737        0.117809 
        5.46712         2.11457        0.117466 
        5.47325         2.11408        0.117125 
        5.47938         2.11448        0.116786 
        5.48552         2.11555        0.116447 
        5.49165         2.11238         0.11611 
        5.49779          2.1148        0.115774 
        5.50393         2.11143         0.11544 
        5.51006          2.1121        0.115106 
         5.5162         2.11083        0.114775 
        5.52234         2.11092        0.114444 
        5.52847         2.11164        0.114115 
        5.53461          2.1119        0.113787 
        5.54075         2.11068         0.11346 
        5.54688         2.10929        0.113135 
        5.55302         2.11068        0.112811 
        5.55915         2.10901        0.112488 
        5.56529         2.11091        0.112167 
        5.57143          2.1103        0.111846 
        5.57756         2.11009        0.111527 
         5.5837         2.10915        0.111209 
        5.58983         2.10846        0.110893 
        5.59597         2.11053        0.110578 
         5.6021         2.10841        0.110264 
        5.60824          2.1079        0.109951 
        5.61438         2.10832        0.109639 
        5.62051         2.10765        0.109329 
        5.62665         2.10864        0.109019 
        5.63278         2.10778        0.108711 
        5.63892         2.10727        0.108405 
        5.64505         2.10749        0.108099 
        5.65119         2.10764        0.107795 
        5.65733         2.10626        0.107491 
        5.66346         2.10656        0.107189 
         5.6696         2.10474        0.106888 
        5.67573         2.10617        0.106588 
        5.68187         2.10568         0.10629 
          5.688         2.10613        0.105992 
        5.69414         2.10651        0.105696 
        5.70028         2.10455          0.1054 
        5.70642         2.10577        0.105106 
        5.71255         2.10548        0.104813 
        5.71869         2.10548        0.104521 
        5.72482         2.10561        0.104231 
        5.73096         2.10647        0.103941 
        5.73709         2.10573        0.103653 
        5.74322         2.10709        0.103365 
        5.74936         2.10549        0.103079 
         5.7555         2.10685        0.102793 
        5.76164         2.10496        0.102509 
        5.76777         2.10617        0.102226 
        5.77391         2.10601        0.101944 
        5.78005         2.10508        0.101663 
        5.78618         2.10757        0.101383 
        5.79231         2.10648        0.101104 
        5.79845         2.10675        0.100826 
        5.80459         2.10956        0.100549 
        5.81073          2.1102        0.100274 
        5.81686         2.11024       0.0999992 
          5.823         2.10992       0.0997254 
        5.82914         2.10874       0.0994526 
        5.83527         2.11143       0.0991812 
         5.8414         2.10988       0.0989107 
        5.84754         2.11052       0.0986409 
        5.85368         2.11029       0.0983722 
        5.85981         2.11109       0.0981046 
        5.86595         2.11047       0.0978381 
        5.87208         2.11133       0.0975725 
        5.87822         2.11378        0.097308 
        5.88435         2.11427       0.0970444 
        5.89049          2.1129       0.0967817 
        5.89662         2.11436       0.0965199 
        5.90276         2.11335       0.0962591 
         5.9089         2.11263       0.0959992 
        5.91503         2.11579       0.0957405 
        5.92117         2.11573       0.0954826 
        5.92731         2.11714       0.0952256 
        5.93344         2.11739       0.0949696 
        5.93958         2.11887       0.0947146 
        5.94572          2.1171       0.0944605 
        5.95186         2.12237       0.0942072 
        5.95799         2.11977       0.0939551 
        5.96412         2.12108       0.0937039 
        5.97026          2.1216       0.0934533 
         5.9764         2.12277        0.093204 
        5.98253         2.12444       0.0929556 
        5.98866         2.12382       0.0927079 
         5.9948         2.12503        0.092461 
        6.00094         2.12668       0.0922152 
        6.00707          2.1302       0.0919702 
        6.01321         2.12858       0.0917261 
        6.01935          2.1293       0.0914829 
        6.02548         2.13214       0.0912406 
        6.03162         2.13328       0.0909992 
        6.03775          2.1334       0.0907588 
        6.04389         2.13569       0.0905191 
        6.05003         2.13685       0.0902801 
        6.05617         2.13693        0.090042 
         6.0623          2.1398       0.0898049 
        6.06844         2.14231       0.0895686 
        6.07457         2.14173       0.0893333 
         6.0807          2.1393       0.0890988 
        6.08684         2.14519       0.0888652 
        6.09298         2.14595       0.0886323 
        6.09912         2.14813       0.0884001 
        6.10525         2.14722        0.088169 
        6.11138         2.15193       0.0879386 
        6.11752         2.15037        0.087709 
        6.12366         2.15334       0.0874802 
        6.12979         2.15625       0.0872523 
        6.13593         2.15619       0.0870253 
        6.14207         2.15963       0.0867988 
         6.1482         2.16123       0.0865733 
        6.15434         2.16212       0.0863486 
        6.16047         2.16413       0.0861248 
        6.16661         2.16679       0.0859017 
        6.17274         2.16939       0.0856793 
        6.17887          2.1706       0.0854579 
        6.18501         2.17381       0.0852371 
        6.19115         2.17335       0.0850171 
        6.19729         2.17553       0.0847977 
        6.20342         2.17909       0.0845793 
        6.20956         2.17938       0.0843616 
         6.2157         2.18169       0.0841446 
        6.22183         2.18591       0.0839284 
        6.22797         2.18828       0.0837131 
         6.2341          2.1901       0.0834985 
        6.24024         2.19057       0.0832845 
        6.24638         2.19669       0.0830713 
        6.25251         2.19736        0.082859 
        6.25865         2.19962       0.0826473 
        6.26478         2.20197       0.0824364 
        6.27092         2.20385       0.0822263 
        6.27705         2.20843       0.0820169 
        6.28318         2.21003       0.0818082 
