# k  (h/Mpc)    P(k)  (Mpc/h)^3    P_linear(k)  (Mpc/h)^3
     0.00783031         20570.9         20986.5 
       0.013688         25392.5         25171.9 
       0.019231           24789         24769.4 
      0.0249154         21695.6         22252.6 
      0.0312784         18489.3         18746.1 
      0.0375637         15687.1         15690.3 
      0.0433917         13320.6         13592.8 
      0.0492413         12057.3         12163.5 
      0.0555754         10728.6         11131.1 
      0.0619321         10309.9         10320.5 
       0.067871         9232.12         9546.53 
      0.0738098         8402.79         8666.07 
      0.0800417          7365.6         7659.87 
      0.0862327         6562.32         6686.22 
      0.0921407         5940.18         5885.04 
      0.0982031         5288.22         5251.48 
       0.104506         4998.04         4795.69 
       0.110769         4659.25            4498 
       0.116806         4422.46         4287.33 
       0.122832         4206.27         4085.87 
       0.129052         3872.25         3842.11 
       0.135211         3624.58         3554.38 
       0.141259         3433.44         3246.84 
       0.147318         3204.76         2947.77 
       0.153489         2921.98         2683.82 
       0.159709         2764.67         2476.37 
       0.165845         2675.58          2328.4 
       0.171974         2546.36         2222.25 
       0.178125         2428.35         2136.44 
       0.184229         2316.26         2051.98 
        0.19034         2197.02         1955.56 
       0.196428         2136.68          1845.1 
       0.202534         2040.91         1725.93 
       0.208729         1942.53          1607.1 
       0.214876         1867.65          1501.3 
       0.220989         1799.67         1413.82 
       0.227147         1731.65         1344.07 
        0.23329         1665.25          1288.9 
       0.239377         1640.75         1242.27 
       0.245482         1541.52          1197.4 
       0.251667         1531.73         1149.48 
       0.257832         1467.85         1097.87 
       0.263955         1416.57         1044.21 
       0.270079         1367.23         990.982 
        0.27624         1348.63         941.083 
       0.282372         1294.07         897.097 
        0.28843         1288.84         859.776 
       0.294538         1225.07         827.503 
       0.300721         1215.69           798.5 
        0.30691         1171.64         771.195 
       0.313033          1146.7         744.307 
       0.319153         1129.27          716.91 
       0.325316         1092.26         688.858 
        0.33145         1068.06         661.263 
       0.337538         1045.59         635.059 
       0.343633         1025.87         610.733 
       0.349808         990.829         588.386 
       0.355968         982.859         568.231 
       0.362074          974.41         549.959 
       0.368217         941.905         532.648 
       0.374374          908.73         515.877 
       0.380519         910.733         499.378 
       0.386598         882.419         483.199 
       0.392688         878.399         467.305 
        0.39888         853.256         451.664 
       0.405048         844.098         436.851 
       0.411186         831.973         423.036 
       0.417313          814.43         410.133 
       0.423458          798.27         398.007 
       0.429607          790.43         386.525 
       0.435692         773.106         375.612 
       0.441815         765.092         364.947 
       0.447964         750.477         354.517 
       0.454126          744.97         344.324 
       0.460267         725.239         334.468 
       0.466387         715.758          325.02 
        0.47254         714.467         315.947 
       0.478662         704.111          307.34 
       0.484765         683.647          299.16 
       0.490885         679.092         291.327 
       0.497035         665.083         283.768 
       0.503198         660.764         276.449 
       0.509342         654.006         269.367 
       0.515458         650.119         262.527 
       0.521598         633.202         255.874 
       0.527764         623.611          249.41 
       0.533884         619.706         243.215 
           0.54         614.029         237.251 
       0.546137         607.143         231.497 
       0.552299         600.008         225.938 
       0.558452         594.265         220.586 
       0.564573         587.689         215.434 
       0.570708         580.273         210.427 
       0.576825         566.221         205.585 
       0.582926         567.849         200.903 
       0.589034         561.161         196.358 
       0.595184         556.323         191.923 
       0.601379         547.878         187.596 
       0.607522         540.081         183.441 
       0.613639         538.844         179.434 
       0.619772         529.704         175.544 
       0.625918          525.67         171.768 
       0.632068         518.413         168.103 
       0.638161         515.605         164.579 
         0.6443          508.04         161.128 
       0.650464         505.751         157.762 
       0.656582          499.63         154.514 
       0.662703         498.585         151.356 
       0.668861         490.789         148.269 
       0.675024         486.366         145.268 
       0.681124         482.488         142.384 
       0.687237         479.024         139.574 
       0.693381         471.928         136.829 
       0.699536         464.459         134.154 
       0.705665         463.722         131.562 
       0.711789         461.401         129.041 
       0.717957         457.043         126.569 
        0.72409         454.796         124.175 
       0.730186         447.921         121.858 
       0.736317          445.23         119.588 
       0.742472         441.665         117.367 
       0.748622         437.225         115.206 
        0.75476         430.701         113.105 
       0.760888         427.046          111.06 
       0.767043         426.668         109.058 
       0.773185         422.809          107.11 
       0.779291         417.861         105.221 
       0.785407         414.985         103.376 
       0.791564         410.688         101.563 
       0.797719         409.002         99.7948 
       0.803834         403.096         98.0803 
       0.809972         402.642         96.4002 
       0.816124         400.928         94.7561 
       0.822261         395.695          93.155 
       0.828378         393.184         91.5961 
       0.834502         388.486         90.0717 
       0.840667         385.783         88.5725 
       0.846816         384.093         87.1119 
       0.852925         381.467         85.6937 
       0.859047         379.023         84.3044 
       0.865192         374.102         82.9415 
       0.871341         370.993         81.6082 
       0.877463          370.99         80.3104 
       0.883569         366.846         79.0444 
       0.889708         364.491         77.7993 
       0.895864         363.977         76.5782 
       0.902008         360.168          75.386 
       0.908149         354.893           74.22 
       0.914301         353.405         73.0771 
       0.920448         351.625         71.9594 
       0.926574         346.511         70.8692 
       0.932687         345.588         69.8041 
       0.938823         342.285         68.7572 
       0.944975         342.211         67.7295 
       0.951105         338.541         66.7266 
       0.957225         336.244         65.7459 
       0.963368         331.912         64.7817 
       0.969511         331.101          63.837 
       0.975621         329.389         62.9162 
       0.981748         326.632         62.0114 
       0.987916         324.982         61.1188 
        0.99406         320.711         60.2472 
        1.00019           318.6         59.3945 
        1.00632         317.487         58.5591 
        1.01246         314.708         57.7386 
        1.01859         314.301         56.9352 
        1.02471         309.955         56.1482 
        1.03085         308.786         55.3735 
        1.03698         306.795          54.615 
        1.04314         304.699         53.8676 
        1.04929         301.764         53.1361 
        1.05541          302.06         52.4211 
        1.06154         297.082         51.7176 
        1.06769         296.357         51.0261 
        1.07382         293.662         50.3495 
        1.07993         292.437         49.6868 
        1.08607         291.483         49.0334 
        1.09222         287.788         48.3911 
        1.09836         285.782         47.7611 
        1.10449         284.006         47.1432 
        1.11063         280.734         46.5355 
        1.11677          281.11         45.9389 
         1.1229         278.243         45.3538 
        1.12903         276.897         44.7785 
        1.13518         274.172         44.2127 
        1.14131         272.774          43.657 
        1.14745         271.484         43.1113 
        1.15359         269.518         42.5749 
        1.15973          267.77         42.0474 
        1.16584         265.487         41.5312 
        1.17197         265.299         41.0231 
        1.17811         262.119         40.5219 
        1.18424         260.197         40.0305 
        1.19038         259.354          39.546 
        1.19652         257.102         39.0697 
        1.20267         256.706         38.6013 
        1.20881         254.085         38.1407 
        1.21495         252.494         37.6883 
        1.22108         250.744         37.2434 
         1.2272         249.297         36.8068 
        1.23334         248.523         36.3762 
        1.23949         245.291         35.9515 
        1.24562         244.472         35.5347 
        1.25174         243.455         35.1253 
        1.25789         241.299          34.721 
        1.26402         239.433         34.3239 
        1.27014         238.022         33.9339 
        1.27628         235.992         33.5489 
        1.28244         236.105         33.1691 
        1.28858         233.815         32.7957 
        1.29471         232.951         32.4289 
        1.30084         230.397         32.0681 
        1.30697         229.749         31.7122 
        1.31312         227.334         31.3613 
        1.31925         225.864         31.0168 
        1.32537         225.494         30.6779 
        1.33151         223.298         30.3428 
        1.33765         221.383         30.0129 
        1.34378         220.918         29.6886 
        1.34992         219.698         29.3689 
        1.35606         218.656         29.0533 
         1.3622         216.135         28.7429 
        1.36833         215.302         28.4377 
        1.37445         213.723         28.1372 
        1.38059         212.276         27.8401 
        1.38675         211.312         27.5466 
        1.39288         210.149         27.2585 
        1.39901         208.466         26.9747 
        1.40515         207.624         26.6943 
         1.4113         206.168          26.418 
        1.41742         204.571         26.1467 
        1.42355         203.496         25.8787 
         1.4297         201.996         25.6137 
        1.43585         200.778         25.3525 
        1.44198         200.518          25.096 
        1.44809         198.529         24.8434 
        1.45423          197.47         24.5935 
        1.46036         196.131         24.3474 
        1.46649         195.127         24.1047 
        1.47263         194.073          23.865 
        1.47877         192.529         23.6287 
        1.48491         190.625         23.3953 
        1.49104           190.2         23.1655 
        1.49718         188.465         22.9386 
        1.50333         187.985         22.7144 
        1.50947         186.435         22.4937 
         1.5156         185.155         22.2763 
        1.52172         184.447         22.0617 
        1.52787         182.699         21.8495 
          1.534          182.36         21.6404 
        1.54013         180.677         21.4343 
        1.54627         179.798         21.2304 
        1.55241         178.677         21.0292 
        1.55855         176.991         20.8309 
        1.56467         176.568         20.6358 
         1.5708         175.353         20.4425 
        1.57695         174.604         20.2515 
        1.58308         173.174         20.0633 
        1.58922         172.072         19.8774 
        1.59535         170.831          19.694 
         1.6015         169.745         19.5126 
        1.60764          169.17         19.3336 
        1.61376         168.148         19.1573 
        1.61989         167.164         18.9831 
        1.62604         165.909         18.8107 
        1.63218         165.219         18.6405 
        1.63831         163.645         18.4728 
        1.64444         162.968         18.3072 
        1.65059         162.151         18.1432 
        1.65673         161.225         17.9813 
        1.66285         159.811         17.8219 
        1.66898         159.257         17.6644 
        1.67512         158.168         17.5085 
        1.68127         156.913         17.3544 
         1.6874         156.458         17.2024 
        1.69353         155.209         17.0523 
        1.69967         154.121         16.9037 
        1.70581         153.313          16.757 
        1.71193         152.068         16.6125 
        1.71806         151.627         16.4694 
        1.72421         150.605         16.3277 
        1.73035         149.991         16.1879 
        1.73649         148.889         16.0497 
        1.74262         148.069         15.9133 
        1.74876         146.734         15.7783 
        1.75489         146.281         15.6452 
        1.76101         144.944         15.5137 
        1.76715          144.62         15.3835 
        1.77329         143.456         15.2547 
        1.77943         142.903         15.1273 
        1.78557         141.954         15.0015 
        1.79171         141.152         14.8771 
        1.79785         140.132         14.7542 
        1.80399         139.472         14.6326 
        1.81012         138.728         14.5126 
        1.81625         138.006          14.394 
        1.82239         136.921         14.2765 
        1.82853         136.186         14.1604 
        1.83466         135.582         14.0457 
        1.84078          134.64         13.9324 
        1.84692         133.584         13.8202 
        1.85306         133.366          13.709 
         1.8592          132.32         13.5993 
        1.86533         131.943         13.4908 
        1.87147         130.769         13.3834 
        1.87761         129.901         13.2772 
        1.88375         129.248         13.1722 
        1.88988         127.984         13.0684 
        1.89601         127.822         12.9657 
        1.90215         127.141         12.8641 
        1.90829         126.003         12.7636 
        1.91442         125.643         12.6641 
        1.92056         124.698         12.5658 
         1.9267         123.916         12.4684 
        1.93284         123.107         12.3721 
        1.93897         122.622         12.2769 
        1.94509         122.085         12.1829 
        1.95123         121.374         12.0897 
        1.95737         120.501         11.9973 
        1.96349         119.999         11.9062 
        1.96964         119.044         11.8158 
        1.97578         118.234         11.7263 
        1.98192         117.638         11.6378 
        1.98805         117.194         11.5503 
        1.99419         116.284         11.4637 
        2.00033         115.766         11.3779 
        2.00647          115.11         11.2931 
         2.0126         114.319         11.2092 
        2.01874         113.812         11.1261 
        2.02488         113.488         11.0437 
        2.03101         112.306         10.9623 
        2.03714         111.915         10.8818 
        2.04328         111.101         10.8021 
        2.04941         110.669         10.7232 
        2.05554         109.793         10.6451 
        2.06167          109.33         10.5677 
        2.06781         108.474         10.4911 
        2.07396         108.264         10.4152 
        2.08009         107.339         10.3401 
        2.08622         106.549         10.2658 
        2.09237         106.206         10.1921 
        2.09851         105.529         10.1192 
        2.10464         105.109         10.0471 
        2.11077         104.469         9.97572 
        2.11691         103.845         9.90493 
        2.12305         103.484         9.83481 
        2.12918          102.81         9.76555 
        2.13531         102.017         9.69694 
        2.14145          101.55         9.62884 
         2.1476         100.841         9.56131 
        2.15372         100.511         9.49477 
        2.15985         99.7606          9.4288 
        2.16599          99.254         9.36327 
        2.17213         98.8223         9.29843 
        2.17827         98.0746         9.23423 
         2.1844         97.4944         9.17068 
        2.19054         97.1948         9.10772 
        2.19666         96.5349         9.04543 
         2.2028         95.9274         8.98368 
        2.20893         95.5002         8.92247 
        2.21508         94.8617         8.86176 
        2.22122         94.4235          8.8016 
        2.22736          93.896         8.74212 
        2.23349          93.501          8.6832 
        2.23962         92.9714          8.6248 
        2.24577         92.2867         8.56688 
         2.2519         91.8697         8.50958 
        2.25802         91.1886         8.45289 
        2.26417         90.9442         8.39657 
        2.27031         90.2643          8.3407 
        2.27644         89.8345          8.2855 
        2.28257         89.4562         8.23081 
        2.28872         88.8038         8.17651 
        2.29486         88.3308         8.12271 
        2.30099         87.8387          8.0695 
        2.30712          87.365         8.01675 
        2.31326         86.8779         7.96438 
         2.3194         86.3389         7.91251 
        2.32553         85.8761         7.86119 
        2.33166          85.341         7.81035 
         2.3378         85.0588         7.75988 
        2.34394         84.5458         7.70985 
        2.35007         84.1244         7.66033 
        2.35619         83.6369         7.61131 
        2.36233         83.2184          7.5626 
        2.36848          82.671         7.51421 
        2.37462         82.3409         7.46635 
        2.38075         81.8007         7.41896 
        2.38689         81.3572         7.37193 
        2.39303         80.8646         7.32533 
        2.39916         80.4533         7.27917 
        2.40529         80.2502         7.23341 
        2.41143         79.7011         7.18802 
        2.41757         79.2283         7.14299 
         2.4237         78.8446         7.09844 
        2.42983         78.4018         7.05427 
        2.43598         77.8808         7.01035 
        2.44211         77.5513         6.96689 
        2.44823         77.0594         6.92389 
        2.45437         76.7241         6.88113 
        2.46052          76.253          6.8387 
        2.46665         75.9461          6.7967 
        2.47279         75.4635         6.75508 
        2.47892          75.078         6.71377 
        2.48507         74.7391         6.67277 
         2.4912          74.366         6.63219 
        2.49733         73.7954         6.59197 
        2.50347         73.4988         6.55201 
        2.50961         73.1899         6.51238 
        2.51575         72.6771          6.4731 
        2.52188         72.2906          6.4342 
        2.52802         71.9715         6.39557 
        2.53416         71.4721         6.35724 
        2.54029         71.1693          6.3193 
        2.54641         70.7007         6.28168 
        2.55255         70.4392         6.24433 
        2.55869         70.0948         6.20723 
        2.56483         69.7639         6.17047 
        2.57096         69.3253         6.13406 
        2.57709         68.9662         6.09792 
        2.58323          68.465         6.06205 
        2.58937         68.2204         6.02644 
        2.59551         67.9335         5.99116 
        2.60164         67.5519         5.95618 
        2.60778         67.2658         5.92144 
        2.61392         66.8008         5.88699 
        2.62006         66.4863         5.85282 
        2.62619         66.2087         5.81896 
        2.63232         65.7854         5.78536 
        2.63846          65.401         5.75199 
        2.64459         65.1307         5.71893 
        2.65072         64.7069         5.68613 
        2.65686         64.4232         5.65358 
          2.663          64.002         5.62122 
        2.66915          63.746         5.58913 
        2.67527         63.5024         5.55737 
        2.68141          63.127         5.52583 
        2.68755         62.7841          5.4945 
        2.69368         62.5557         5.46345 
        2.69981         62.2837         5.43268 
        2.70595          61.754         5.40208 
        2.71209         61.5148          5.3717 
        2.71823         61.2182          5.3416 
        2.72436         60.8897         5.31174 
         2.7305         60.5256          5.2821 
        2.73663           60.33         5.25268 
        2.74276         60.0122         5.22352 
         2.7489         59.5941         5.19455 
        2.75504         59.3276         5.16578 
        2.76118         59.0392         5.13722 
        2.76732         58.7599         5.10891 
        2.77345         58.4737         5.08082 
        2.77959         58.1529         5.05294 
        2.78572         57.9119         5.02528 
        2.79186         57.6316         4.99783 
        2.79798         57.3216         4.97061 
        2.80412         56.9726         4.94354 
        2.81027         56.6965         4.91665 
         2.8164         56.4385         4.89002 
        2.82253         56.1091         4.86358 
        2.82867          55.946         4.83732 
        2.83481         55.5708         4.81126 
        2.84095          55.335         4.78538 
        2.84708         54.9868         4.75973 
        2.85322         54.6736         4.73423 
        2.85935         54.4588         4.70893 
        2.86549         54.2079         4.68383 
        2.87162         53.8928         4.65891 
        2.87776         53.6604         4.63418 
        2.88389         53.3543         4.60961 
        2.89003           53.13         4.58523 
        2.89617         52.8467         4.56102 
        2.90231         52.6079         4.53698 
        2.90844         52.3916         4.51313 
        2.91458         52.0946         4.48944 
        2.92071          51.863         4.46596 
        2.92684         51.5645         4.44262 
        2.93298         51.2834         4.41945 
         2.9391         51.0211         4.39649 
        2.94524         50.8441         4.37365 
        2.95138         50.6275         4.35096 
        2.95752         50.3402         4.32842 
        2.96367         49.9533         4.30603 
         2.9698         49.8072         4.28385 
        2.97594         49.6849          4.2618 
        2.98207         49.4078         4.23991 
        2.98821         49.0994         4.21819 
        2.99434         48.8266         4.19662 
        3.00048         48.6449         4.17519 
        3.00662         48.4873          4.1539 
        3.01275         48.2331          4.1328 
        3.01888         47.8564         4.11183 
        3.02503         47.7531         4.09098 
        3.03117         47.4444         4.07028 
        3.03729         47.3241         4.04978 
        3.04342         47.0227         4.02939 
        3.04957          46.841          4.0091 
         3.0557         46.5917         3.98899 
        3.06183         46.3695         3.96905 
        3.06796         46.1418         3.94922 
        3.07411         45.8021         3.92948 
        3.08025         45.6971         3.90991 
        3.08637         45.4663         3.89051 
         3.0925         45.2517         3.87122 
        3.09865         44.9927         3.85202 
         3.1048         44.7713         3.83296 
        3.11093          44.629         3.81406 
        3.11706          44.371         3.79529 
         3.1232         44.1876         3.77664 
        3.12933         43.9434          3.7581 
        3.13547         43.7625         3.73971 
        3.14159         43.5471         3.72146 
        3.14773         43.3527          3.7033 
        3.15388         43.1938         3.68524 
        3.16001         42.8969         3.66733 
        3.16614          42.739         3.64956 
        3.17228         42.5052         3.63188 
        3.17842         42.3557         3.61432 
        3.18455         42.1413         3.59689 
        3.19068         41.9301         3.57958 
        3.19682         41.7362         3.56236 
        3.20297         41.5487         3.54525 
         3.2091         41.3514         3.52827 
        3.21524         41.1448          3.5114 
        3.22138          40.939         3.49464 
         3.2275          40.825         3.47801 
        3.23363         40.5647         3.46149 
        3.23977         40.4064         3.44505 
        3.24591         40.1898         3.42873 
        3.25205         40.0735          3.4125 
        3.25818          39.791         3.39638 
        3.26432         39.6182         3.38038 
        3.27046         39.4914         3.36447 
         3.2766         39.2944         3.34866 
        3.28273         39.0979         3.33297 
        3.28887         38.9139         3.31737 
          3.295         38.7266         3.30188 
        3.30113         38.5506         3.28649 
        3.30727         38.3588         3.27118 
        3.31341         38.2695         3.25599 
        3.31954         38.0438          3.2409 
        3.32568         37.8686         3.22588 
        3.33182         37.6593         3.21097 
        3.33795         37.5369         3.19616 
        3.34409         37.3442         3.18143 
        3.35022         37.1697          3.1668 
        3.35636         36.9991         3.15227 
         3.3625         36.8604         3.13781 
        3.36864          36.659         3.12346 
        3.37477          36.505         3.10919 
        3.38091         36.3751         3.09502 
        3.38704         36.1799         3.08095 
        3.39318         35.9912         3.06695 
        3.39931          35.827         3.05304 
        3.40545         35.6965         3.03922 
        3.41158         35.5323         3.02548 
        3.41772         35.3455         3.01183 
        3.42385         35.1786         2.99828 
        3.42998         35.0328          2.9848 
        3.43612         34.8727         2.97141 
        3.44226         34.7291         2.95809 
         3.4484         34.5537         2.94483 
        3.45453         34.4414         2.93169 
        3.46066         34.2762         2.91863 
        3.46681         34.1523         2.90562 
        3.47295         33.9619         2.89269 
        3.47908         33.7905         2.87988 
        3.48521         33.6607         2.86714 
        3.49135         33.5218         2.85445 
        3.49749         33.3518         2.84185 
        3.50362          33.247         2.82932 
        3.50976         33.0968         2.81688 
        3.51589          32.906         2.80451 
        3.52203         32.8167         2.79221 
        3.52816         32.6489         2.78001 
        3.53429         32.4599         2.76786 
        3.54043         32.3149         2.75577 
        3.54657         32.1875         2.74376 
        3.55271         32.0325         2.73183 
        3.55884         31.9346         2.71998 
        3.56498         31.7486         2.70818 
        3.57112         31.6226         2.69645 
        3.57725         31.4424         2.68481 
        3.58338         31.3577         2.67324 
        3.58952         31.1988         2.66172 
        3.59566         31.1005         2.65027 
         3.6018         30.9766         2.63889 
        3.60793         30.8331         2.62759 
        3.61407         30.6927         2.61635 
        3.62021         30.5212         2.60517 
        3.62634          30.394         2.59406 
        3.63247         30.2986         2.58302 
        3.63861         30.1649         2.57204 
        3.64475         29.9859         2.56111 
        3.65089         29.8838         2.55026 
        3.65702         29.7544         2.53948 
        3.66316         29.6328         2.52875 
        3.66929         29.5145         2.51809 
        3.67543         29.3908         2.50749 
        3.68156          29.244         2.49695 
        3.68769         29.1251         2.48647 
        3.69383         28.9854         2.47605 
        3.69997         28.8667         2.46569 
        3.70611         28.7481         2.45539 
        3.71224          28.633         2.44515 
        3.71838         28.4746         2.43496 
        3.72451         28.3793         2.42484 
        3.73065         28.2796         2.41478 
        3.73678         28.1708         2.40478 
        3.74292         28.0034         2.39482 
        3.74906         27.8992         2.38492 
        3.75519         27.7879         2.37508 
        3.76133         27.6947          2.3653 
        3.76746         27.5403         2.35558 
         3.7736         27.4154         2.34591 
        3.77974         27.3088         2.33629 
        3.78588         27.1808         2.32672 
        3.79201         27.0945         2.31721 
        3.79814         26.9881         2.30776 
        3.80428         26.8696         2.29835 
        3.81042         26.7034           2.289 
        3.81655         26.6467          2.2797 
        3.82268         26.5143         2.27046 
        3.82882         26.4072         2.26127 
        3.83496         26.2781         2.25212 
        3.84109         26.2092         2.24303 
        3.84723         26.0646         2.23399 
        3.85337         25.9913         2.22499 
        3.85951         25.8663         2.21604 
        3.86565         25.7318         2.20715 
        3.87178         25.6492         2.19831 
        3.87791         25.5215         2.18952 
        3.88405         25.3981         2.18077 
        3.89019         25.3469         2.17207 
        3.89632         25.2332         2.16342 
        3.90246         25.1018         2.15481 
         3.9086         25.0286         2.14625 
        3.91473         24.8964         2.13775 
        3.92086         24.8246          2.1293 
        3.92699         24.7099         2.12088 
        3.93313         24.5981          2.1125 
        3.93927         24.5093         2.10418 
         3.9454         24.3888          2.0959 
        3.95154         24.2843         2.08766 
        3.95768         24.1745         2.07946 
        3.96382         24.1204         2.07131 
        3.96995         24.0131         2.06321 
        3.97609         23.9008         2.05515 
        3.98222         23.7979         2.04714 
        3.98836         23.7005         2.03916 
         3.9945         23.6067         2.03123 
        4.00063          23.528         2.02334 
        4.00677         23.4241         2.01549 
        4.01291          23.342         2.00768 
        4.01904         23.2313         1.99993 
        4.02517          23.147         1.99221 
        4.03131         23.0483         1.98453 
        4.03745          22.951         1.97688 
        4.04358         22.8831         1.96928 
        4.04972         22.7573         1.96173 
        4.05585         22.7019          1.9542 
        4.06199         22.5756         1.94672 
        4.06812         22.5134         1.93928 
        4.07426         22.4036         1.93188 
         4.0804          22.318         1.92451 
        4.08654         22.2102         1.91718 
        4.09267         22.1322          1.9099 
         4.0988          22.057         1.90266 
        4.10494         21.9663         1.89545 
        4.11108         21.8698         1.88828 
        4.11721         21.7916         1.88114 
        4.12334         21.7101         1.87405 
        4.12948         21.6193         1.86699 
        4.13561         21.5291         1.85996 
        4.14176         21.4565         1.85297 
        4.14789         21.3598         1.84601 
        4.15403          21.293          1.8391 
        4.16016         21.2016         1.83221 
         4.1663         21.1076         1.82537 
        4.17243         21.0564         1.81856 
        4.17857         20.9616         1.81179 
        4.18471         20.8712         1.80504 
        4.19084         20.7888         1.79834 
        4.19698         20.6922         1.79166 
        4.20312         20.6232         1.78502 
        4.20925         20.5123         1.77842 
        4.21538         20.4588         1.77185 
        4.22152         20.3948         1.76531 
        4.22766         20.3043         1.75881 
         4.2338         20.2246         1.75234 
        4.23993         20.1732          1.7459 
        4.24607         20.0809         1.73949 
         4.2522         19.9669         1.73312 
        4.25834         19.8981         1.72678 
        4.26447         19.8225         1.72047 
        4.27061         19.7541         1.71419 
        4.27674         19.6744         1.70795 
        4.28288         19.5911         1.70173 
        4.28902         19.5284         1.69554 
        4.29515         19.4571         1.68939 
        4.30129         19.3886         1.68327 
        4.30743         19.3133         1.67717 
        4.31356         19.2255         1.67111 
        4.31969         19.1649         1.66509 
        4.32583         19.0668         1.65909 
        4.33197         19.0101         1.65311 
         4.3381         18.9474         1.64716 
        4.34424          18.867         1.64125 
        4.35038         18.8086         1.63536 
        4.35652         18.7197         1.62951 
        4.36265         18.6737         1.62368 
        4.36878         18.5978         1.61789 
        4.37492         18.5271         1.61211 
        4.38106         18.4537         1.60637 
        4.38719         18.3736         1.60066 
        4.39333         18.3188         1.59498 
        4.39946         18.2518         1.58932 
         4.4056         18.1608         1.58369 
        4.41173         18.0987         1.57809 
        4.41786         18.0392         1.57252 
          4.424          17.959         1.56697 
        4.43014         17.9008         1.56145 
        4.43628          17.831         1.55595 
        4.44241         17.7777         1.55048 
        4.44855         17.6984         1.54504 
        4.45469         17.6365         1.53962 
        4.46083         17.5741         1.53423 
        4.46696         17.5025         1.52887 
        4.47309         17.4581         1.52353 
        4.47923          17.386         1.51822 
        4.48537         17.3199         1.51294 
         4.4915         17.2416         1.50768 
        4.49764         17.1808         1.50244 
        4.50378         17.1316         1.49722 
        4.50991         17.0571         1.49204 
        4.51604         16.9902         1.48689 
        4.52218         16.9543         1.48174 
        4.52832         16.8796         1.47663 
        4.53445         16.8089         1.47154 
        4.54059         16.7691         1.46648 
        4.54673          16.695         1.46144 
        4.55286         16.6283         1.45642 
          4.559         16.5491         1.45143 
        4.56513         16.5161         1.44646 
        4.57127         16.4463         1.44151 
        4.57741          16.412         1.43659 
        4.58354          16.339         1.43169 
        4.58968          16.261         1.42681 
        4.59582         16.1994         1.42196 
        4.60195         16.1667         1.41713 
        4.60809         16.0982         1.41232 
        4.61422         16.0474         1.40753 
        4.62036         15.9771         1.40277 
        4.62649         15.9138         1.39803 
        4.63263          15.869         1.39331 
        4.63876         15.8215         1.38861 
         4.6449         15.7575         1.38393 
        4.65104         15.7056         1.37928 
        4.65717         15.6379         1.37465 
        4.66331         15.5798         1.37003 
        4.66944         15.5328         1.36544 
        4.67558           15.48         1.36088 
        4.68171         15.4283         1.35633 
        4.68785         15.3725          1.3518 
        4.69399          15.333         1.34729 
        4.70012         15.2643         1.34281 
        4.70625         15.2097         1.33834 
        4.71239         15.1658         1.33389 
        4.71853          15.104         1.32947 
        4.72467         15.0562         1.32506 
         4.7308           15.02         1.32068 
        4.73694         14.9275         1.31631 
        4.74308         14.9136         1.31197 
        4.74922         14.8487         1.30764 
        4.75535         14.7864         1.30334 
        4.76148         14.7406         1.29905 
        4.76762         14.6964         1.29478 
        4.77376         14.6283         1.29053 
        4.77989         14.5759         1.28631 
        4.78602          14.538          1.2821 
        4.79216         14.4968         1.27791 
         4.7983         14.4356         1.27374 
        4.80443         14.3826         1.26959 
        4.81056         14.3279         1.26545 
         4.8167         14.2981         1.26134 
        4.82284         14.2489         1.25723 
        4.82898         14.2118         1.25316 
        4.83511         14.1541          1.2491 
        4.84125         14.1126         1.24505 
        4.84739         14.0616         1.24103 
        4.85352         14.0039         1.23702 
        4.85965         13.9688         1.23303 
        4.86579         13.9039         1.22906 
        4.87193         13.8747         1.22511 
        4.87807         13.8229         1.22117 
         4.8842         13.7761         1.21725 
        4.89034         13.7389         1.21335 
        4.89647         13.6941         1.20946 
        4.90261         13.6273         1.20559 
        4.90874         13.5933         1.20175 
        4.91488         13.5443         1.19791 
        4.92102         13.5099         1.19409 
        4.92715         13.4622         1.19029 
        4.93329         13.4098         1.18651 
        4.93942         13.3742         1.18274 
        4.94556         13.3294         1.17899 
         4.9517         13.2933         1.17525 
        4.95783         13.2368         1.17154 
        4.96397         13.2105         1.16783 
        4.97011         13.1561         1.16415 
        4.97624         13.1188         1.16048 
        4.98238         13.0685         1.15682 
        4.98851         13.0328         1.15319 
        4.99465         12.9993         1.14956 
        5.00078         12.9501         1.14596 
        5.00691         12.9071         1.14237 
        5.01305         12.8609         1.13879 
        5.01919         12.8146         1.13523 
        5.02533         12.7641         1.13168 
        5.03146         12.7382         1.12815 
         5.0376         12.6893         1.12464 
        5.04374         12.6556         1.12114 
        5.04987         12.6095         1.11765 
        5.05601         12.5698         1.11418 
        5.06215         12.5443         1.11072 
        5.06829         12.4958         1.10728 
        5.07442         12.4657         1.10386 
        5.08055         12.4215         1.10045 
        5.08668         12.3739         1.09705 
        5.09282         12.3358         1.09367 
        5.09896         12.2975          1.0903 
        5.10509         12.2594         1.08695 
        5.11123         12.2274         1.08361 
        5.11736         12.1885         1.08028 
         5.1235         12.1483         1.07697 
        5.12964         12.1141         1.07367 
        5.13577          12.074         1.07038 
        5.14191         12.0296         1.06711 
        5.14804         11.9979         1.06386 
        5.15418         11.9637         1.06062 
        5.16032         11.9264         1.05739 
        5.16645         11.8919         1.05417 
        5.17259         11.8597         1.05097 
        5.17872         11.8172         1.04778 
        5.18486         11.7787          1.0446 
          5.191         11.7451         1.04144 
        5.19713          11.716         1.03829 
        5.20327         11.6719         1.03516 
        5.20941         11.6467         1.03203 
        5.21555         11.6038         1.02892 
        5.22168         11.5785         1.02582 
        5.22781         11.5395         1.02274 
        5.23395         11.5109         1.01967 
        5.24009          11.469         1.01661 
        5.24622         11.4363         1.01356 
        5.25236         11.4061         1.01053 
         5.2585         11.3686          1.0075 
        5.26463         11.3289         1.00449 
        5.27077         11.3066          1.0015 
         5.2769         11.2687        0.998513 
        5.28304         11.2263         0.99554 
        5.28917         11.2023        0.992581 
         5.2953         11.1635        0.989635 
        5.30144         11.1344        0.986699 
        5.30757         11.1058        0.983774 
        5.31371         11.0825        0.980861 
        5.31985         11.0472        0.977959 
        5.32599         11.0094        0.975069 
        5.33213         10.9916        0.972191 
        5.33826         10.9515        0.969326 
         5.3444         10.9178        0.966473 
        5.35053         10.9025         0.96363 
        5.35667         10.8607        0.960799 
        5.36281         10.8306        0.957978 
        5.36894         10.7991        0.955171 
        5.37507         10.7731        0.952376 
        5.38121         10.7423        0.949589 
        5.38735         10.7183        0.946814 
        5.39348         10.6826        0.944053 
        5.39961         10.6568        0.941302 
        5.40575         10.6215        0.938559 
        5.41189         10.5987        0.935828 
        5.41803         10.5651        0.933108 
        5.42416         10.5365          0.9304 
         5.4303         10.5155        0.927702 
        5.43644         10.4787        0.925015 
        5.44257         10.4565         0.92234 
        5.44871          10.428        0.919673 
        5.45484         10.3896        0.917018 
        5.46098         10.3771        0.914373 
        5.46712         10.3467        0.911738 
        5.47325         10.3109        0.909115 
        5.47938         10.2866        0.906504 
        5.48552         10.2596        0.903902 
        5.49165         10.2384        0.901309 
        5.49779         10.2155        0.898727 
        5.50393         10.1838        0.896153 
        5.51006         10.1629         0.89359 
         5.5162          10.131        0.891038 
        5.52234         10.0965        0.888495 
        5.52847         10.0714        0.885963 
        5.53461         10.0571         0.88344 
        5.54075         10.0287        0.880928 
        5.54688         9.99909        0.878425 
        5.55302          9.9734        0.875932 
        5.55915         9.95828        0.873449 
        5.56529         9.93217        0.870976 
        5.57143         9.90655        0.868511 
        5.57756         9.88854        0.866056 
         5.5837         9.86034        0.863611 
        5.58983         9.83475        0.861178 
        5.59597         9.80854        0.858752 
         5.6021         9.78115        0.856335 
        5.60824         9.75962        0.853927 
        5.61438         9.74081        0.851529 
        5.62051         9.71514         0.84914 
        5.62665         9.69373         0.84676 
        5.63278         9.66949         0.84439 
        5.63892         9.64523        0.842029 
        5.64505         9.62276        0.839677 
        5.65119         9.60526        0.837334 
        5.65733         9.58243           0.835 
        5.66346         9.55854        0.832675 
         5.6696         9.53808        0.830358 
        5.67573         9.51721        0.828051 
        5.68187         9.48864        0.825752 
          5.688         9.47558        0.823463 
        5.69414         9.45002        0.821181 
        5.70028         9.43341        0.818907 
        5.70642          9.4062        0.816642 
        5.71255         9.39861        0.814387 
        5.71869         9.37514        0.812141 
        5.72482         9.35256        0.809903 
        5.73096         9.33524        0.807673 
        5.73709         9.30416        0.805453 
        5.74322         9.29929        0.803241 
        5.74936         9.27581        0.801034 
         5.7555         9.25172        0.798836 
        5.76164         9.23955        0.796648 
        5.76777         9.21177         0.79447 
        5.77391         9.19514        0.792297 
        5.78005         9.18154        0.790132 
        5.78618         9.16721        0.787977 
        5.79231         9.13779        0.785832 
        5.79845         9.12621        0.783691 
        5.80459         9.11485        0.781558 
        5.81073         9.08248        0.779435 
        5.81686         9.06599         0.77732 
          5.823         9.04703        0.775212 
        5.82914          9.0288        0.773111 
        5.83527         9.01665        0.771021 
         5.8414         9.00011        0.768937 
        5.84754         8.98627        0.766859 
        5.85368         8.96958        0.764789 
        5.85981         8.95262        0.762728 
        5.86595         8.93704        0.760675 
        5.87208         8.91417        0.758629 
        5.87822          8.8983        0.756592 
        5.88435         8.88175        0.754562 
        5.89049          8.8757        0.752538 
        5.89662         8.84962        0.750522 
        5.90276         8.83638        0.748512 
         5.9089         8.82849         0.74651 
        5.91503         8.81364        0.744517 
        5.92117         8.79671         0.74253 
        5.92731          8.7765         0.74055 
        5.93344         8.76607        0.738578 
        5.93958         8.74856        0.736613 
        5.94572         8.73321        0.734655 
        5.95186         8.72675        0.732703 
        5.95799         8.70883        0.730761 
        5.96412         8.69618        0.728825 
        5.97026         8.68504        0.726895 
         5.9764         8.67334        0.724973 
        5.98253         8.65266         0.72306 
        5.98866         8.64453        0.721151 
         5.9948         8.63176        0.719248 
        6.00094         8.61237        0.717354 
        6.00707         8.60018        0.715466 
        6.01321         8.59207        0.713585 
        6.01935         8.58086         0.71171 
        6.02548         8.56769        0.709843 
        6.03162         8.55785        0.707983 
        6.03775         8.54258         0.70613 
        6.04389         8.53184        0.704282 
        6.05003          8.5261         0.70244 
        6.05617         8.51266        0.700605 
         6.0623         8.50409        0.698777 
        6.06844         8.48516        0.696956 
        6.07457         8.47703        0.695143 
         6.0807         8.46923        0.693335 
        6.08684         8.46394        0.691535 
        6.09298         8.45302        0.689739 
        6.09912         8.44149        0.687949 
        6.10525         8.43328        0.686167 
        6.11138         8.42451        0.684391 
        6.11752         8.41292        0.682621 
        6.12366         8.40365        0.680857 
        6.12979         8.39386        0.679101 
        6.13593         8.38678         0.67735 
        6.14207         8.37385        0.675604 
         6.1482         8.37441        0.673865 
        6.15434          8.3631        0.672133 
        6.16047         8.35637        0.670408 
        6.16661         8.35466        0.668687 
        6.17274         8.33787        0.666973 
        6.17887         8.33241        0.665265 
        6.18501         8.32412        0.663563 
        6.19115         8.31592        0.661866 
        6.19729         8.30991        0.660175 
        6.20342         8.29985        0.658491 
        6.20956         8.28962        0.656812 
         6.2157         8.29096        0.655138 
        6.22183         8.28015        0.653471 
        6.22797         8.27213        0.651811 
         6.2341         8.26845        0.650157 
        6.24024         8.26532        0.648506 
        6.24638         8.25915        0.646862 
        6.25251         8.26115        0.645224 
        6.25865         8.25489        0.643592 
        6.26478          8.2594        0.641965 
        6.27092         8.23944        0.640345 
        6.27705         8.24526         0.63873 
        6.28318         8.23187        0.637121 
