# k  (h/Mpc)    Pcb(k)  (Mpc/h)^3    Pcb_linear(k)  (Mpc/h)^3
     0.00783031         13436.8         13482.7 
       0.013688         17339.4         17811.8 
       0.019231         18911.2           19244 
      0.0249154         18965.1         19045.7 
      0.0312784         17433.7         17777.5 
      0.0375637         15695.2         16177.1 
      0.0433917         14481.2         14778.2 
      0.0492413         13174.7         13610.6 
      0.0555754         12256.6         12617.8 
      0.0619321         11082.9         11812.2 
       0.067871         10573.2         11124.2 
      0.0738098         9975.78         10420.1 
      0.0800417         9214.42         9632.19 
      0.0862327          8400.3          8819.7 
      0.0921407         7709.24         8065.46 
      0.0982031          7136.8         7365.67 
       0.104506         6466.01         6755.49 
       0.110769         6030.23         6276.27 
       0.116806         5794.05         5916.13 
       0.122832         5450.21         5622.69 
       0.129052         5172.09         5350.06 
       0.135211         5020.42         5078.78 
       0.141259         4677.88         4795.82 
       0.147318         4355.21         4497.31 
       0.153489         4140.06         4191.76 
       0.159709          3999.9         3901.52 
       0.165845         3669.77          3648.4 
       0.171974         3580.52         3436.18 
       0.178125         3485.41         3262.38 
       0.184229         3221.23         3119.93 
        0.19034         3183.88         2994.94 
       0.196428         3104.51         2876.02 
       0.202534         2939.14            2754 
       0.208729         2876.57         2624.25 
       0.214876         2766.15         2491.65 
       0.220989         2646.05         2361.32 
       0.227147         2580.19          2237.8 
        0.23329         2485.68         2127.05 
       0.239377         2476.33         2031.55 
       0.245482         2373.57         1949.08 
       0.251667         2288.44         1875.95 
       0.257832         2255.41         1809.29 
       0.263955         2167.77         1745.43 
       0.270079         2127.09         1681.28 
        0.27624         2038.85         1615.69 
       0.282372          2024.5         1550.08 
        0.28843          1983.9          1486.6 
       0.294538         1905.96         1425.87 
       0.300721         1878.37         1369.17 
        0.30691         1831.23         1317.88 
       0.313033         1772.87         1272.13 
       0.319153         1758.83         1230.41 
       0.325316         1737.92         1191.06 
        0.33145         1705.66         1153.35 
       0.337538         1657.74         1116.47 
       0.343633         1623.48         1079.85 
       0.349808         1600.87         1043.21 
       0.355968         1565.98         1007.62 
       0.362074         1531.34         973.856 
       0.368217         1525.99         941.857 
       0.374374         1501.47         911.974 
       0.380519         1457.57         884.199 
       0.386598         1456.71         858.473 
       0.392688         1419.13         834.007 
        0.39888         1396.89         810.054 
       0.405048         1371.97         786.854 
       0.411186         1361.86         764.245 
       0.417313         1364.09         742.189 
       0.423458         1323.13         720.713 
       0.429607          1290.1         700.004 
       0.435692         1282.85         680.423 
       0.441815         1259.29         661.704 
       0.447964         1250.97         643.845 
       0.454126         1233.54         626.812 
       0.460267         1220.79         610.572 
       0.466387          1203.2         594.971 
        0.47254          1179.9         579.751 
       0.478662         1170.79         565.033 
       0.484765         1160.97         550.764 
       0.490885         1146.66         536.864 
       0.497035          1128.8         523.346 
       0.503198         1128.31         510.303 
       0.509342         1107.29         497.806 
       0.515458         1086.26          485.85 
       0.521598         1088.75         474.304 
       0.527764         1062.05         463.135 
       0.533884         1052.23         452.423 
           0.54         1044.97         442.046 
       0.546137         1034.61         431.924 
       0.552299         1024.49         422.049 
       0.558452         1017.76         412.482 
       0.564573         1010.91         403.249 
       0.570708         999.786         394.282 
       0.576825         980.841         385.625 
       0.582926         978.451         377.271 
       0.589034         969.425          369.18 
       0.595184         957.102         361.292 
       0.601379         941.934          353.59 
       0.607522         932.829         346.173 
       0.613639         930.839         338.991 
       0.619772         919.758         331.988 
       0.625918         912.595         325.166 
       0.632068         903.941         318.532 
       0.638161         891.097         312.144 
         0.6443         884.396         305.889 
       0.650464          879.12         299.787 
       0.656582         873.081         293.899 
       0.662703         859.427         288.173 
       0.668861         852.131         282.572 
       0.675024          846.75          277.12 
       0.681124         833.785         271.868 
       0.687237         834.692         266.743 
       0.693381         818.689         261.725 
       0.699536         820.443         256.826 
       0.705665         810.298         252.073 
       0.711789         806.341         247.445 
       0.717957         798.015         242.903 
        0.72409         790.925         238.502 
       0.730186         786.402          234.24 
       0.736317         778.637         230.061 
       0.742472         767.945          225.97 
       0.748622         765.231         221.985 
        0.75476         756.698         218.105 
       0.760888         752.226         214.325 
       0.767043         749.685         210.619 
       0.773185         744.844         207.009 
       0.779291         735.355         203.504 
       0.785407         729.641         200.076 
       0.791564         724.076         196.706 
       0.797719         713.929         193.415 
       0.803834         713.695         190.222 
       0.809972         705.525         187.091 
       0.816124         701.335         184.024 
       0.822261         696.618         181.035 
       0.828378         693.566         178.122 
       0.834502         682.541         175.272 
       0.840667         680.837         172.466 
       0.846816         676.257          169.73 
       0.852925         671.481         167.072 
       0.859047         665.662         164.465 
       0.865192         661.299         161.905 
       0.871341         654.889         159.399 
       0.877463         653.606         156.958 
       0.883569         646.166         154.574 
       0.889708          638.93         152.229 
       0.895864         633.494         149.926 
       0.902008         632.219         147.676 
       0.908149             626         145.474 
       0.914301         623.525         143.314 
       0.920448         616.483         141.201 
       0.926574         613.023         139.137 
       0.932687         610.175          137.12 
       0.938823         603.318         135.135 
       0.944975         598.985         133.186 
       0.951105         595.534         131.283 
       0.957225         587.194          129.42 
       0.963368         588.356         127.587 
       0.969511         580.312          125.79 
       0.975621         577.981         124.038 
       0.981748         573.465         122.314 
       0.987916         570.715         120.613 
        0.99406         565.316         118.951 
        1.00019         560.188         117.324 
        1.00632         556.273         115.729 
        1.01246         553.047         114.161 
        1.01859         548.267         112.625 
        1.02471         546.551          111.12 
        1.03085         540.401         109.636 
        1.03698         539.739         108.184 
        1.04314          532.81         106.752 
        1.04929         531.502         105.349 
        1.05541         524.533         103.977 
        1.06154          523.09         102.626 
        1.06769         518.727         101.298 
        1.07382         513.736         99.9975 
        1.07993         513.498          98.723 
        1.08607         508.756         97.4657 
        1.09222         504.892         96.2292 
        1.09836         500.009         95.0157 
        1.10449         495.689         93.8247 
        1.11063         493.768         92.6529 
        1.11677         489.099         91.5018 
         1.1229         486.281         90.3723 
        1.12903         481.825          89.261 
        1.13518         480.367         88.1676 
        1.14131         477.347         87.0933 
        1.14745         471.909         86.0376 
        1.15359         469.432         84.9993 
        1.15973         466.733         83.9779 
        1.16584         464.292         82.9779 
        1.17197         460.818         81.9929 
        1.17811         455.408         81.0209 
        1.18424         453.447         80.0676 
        1.19038         451.016          79.127 
        1.19652          446.29          78.202 
        1.20267         444.851         77.2918 
        1.20881         442.032         76.3964 
        1.21495         436.516         75.5167 
        1.22108         436.457          74.651 
         1.2272         430.715          73.801 
        1.23334         429.705         72.9624 
        1.23949         425.009         72.1349 
        1.24562         424.796         71.3226 
        1.25174         420.678         70.5241 
        1.25789         417.768         69.7355 
        1.26402         415.086         68.9603 
        1.27014         412.499         68.1989 
        1.27628         408.527         67.4468 
        1.28244         406.411         66.7046 
        1.28858         404.181         65.9746 
        1.29471         402.428         65.2573 
        1.30084          399.13         64.5513 
        1.30697         395.394         63.8547 
        1.31312         393.058         63.1675 
        1.31925         390.095         62.4926 
        1.32537         388.337         61.8283 
        1.33151         384.666         61.1713 
        1.33765         382.219         60.5244 
        1.34378         379.407         59.8881 
        1.34992         376.425         59.2605 
        1.35606         373.842         58.6407 
         1.3622         372.454         58.0309 
        1.36833         370.697         57.4312 
        1.37445         368.217         56.8404 
        1.38059         364.142         56.2561 
        1.38675         362.373         55.6787 
        1.39288         360.232         55.1117 
        1.39901         357.739         54.5529 
        1.40515         355.776         54.0006 
         1.4113         353.311         53.4563 
        1.41742         349.822         52.9215 
        1.42355         349.078         52.3932 
         1.4297         347.032         51.8704 
        1.43585         342.191         51.3551 
        1.44198         342.123         50.8487 
        1.44809         339.649         50.3501 
        1.45423          336.69         49.8564 
        1.46036          335.03         49.3703 
        1.46649         332.976         48.8905 
        1.47263         329.677         48.4167 
        1.47877         328.808         47.9494 
        1.48491         325.303         47.4875 
        1.49104         323.119         47.0327 
        1.49718         321.054         46.5836 
        1.50333         319.244         46.1397 
        1.50947         317.981         45.7024 
         1.5156         314.239         45.2715 
        1.52172         312.817         44.8462 
        1.52787         310.682         44.4255 
          1.534         309.542         44.0108 
        1.54013         306.979         43.6017 
        1.54627         304.775         43.1972 
        1.55241         303.357         42.7978 
        1.55855         300.712          42.404 
        1.56467         298.887         42.0162 
         1.5708         297.245         41.6322 
        1.57695         295.284         41.2525 
        1.58308         294.109         40.8784 
        1.58922         291.752         40.5087 
        1.59535         288.728         40.1437 
         1.6015          287.75         39.7827 
        1.60764         285.893         39.4264 
        1.61376         283.981         39.0754 
        1.61989         282.415         38.7284 
        1.62604          280.13         38.3849 
        1.63218         278.398         38.0458 
        1.63831         277.056         37.7116 
        1.64444         274.876         37.3813 
        1.65059         273.715         37.0541 
        1.65673         271.324         36.7313 
        1.66285         269.746         36.4132 
        1.66898         268.412         36.0988 
        1.67512         265.668         35.7875 
        1.68127         264.276         35.4796 
         1.6874         262.751          35.176 
        1.69353         262.127         34.8761 
        1.69967         260.068         34.5791 
        1.70581          257.61         34.2856 
        1.71193         256.598         33.9967 
        1.71806          254.55         33.7105 
        1.72421         253.202          33.427 
        1.73035         251.069         33.1472 
        1.73649         249.571         32.8706 
        1.74262         248.417         32.5974 
        1.74876         246.434         32.3271 
        1.75489         245.271         32.0604 
        1.76101         243.741         31.7969 
        1.76715         241.921         31.5359 
        1.77329         239.833         31.2776 
        1.77943         238.472         31.0221 
        1.78557         237.582         30.7698 
        1.79171          236.01         30.5203 
        1.79785         234.128         30.2735 
        1.80399         233.189         30.0295 
        1.81012          231.37         29.7885 
        1.81625         230.047         29.5503 
        1.82239         228.349         29.3143 
        1.82853         227.506         29.0811 
        1.83466         225.649         28.8506 
        1.84078         224.252         28.6228 
        1.84692         223.108         28.3972 
        1.85306         221.377         28.1737 
         1.8592         220.474          27.953 
        1.86533         218.432         27.7348 
        1.87147         217.911         27.5186 
        1.87761         216.074         27.3047 
        1.88375         214.633         27.0933 
        1.88988         213.462         26.8844 
        1.89601         212.263         26.6776 
        1.90215         210.759         26.4728 
        1.90829         209.394         26.2702 
        1.91442          208.37         26.0698 
        1.92056         206.829         25.8716 
         1.9267         206.022         25.6753 
        1.93284         204.785         25.4809 
        1.93897         202.942         25.2889 
        1.94509         202.119         25.0993 
        1.95123         200.649         24.9112 
        1.95737         199.792         24.7249 
        1.96349         198.285         24.5409 
        1.96964         197.206         24.3583 
        1.97578         196.284         24.1775 
        1.98192         195.186         23.9989 
        1.98805         193.807          23.822 
        1.99419         192.406          23.647 
        2.00033         191.786         23.4736 
        2.00647         190.324          23.302 
         2.0126         188.941         23.1324 
        2.01874         187.872         22.9643 
        2.02488         186.513         22.7977 
        2.03101         185.738          22.633 
        2.03714         184.756         22.4702 
        2.04328         183.555         22.3087 
        2.04941          182.24          22.149 
        2.05554          181.54          21.991 
        2.06167         179.864         21.8343 
        2.06781         179.172         21.6791 
        2.07396         177.632         21.5252 
        2.08009         176.784          21.373 
        2.08622         176.077         21.2225 
        2.09237         174.633         21.0732 
        2.09851         173.937         20.9253 
        2.10464         173.067          20.779 
        2.11077          171.84         20.6343 
        2.11691         170.769         20.4907 
        2.12305         169.598         20.3484 
        2.12918         168.794         20.2079 
        2.13531         167.614         20.0686 
        2.14145         166.799         19.9304 
         2.1476         165.674         19.7933 
        2.15372         164.691         19.6582 
        2.15985         164.015         19.5242 
        2.16599         163.056          19.391 
        2.17213         161.876         19.2593 
        2.17827         161.056         19.1288 
         2.1844         160.083         18.9997 
        2.19054         158.969         18.8717 
        2.19666         158.011          18.745 
         2.2028         157.517         18.6194 
        2.20893         156.406         18.4949 
        2.21508          155.28         18.3715 
        2.22122         154.433          18.249 
        2.22736         153.524          18.128 
        2.23349          152.61         18.0081 
        2.23962         152.047         17.8892 
        2.24577          150.77         17.7713 
         2.2519         149.905         17.6546 
        2.25802         149.313         17.5392 
        2.26417         148.437         17.4245 
        2.27031         147.455         17.3106 
        2.27644         146.661         17.1982 
        2.28257         146.074         17.0867 
        2.28872         144.987          16.976 
        2.29486         144.291         16.8664 
        2.30099         143.295         16.7579 
        2.30712         142.714         16.6503 
        2.31326         141.582         16.5435 
         2.3194         141.034         16.4377 
        2.32553         140.225          16.333 
        2.33166         139.648         16.2293 
         2.3378         138.741         16.1263 
        2.34394         137.643         16.0242 
        2.35007         137.011         15.9231 
        2.35619         136.012          15.823 
        2.36233         135.549         15.7235 
        2.36848         134.831         15.6247 
        2.37462         134.242          15.527 
        2.38075         133.304         15.4301 
        2.38689         132.278         15.3341 
        2.39303         131.842         15.2388 
        2.39916         130.961         15.1445 
        2.40529         130.227          15.051 
        2.41143         129.583         14.9582 
        2.41757         128.538         14.8661 
         2.4237         128.262          14.775 
        2.42983         127.498         14.6846 
        2.43598         126.523         14.5948 
        2.44211         126.084         14.5059 
        2.44823         125.248         14.4179 
        2.45437         124.758         14.3304 
        2.46052         123.923         14.2436 
        2.46665         123.202         14.1576 
        2.47279         122.623         14.0724 
        2.47892         121.954         13.9878 
        2.48507         121.367         13.9038 
         2.4912         120.635         13.8207 
        2.49733         119.957         13.7383 
        2.50347         119.511         13.6565 
        2.50961         118.604         13.5753 
        2.51575         117.822         13.4948 
        2.52188         117.375         13.4151 
        2.52802         116.598         13.3359 
        2.53416         116.042         13.2573 
        2.54029          115.48         13.1795 
        2.54641         114.641         13.1024 
        2.55255         114.046         13.0258 
        2.55869         113.485         12.9497 
        2.56483         113.255         12.8742 
        2.57096         112.211         12.7995 
        2.57709         111.867         12.7254 
        2.58323         111.237         12.6518 
        2.58937         110.755         12.5787 
        2.59551         109.772         12.5063 
        2.60164          109.43         12.4345 
        2.60778         108.877         12.3631 
        2.61392         108.272         12.2924 
        2.62006         107.651         12.2222 
        2.62619         107.089         12.1527 
        2.63232         106.534         12.0836 
        2.63846         105.967         12.0151 
        2.64459          105.49         11.9471 
        2.65072         104.831         11.8797 
        2.65686         104.272         11.8128 
          2.663         103.842         11.7463 
        2.66915         103.166         11.6804 
        2.67527         102.624          11.615 
        2.68141         102.053         11.5502 
        2.68755         101.516         11.4858 
        2.69368         100.993         11.4219 
        2.69981         100.525         11.3586 
        2.70595         99.9717         11.2956 
        2.71209         99.4218         11.2331 
        2.71823         98.8648         11.1712 
        2.72436         98.4202         11.1098 
         2.7305          97.945         11.0487 
        2.73663         97.3961         10.9882 
        2.74276          96.969         10.9281 
         2.7489         96.4449         10.8685 
        2.75504         95.9512         10.8093 
        2.76118         95.4305         10.7504 
        2.76732         94.8781         10.6921 
        2.77345         94.4186         10.6343 
        2.77959         93.9838         10.5768 
        2.78572         93.4087         10.5198 
        2.79186         92.8546         10.4633 
        2.79798         92.5095         10.4072 
        2.80412         92.1135         10.3514 
        2.81027         91.4183          10.296 
         2.8164         91.1237          10.241 
        2.82253         90.5188         10.1865 
        2.82867         90.2303         10.1324 
        2.83481         89.6061         10.0786 
        2.84095          89.147         10.0253 
        2.84708         88.7092         9.97236 
        2.85322         88.2636         9.91976 
        2.85935         87.8592         9.86756 
        2.86549         87.4504         9.81577 
        2.87162         86.9668         9.76435 
        2.87776         86.5952          9.7133 
        2.88389          85.986         9.66259 
        2.89003          85.618         9.61227 
        2.89617         85.2448         9.56228 
        2.90231         84.6784         9.51265 
        2.90844         84.4357         9.46339 
        2.91458         83.8821         9.41448 
        2.92071         83.5694         9.36598 
        2.92684         83.2206         9.31777 
        2.93298         82.6598         9.26991 
         2.9391         82.1927         9.22246 
        2.94524         81.8556         9.17527 
        2.95138           81.49          9.1284 
        2.95752         81.0035         9.08181 
        2.96367         80.6314         9.03554 
         2.9698         80.2323         8.98968 
        2.97594         79.8914          8.9441 
        2.98207         79.5481         8.89884 
        2.98821          79.107         8.85393 
        2.99434         78.6059         8.80933 
        3.00048         78.2224         8.76502 
        3.00662         77.9064         8.72099 
        3.01275         77.4423         8.67733 
        3.01888          77.111         8.63397 
        3.02503         76.8737         8.59082 
        3.03117          76.357           8.548 
        3.03729          76.071         8.50557 
        3.04342          75.717         8.46339 
        3.04957         75.3421         8.42139 
         3.0557         74.9473         8.37975 
        3.06183         74.5298         8.33847 
        3.06796         74.1516         8.29741 
        3.07411         73.9788         8.25655 
        3.08025         73.4868         8.21603 
        3.08637         73.0885         8.17586 
         3.0925          72.673          8.1359 
        3.09865         72.5048         8.09613 
         3.1048         72.0826         8.05664 
        3.11093          71.658         8.01749 
        3.11706         71.3414         7.97861 
         3.1232         71.1527         7.93995 
        3.12933          70.732         7.90155 
        3.13547         70.3677         7.86342 
        3.14159         70.0363          7.8256 
        3.14773         69.6839         7.78795 
        3.15388         69.3915         7.75052 
        3.16001         69.0468          7.7134 
        3.16614         68.6871         7.67653 
        3.17228         68.2357         7.63988 
        3.17842         68.0943         7.60347 
        3.18455         67.6916         7.56732 
        3.19068         67.4136         7.53141 
        3.19682         67.1384         7.49569 
        3.20297         66.7044          7.4602 
         3.2091         66.4624         7.42496 
        3.21524         66.1453         7.38996 
        3.22138         65.8448         7.35518 
         3.2275          65.468         7.32068 
        3.23363         65.2309         7.28639 
        3.23977         64.8225         7.25228 
        3.24591         64.5324         7.21839 
        3.25205         64.3107         7.18469 
        3.25818         63.9569         7.15123 
        3.26432         63.6277           7.118 
        3.27046         63.3173         7.08497 
         3.2766         63.0382         7.05215 
        3.28273         62.8999         7.01955 
        3.28887         62.4363         6.98715 
          3.295          62.227         6.95497 
        3.30113         61.8202         6.92299 
        3.30727         61.6852          6.8912 
        3.31341          61.304         6.85964 
        3.31954         61.0563         6.82827 
        3.32568         60.8121         6.79706 
        3.33182         60.5195         6.76607 
        3.33795         60.1908         6.73529 
        3.34409         59.8556         6.70467 
        3.35022         59.6098         6.67425 
        3.35636         59.4073         6.64405 
         3.3625         59.1131           6.614 
        3.36864         58.8163         6.58414 
        3.37477         58.5647         6.55448 
        3.38091          58.255         6.52502 
        3.38704         58.0093         6.49574 
        3.39318         57.6866         6.46662 
        3.39931         57.4306         6.43768 
        3.40545         57.2322         6.40894 
        3.41158         56.9255         6.38036 
        3.41772         56.6654         6.35196 
        3.42385         56.4749         6.32375 
        3.42998         56.1302         6.29571 
        3.43612         55.9642         6.26784 
        3.44226         55.6771         6.24011 
         3.4484         55.4496         6.21252 
        3.45453         55.1668         6.18517 
        3.46066         54.9233         6.15798 
        3.46681         54.6552         6.13089 
        3.47295         54.4045         6.10398 
        3.47908         54.2315         6.07729 
        3.48521         53.9992         6.05075 
        3.49135         53.7061         6.02433 
        3.49749         53.4163         5.99809 
        3.50362         53.1835           5.972 
        3.50976         53.0446         5.94608 
        3.51589         52.7675         5.92031 
        3.52203         52.5643         5.89469 
        3.52816         52.2485         5.86926 
        3.53429         52.0035         5.84395 
        3.54043         51.8198         5.81875 
        3.54657         51.5584         5.79372 
        3.55271          51.366         5.76886 
        3.55884         51.0905         5.74416 
        3.56498         50.7984         5.71956 
        3.57112         50.6328         5.69511 
        3.57725         50.4478         5.67083 
        3.58338         50.2572         5.64672 
        3.58952         49.9641         5.62271 
        3.59566         49.7489         5.59881 
         3.6018         49.5005         5.57509 
        3.60793         49.2848         5.55151 
        3.61407          49.043         5.52808 
        3.62021         48.8854         5.50476 
        3.62634         48.6689         5.48158 
        3.63247         48.3987         5.45855 
        3.63861          48.232         5.43565 
        3.64475         48.0494         5.41284 
        3.65089         47.7974          5.3902 
        3.65702         47.5875          5.3677 
        3.66316         47.4125         5.34531 
        3.66929         47.2379         5.32306 
        3.67543         47.0102         5.30094 
        3.68156         46.7975         5.27894 
        3.68769         46.5459         5.25707 
        3.69383          46.354          5.2353 
        3.69997          46.118         5.21367 
        3.70611         45.9527         5.19217 
        3.71224         45.7235         5.17078 
        3.71838          45.582         5.14951 
        3.72451         45.3819         5.12838 
        3.73065         45.1389         5.10737 
        3.73678         44.9878         5.08647 
        3.74292         44.7954         5.06567 
        3.74906         44.5616         5.04499 
        3.75519         44.4194         5.02444 
        3.76133         44.2245           5.004 
        3.76746         43.9957         4.98369 
         3.7736         43.8154         4.96349 
        3.77974          43.635         4.94338 
        3.78588         43.4943         4.92338 
        3.79201         43.2697         4.90351 
        3.79814         43.0924         4.88376 
        3.80428         42.9412          4.8641 
        3.81042          42.743         4.84454 
        3.81655         42.5162         4.82511 
        3.82268         42.3316         4.80579 
        3.82882          42.149         4.78658 
        3.83496         41.9756         4.76745 
        3.84109          41.781         4.74843 
        3.84723         41.6699         4.72953 
        3.85337         41.4562          4.7107 
        3.85951         41.2937         4.69198 
        3.86565         41.1034         4.67339 
        3.87178         40.9373          4.6549 
        3.87791         40.7659         4.63652 
        3.88405          40.586         4.61821 
        3.89019         40.3982         4.60001 
        3.89632         40.2908         4.58191 
        3.90246         40.0846         4.56391 
         3.9086         39.9522         4.54599 
        3.91473         39.8028          4.5282 
        3.92086         39.5992         4.51051 
        3.92699         39.4187         4.49289 
        3.93313         39.3117         4.47536 
        3.93927         39.0882         4.45793 
         3.9454         38.9487          4.4406 
        3.95154         38.7393         4.42335 
        3.95768         38.6158         4.40619 
        3.96382         38.4303         4.38913 
        3.96995         38.2548         4.37216 
        3.97609         38.1562         4.35528 
        3.98222         37.9676         4.33851 
        3.98836         37.7972         4.32181 
         3.9945         37.6342         4.30519 
        4.00063         37.5377         4.28868 
        4.00677         37.3765         4.27223 
        4.01291         37.1786         4.25587 
        4.01904         37.0423         4.23963 
        4.02517         36.8811         4.22347 
        4.03131         36.7588         4.20736 
        4.03745         36.6141         4.19134 
        4.04358         36.4438         4.17542 
        4.04972         36.2783         4.15958 
        4.05585         36.1859         4.14382 
        4.06199         36.0043         4.12814 
        4.06812         35.8599         4.11255 
        4.07426         35.6641         4.09704 
         4.0804         35.5426         4.08159 
        4.08654         35.4346         4.06623 
        4.09267         35.2617         4.05097 
         4.0988         35.1288         4.03579 
        4.10494         34.9715         4.02067 
        4.11108         34.8506         4.00562 
        4.11721         34.7045         3.99067 
        4.12334         34.5975         3.97579 
        4.12948         34.4199         3.96099 
        4.13561         34.2825         3.94625 
        4.14176         34.1476         3.93158 
        4.14789         33.9773         3.91699 
        4.15403         33.9465         3.90248 
        4.16016         33.7405         3.88805 
         4.1663         33.5846         3.87369 
        4.17243         33.4596         3.85941 
        4.17857         33.2857         3.84519 
        4.18471         33.2007         3.83104 
        4.19084         33.0814         3.81697 
        4.19698         32.9191         3.80297 
        4.20312         32.8587         3.78903 
        4.20925         32.6675         3.77518 
        4.21538         32.5341          3.7614 
        4.22152         32.4427         3.74767 
        4.22766         32.2823         3.73401 
         4.2338         32.1802         3.72043 
        4.23993         32.0473         3.70692 
        4.24607         31.8806         3.69347 
         4.2522         31.7842         3.68008 
        4.25834         31.6509         3.66677 
        4.26447         31.5352         3.65353 
        4.27061         31.4082         3.64035 
        4.27674         31.2752         3.62723 
        4.28288           31.17         3.61417 
        4.28902          31.013         3.60118 
        4.29515         30.9337         3.58827 
        4.30129         30.7979         3.57541 
        4.30743         30.6612          3.5626 
        4.31356         30.5565         3.54987 
        4.31969         30.4529         3.53721 
        4.32583          30.309         3.52461 
        4.33197         30.2136         3.51205 
         4.3381         30.0839         3.49956 
        4.34424         29.9614         3.48714 
        4.35038         29.8607         3.47476 
        4.35652         29.7184         3.46245 
        4.36265         29.6196         3.45022 
        4.36878         29.5031         3.43804 
        4.37492         29.3868         3.42591 
        4.38106          29.249         3.41383 
        4.38719         29.1496         3.40183 
        4.39333         29.0478         3.38989 
        4.39946         28.9475           3.378 
         4.4056         28.7907         3.36616 
        4.41173         28.7155         3.35438 
        4.41786         28.6015         3.34268 
          4.424         28.5001         3.33101 
        4.43014         28.3663         3.31939 
        4.43628         28.2834         3.30783 
        4.44241         28.1678         3.29634 
        4.44855         28.0732         3.28489 
        4.45469         27.9694         3.27349 
        4.46083         27.8649         3.26216 
        4.46696         27.7392         3.25089 
        4.47309         27.6222         3.23966 
        4.47923         27.5369         3.22848 
        4.48537          27.456         3.21737 
         4.4915         27.3219          3.2063 
        4.49764         27.2395         3.19528 
        4.50378         27.1091         3.18431 
        4.50991         27.0259         3.17341 
        4.51604         26.9309         3.16256 
        4.52218         26.8062         3.15173 
        4.52832         26.7193         3.14098 
        4.53445         26.6343         3.13027 
        4.54059         26.5086         3.11962 
        4.54673         26.4575           3.109 
        4.55286         26.3201         3.09844 
          4.559         26.2198         3.08793 
        4.56513         26.1154         3.07748 
        4.57127         26.0509         3.06707 
        4.57741         25.9373          3.0567 
        4.58354         25.8336         3.04638 
        4.58968         25.7383         3.03612 
        4.59582         25.6341         3.02589 
        4.60195         25.5502         3.01572 
        4.60809         25.4769          3.0056 
        4.61422         25.3516         2.99552 
        4.62036         25.2758         2.98549 
        4.62649         25.1856          2.9755 
        4.63263         25.0798         2.96557 
        4.63876         24.9948         2.95567 
         4.6449         24.9112         2.94582 
        4.65104         24.8101         2.93601 
        4.65717         24.7003         2.92626 
        4.66331         24.6352         2.91654 
        4.66944         24.5613         2.90687 
        4.67558          24.459         2.89725 
        4.68171         24.3523         2.88767 
        4.68785         24.2609         2.87812 
        4.69399         24.1689         2.86862 
        4.70012          24.108         2.85918 
        4.70625         24.0241         2.84977 
        4.71239         23.9216          2.8404 
        4.71853         23.8432         2.83107 
        4.72467         23.7527         2.82179 
         4.7308         23.6761         2.81255 
        4.73694         23.6048         2.80335 
        4.74308         23.5066         2.79419 
        4.74922         23.4302         2.78506 
        4.75535         23.3199         2.77599 
        4.76148         23.2439         2.76696 
        4.76762         23.1733         2.75796 
        4.77376         23.0988           2.749 
        4.77989         22.9952          2.7401 
        4.78602         22.9349         2.73122 
        4.79216         22.8563         2.72238 
         4.7983         22.7614         2.71358 
        4.80443         22.6771         2.70483 
        4.81056         22.6035         2.69612 
         4.8167         22.5248         2.68743 
        4.82284         22.4359         2.67878 
        4.82898          22.367         2.67018 
        4.83511         22.2864         2.66162 
        4.84125         22.1937         2.65309 
        4.84739         22.1264          2.6446 
        4.85352         22.0354         2.63615 
        4.85965         21.9957         2.62774 
        4.86579         21.9063         2.61936 
        4.87193         21.8264         2.61101 
        4.87807         21.7376          2.6027 
         4.8842         21.6638         2.59444 
        4.89034         21.6124          2.5862 
        4.89647         21.5198           2.578 
        4.90261         21.4597         2.56984 
        4.90874          21.378         2.56172 
        4.91488         21.3141         2.55363 
        4.92102          21.226         2.54557 
        4.92715          21.168         2.53755 
        4.93329         21.0852         2.52957 
        4.93942         21.0141         2.52161 
        4.94556         20.9364         2.51369 
         4.9517          20.882         2.50581 
        4.95783         20.7912         2.49796 
        4.96397         20.7522         2.49014 
        4.97011         20.6691         2.48236 
        4.97624           20.58         2.47461 
        4.98238         20.5295          2.4669 
        4.98851         20.4405         2.45922 
        4.99465         20.3874         2.45157 
        5.00078         20.3187         2.44395 
        5.00691         20.2561         2.43637 
        5.01305         20.1826         2.42882 
        5.01919          20.108         2.42129 
        5.02533         20.0522          2.4138 
        5.03146         19.9958         2.40635 
         5.0376         19.9068         2.39893 
        5.04374         19.8357         2.39153 
        5.04987         19.7863         2.38417 
        5.05601         19.7069         2.37684 
        5.06215         19.6555         2.36954 
        5.06829         19.6003         2.36226 
        5.07442         19.5252         2.35503 
        5.08055         19.4697         2.34783 
        5.08668         19.4173         2.34065 
        5.09282         19.3288          2.3335 
        5.09896         19.2677         2.32638 
        5.10509         19.2101          2.3193 
        5.11123         19.1327         2.31224 
        5.11736         19.0894         2.30521 
         5.1235         19.0166         2.29821 
        5.12964          18.958         2.29124 
        5.13577         18.9003          2.2843 
        5.14191         18.8416         2.27738 
        5.14804         18.7761         2.27051 
        5.15418         18.7338         2.26365 
        5.16032         18.6596         2.25682 
        5.16645         18.5895         2.25002 
        5.17259         18.5447         2.24326 
        5.17872          18.483         2.23652 
        5.18486         18.4165          2.2298 
          5.191         18.3476         2.22311 
        5.19713         18.3034         2.21645 
        5.20327         18.2359         2.20982 
        5.20941          18.193         2.20322 
        5.21555         18.1474         2.19663 
        5.22168         18.0864         2.19009 
        5.22781         18.0253         2.18357 
        5.23395         17.9686         2.17707 
        5.24009         17.9078          2.1706 
        5.24622         17.8531         2.16415 
        5.25236         17.7923         2.15774 
         5.2585         17.7444         2.15134 
        5.26463         17.6888         2.14498 
        5.27077         17.6331         2.13864 
         5.2769         17.5799         2.13233 
        5.28304         17.5165         2.12604 
        5.28917         17.4775         2.11978 
         5.2953         17.4148         2.11355 
        5.30144         17.3593         2.10734 
        5.30757         17.3129         2.10115 
        5.31371         17.2531         2.09498 
        5.31985         17.2159         2.08884 
        5.32599         17.1816         2.08273 
        5.33213         17.1067         2.07664 
        5.33826         17.0553         2.07058 
         5.3444         16.9951         2.06454 
        5.35053         16.9558         2.05852 
        5.35667         16.9007         2.05253 
        5.36281         16.8558         2.04656 
        5.36894         16.8189         2.04062 
        5.37507         16.7713          2.0347 
        5.38121         16.7192          2.0288 
        5.38735         16.6645         2.02293 
        5.39348         16.6161         2.01709 
        5.39961         16.5617         2.01126 
        5.40575         16.5124         2.00546 
        5.41189         16.4613         1.99967 
        5.41803         16.4128         1.99392 
        5.42416         16.3622         1.98818 
         5.4303         16.3353         1.98247 
        5.43644         16.2803         1.97678 
        5.44257         16.2238         1.97111 
        5.44871         16.1897         1.96547 
        5.45484         16.1377         1.95985 
        5.46098         16.0929         1.95424 
        5.46712         16.0451         1.94866 
        5.47325         16.0171         1.94311 
        5.47938         15.9521         1.93758 
        5.48552         15.9162         1.93207 
        5.49165         15.8969         1.92658 
        5.49779         15.8274         1.92111 
        5.50393         15.7957         1.91566 
        5.51006         15.7336         1.91022 
         5.5162         15.6989         1.90482 
        5.52234         15.6497         1.89943 
        5.52847         15.6072         1.89407 
        5.53461         15.5763         1.88872 
        5.54075         15.5285          1.8834 
        5.54688          15.481          1.8781 
        5.55302         15.4336         1.87282 
        5.55915         15.3914         1.86755 
        5.56529         15.3693         1.86231 
        5.57143         15.3184         1.85709 
        5.57756         15.2773         1.85189 
         5.5837         15.2509         1.84671 
        5.58983         15.1925         1.84155 
        5.59597         15.1722         1.83641 
         5.6021         15.1191         1.83129 
        5.60824         15.0925         1.82618 
        5.61438         15.0524          1.8211 
        5.62051          15.006         1.81604 
        5.62665         14.9775         1.81099 
        5.63278         14.9318         1.80597 
        5.63892         14.8935         1.80097 
        5.64505         14.8561         1.79598 
        5.65119         14.8208         1.79101 
        5.65733         14.7843         1.78606 
        5.66346         14.7535         1.78114 
         5.6696          14.722         1.77622 
        5.67573         14.6772         1.77133 
        5.68187         14.6362         1.76646 
          5.688         14.6016          1.7616 
        5.69414         14.5721         1.75677 
        5.70028         14.5442         1.75195 
        5.70642         14.4938         1.74714 
        5.71255         14.4592         1.74236 
        5.71869         14.4305          1.7376 
        5.72482         14.4002         1.73285 
        5.73096         14.3684         1.72812 
        5.73709         14.3337         1.72341 
        5.74322         14.3051         1.71872 
        5.74936          14.264         1.71404 
         5.7555         14.2341         1.70938 
        5.76164         14.1928         1.70474 
        5.76777         14.1666         1.70012 
        5.77391         14.1388         1.69551 
        5.78005         14.1003         1.69092 
        5.78618         14.0706         1.68635 
        5.79231         14.0436          1.6818 
        5.79845         14.0051         1.67725 
        5.80459         13.9909         1.67273 
        5.81073         13.9523         1.66822 
        5.81686         13.9079         1.66374 
          5.823         13.8774         1.65926 
        5.82914          13.858         1.65481 
        5.83527         13.8381         1.65037 
         5.8414         13.8018         1.64595 
        5.84754         13.7734         1.64154 
        5.85368         13.7496         1.63715 
        5.85981         13.7156         1.63278 
        5.86595         13.6858         1.62842 
        5.87208         13.6697         1.62408 
        5.87822         13.6319         1.61975 
        5.88435         13.6066         1.61544 
        5.89049         13.5881         1.61115 
        5.89662         13.5545         1.60687 
        5.90276         13.5341          1.6026 
         5.9089         13.4991         1.59835 
        5.91503         13.4789         1.59412 
        5.92117         13.4498          1.5899 
        5.92731         13.4246          1.5857 
        5.93344          13.404         1.58151 
        5.93958         13.3807         1.57734 
        5.94572         13.3608         1.57319 
        5.95186         13.3315         1.56904 
        5.95799         13.3044         1.56492 
        5.96412         13.2875         1.56081 
        5.97026         13.2479         1.55671 
         5.9764         13.2245         1.55263 
        5.98253         13.2091         1.54857 
        5.98866         13.1865         1.54451 
         5.9948         13.1736         1.54047 
        6.00094         13.1406         1.53645 
        6.00707         13.1183         1.53244 
        6.01321         13.1117         1.52844 
        6.01935         13.0842         1.52446 
        6.02548          13.057          1.5205 
        6.03162         13.0333         1.51654 
        6.03775         13.0209         1.51261 
        6.04389          12.997         1.50868 
        6.05003         12.9725         1.50477 
        6.05617         12.9526         1.50087 
         6.0623         12.9315         1.49699 
        6.06844         12.9152         1.49312 
        6.07457         12.8917         1.48927 
         6.0807         12.8848         1.48543 
        6.08684         12.8668          1.4816 
        6.09298         12.8488         1.47779 
        6.09912         12.8221         1.47398 
        6.10525         12.8139          1.4702 
        6.11138         12.7987         1.46642 
        6.11752         12.7797         1.46266 
        6.12366         12.7676         1.45891 
        6.12979         12.7459         1.45518 
        6.13593          12.733         1.45146 
        6.14207         12.7238         1.44775 
         6.1482         12.6998         1.44405 
        6.15434         12.6879         1.44037 
        6.16047         12.6725          1.4367 
        6.16661         12.6576         1.43305 
        6.17274         12.6356          1.4294 
        6.17887         12.6282         1.42577 
        6.18501         12.6224         1.42215 
        6.19115         12.6026         1.41855 
        6.19729          12.582         1.41495 
        6.20342           12.58         1.41137 
        6.20956         12.5559          1.4078 
         6.2157         12.5518         1.40424 
        6.22183         12.5443          1.4007 
        6.22797         12.5395         1.39717 
         6.2341         12.5255         1.39365 
        6.24024         12.5215         1.39014 
        6.24638         12.4976         1.38664 
        6.25251         12.4883         1.38316 
        6.25865         12.4799         1.37969 
        6.26478         12.4705         1.37623 
        6.27092         12.4667         1.37278 
        6.27705         12.4538         1.36935 
        6.28318         12.4389         1.36592 
