# k  (h/Mpc)    Pcb(k)  (Mpc/h)^3    Pcb_linear(k)  (Mpc/h)^3
     0.00783031         385.749         388.863 
       0.013688         465.305         469.361 
       0.019231         462.735         464.262 
      0.0249154         417.455         417.479 
      0.0312784         349.532         349.344 
      0.0375637         288.057         288.011 
      0.0433917         245.654         244.948 
      0.0492413         215.761         215.545 
      0.0555754         196.072         195.437 
      0.0619321         181.154         181.812 
       0.067871         170.212         170.288 
      0.0738098         157.069         157.101 
      0.0800417         140.999         140.792 
      0.0862327         123.439          123.38 
      0.0921407         107.742         107.651 
      0.0982031         94.5239         94.1416 
       0.104506         83.8032         83.7939 
       0.110769          77.115         77.0649 
       0.116806         73.3032         73.0361 
       0.122832         70.2169         70.2244 
       0.129052          67.496          67.383 
       0.135211         64.0022         63.8026 
       0.141259         59.3741         59.3194 
       0.147318         54.1282         54.1812 
       0.153489         49.0094         48.9091 
       0.159709         44.4045         44.1944 
       0.165845         40.5207         40.5252 
       0.171974         38.1926         37.9144 
       0.178125          36.385         36.1686 
       0.184229         35.0592         34.9585 
        0.19034         34.1115          33.885 
       0.196428         32.8124         32.6448 
       0.202534         31.0585         31.0764 
       0.208729         29.3299         29.1794 
       0.214876          27.414         27.1569 
       0.220989          25.325         25.2189 
       0.227147           23.81         23.5187 
        0.23329         22.4722         22.1655 
       0.239377         21.4762         21.1586 
       0.245482         20.6942          20.403 
       0.251667         19.9675         19.7739 
       0.257832         19.4543         19.1606 
       0.263955         18.6789         18.4791 
       0.270079         17.8923         17.6931 
        0.27624         16.9742         16.8222 
       0.282372         16.1089         15.9338 
        0.28843         15.3823          15.101 
       0.294538         14.6233         14.3581 
       0.300721         13.9327         13.7283 
        0.30691         13.4943         13.2148 
       0.313033         13.0396         12.7899 
       0.319153         12.7391         12.4085 
       0.325316         12.2319         12.0283 
        0.33145         11.8235           11.63 
       0.337538         11.4237         11.2068 
       0.343633         11.0198         10.7657 
       0.349808         10.5513           10.32 
       0.355968         10.1212         9.89796 
       0.362074         9.79035         9.51845 
       0.368217         9.43574         9.18062 
       0.374374         9.18552         8.88463 
       0.380519         8.86383         8.61972 
       0.386598         8.59425         8.37481 
       0.392688         8.33704          8.1351 
        0.39888           8.118         7.88794 
       0.405048         7.87638         7.63745 
       0.411186         7.61724         7.38654 
       0.417313         7.37414         7.14005 
       0.423458         7.10933         6.90423 
       0.429607         6.93163          6.6844 
       0.435692         6.74336         6.48383 
       0.441815         6.52698         6.29875 
       0.447964         6.32824         6.12613 
       0.454126         6.19204         5.96139 
       0.460267         6.05835         5.80179 
       0.466387         5.88406         5.64514 
        0.47254         5.74049         5.48857 
       0.478662         5.57302         5.33442 
       0.484765         5.42674         5.18475 
       0.490885         5.26496         5.04057 
       0.497035         5.11076         4.90258 
       0.503198         5.00357         4.77184 
       0.509342         4.85697         4.64916 
       0.515458         4.75787         4.53336 
       0.521598         4.64759         4.42169 
       0.527764         4.55423         4.31275 
       0.533884          4.4128         4.20715 
           0.54         4.32312         4.10405 
       0.546137          4.2038         4.00285 
       0.552299         4.11276         3.90378 
       0.558452         4.01434         3.80798 
       0.564573         3.92874         3.71636 
       0.570708         3.83993         3.62853 
       0.576825         3.75531         3.54468 
       0.582926         3.66495         3.46421 
       0.589034         3.59828         3.38627 
       0.595184         3.53022         3.31012 
       0.601379          3.4401         3.23557 
       0.607522          3.3626         3.16367 
       0.613639         3.28349         3.09397 
       0.619772         3.22874         3.02593 
       0.625918         3.15946         2.95966 
       0.632068         3.09726         2.89533 
       0.638161          3.0317         2.83365 
         0.6443         2.96673          2.7736 
       0.650464         2.90719         2.71535 
       0.656582         2.86245         2.65938 
       0.662703         2.80425         2.60501 
       0.668861         2.73387          2.5518 
       0.675024         2.68447         2.49989 
       0.681124         2.66128         2.44979 
       0.687237         2.59557         2.40087 
       0.693381         2.53174         2.35303 
       0.699536         2.50123         2.30643 
       0.705665         2.45336         2.26137 
       0.711789         2.39701         2.21765 
       0.717957         2.35468         2.17486 
        0.72409          2.3144         2.13348 
       0.730186         2.28564         2.09344 
       0.736317         2.23225         2.05422 
       0.742472         2.20109         2.01582 
       0.748622         2.16495         1.97841 
        0.75476         2.11535         1.94201 
       0.760888         2.08875         1.90656 
       0.767043         2.03347         1.87185 
       0.773185         2.00791         1.83809 
       0.779291         1.98731         1.80536 
       0.785407         1.94698         1.77341 
       0.791564         1.91352         1.74204 
       0.797719         1.88077         1.71147 
       0.803834         1.85072         1.68184 
       0.809972         1.82007         1.65281 
       0.816124         1.79122         1.62441 
       0.822261         1.76419         1.59676 
       0.828378         1.73398         1.56983 
       0.834502         1.70583         1.54349 
       0.840667         1.68414          1.5176 
       0.846816         1.65402         1.49236 
       0.852925         1.62557         1.46786 
       0.859047         1.60115         1.44386 
       0.865192         1.57821         1.42032 
       0.871341         1.55669         1.39729 
       0.877463         1.52718         1.37488 
       0.883569         1.50672         1.35302 
       0.889708         1.48771         1.33153 
       0.895864         1.46545         1.31045 
       0.902008         1.43913         1.28988 
       0.908149         1.42082         1.26976 
       0.914301         1.40294         1.25004 
       0.920448         1.38402         1.23076 
       0.926574           1.368         1.21196 
       0.932687         1.34651         1.19359 
       0.938823         1.32065         1.17554 
       0.944975         1.30765         1.15782 
       0.951105         1.28169         1.14054 
       0.957225         1.26773         1.12363 
       0.963368         1.25311         1.10701 
       0.969511         1.23758         1.09073 
       0.975621         1.21653         1.07487 
       0.981748         1.19477         1.05928 
       0.987916         1.18185         1.04391 
        0.99406         1.16972         1.02889 
        1.00019         1.15289         1.01421 
        1.00632         1.14157        0.999822 
        1.01246         1.12477        0.985695 
        1.01859         1.11069        0.971865 
        1.02471         1.09153        0.958318 
        1.03085         1.07731        0.944984 
        1.03698         1.06688        0.931932 
        1.04314          1.0527        0.919072 
        1.04929         1.04208        0.906486 
        1.05541         1.02396        0.894187 
        1.06154         1.01457        0.882087 
        1.06769         1.00305        0.870193 
        1.07382         0.98895        0.858557 
        1.07993         0.97654        0.847162 
        1.08607        0.965927        0.835927 
        1.09222        0.951802        0.824885 
        1.09836        0.943067        0.814055 
        1.10449        0.927837        0.803434 
        1.11063        0.916929        0.792991 
        1.11677        0.908359        0.782738 
         1.1229        0.893958        0.772685 
        1.12903        0.886821          0.7628 
        1.13518        0.874401         0.75308 
        1.14131        0.865892        0.743536 
        1.14745        0.857367        0.734163 
        1.15359        0.845529         0.72495 
        1.15973        0.836652        0.715892 
        1.16584        0.825769        0.707029 
        1.17197        0.815377        0.698305 
        1.17811        0.806056        0.689701 
        1.18424        0.797274        0.681268 
        1.19038         0.78706        0.672952 
        1.19652        0.781252        0.664778 
        1.20267        0.773722         0.65674 
        1.20881        0.761168        0.648837 
        1.21495        0.754602        0.641077 
        1.22108        0.746952        0.633445 
         1.2272        0.736342        0.625956 
        1.23334        0.729628         0.61857 
        1.23949        0.722979        0.611286 
        1.24562        0.714705         0.60414 
        1.25174         0.70767        0.597119 
        1.25789         0.69761        0.590188 
        1.26402        0.691355         0.58338 
        1.27014        0.681869        0.576696 
        1.27628         0.67744        0.570097 
        1.28244        0.670057        0.563588 
        1.28858        0.661404         0.55719 
        1.29471        0.654802        0.550906 
        1.30084        0.648736        0.544725 
        1.30697        0.643971        0.538629 
        1.31312        0.636502        0.532618 
        1.31925        0.629681        0.526718 
        1.32537        0.623793        0.520913 
        1.33151        0.616801        0.515175 
        1.33765        0.610665        0.509527 
        1.34378        0.603675        0.503975 
        1.34992        0.599974        0.498502 
        1.35606        0.592287        0.493098 
         1.3622        0.587229        0.487785 
        1.36833        0.582038        0.482562 
        1.37445        0.576105        0.477419 
        1.38059        0.570407        0.472335 
        1.38675        0.564479        0.467313 
        1.39288        0.558528        0.462384 
        1.39901        0.553924        0.457529 
        1.40515        0.548087        0.452732 
         1.4113        0.545014        0.448006 
        1.41742        0.538555        0.443366 
        1.42355        0.531554        0.438782 
         1.4297        0.528817         0.43425 
        1.43585        0.522614        0.429784 
        1.44198        0.518526        0.425397 
        1.44809        0.513021         0.42108 
        1.45423         0.50893        0.416808 
        1.46036        0.504128        0.412602 
        1.46649        0.499088        0.408452 
        1.47263        0.493889        0.404357 
        1.47877        0.492363         0.40032 
        1.48491         0.48458        0.396331 
        1.49104        0.482894        0.392405 
        1.49718        0.476716        0.388529 
        1.50333         0.47341          0.3847 
        1.50947        0.469679         0.38093 
         1.5156        0.464975        0.377216 
        1.52172        0.461233        0.373552 
        1.52787         0.45598        0.369929 
          1.534        0.453506        0.366358 
        1.54013        0.449138        0.362839 
        1.54627        0.445429        0.359359 
        1.55241        0.441065        0.355924 
        1.55855        0.437464        0.352539 
        1.56467        0.433926        0.349207 
         1.5708        0.429763        0.345909 
        1.57695        0.425918        0.342648 
        1.58308        0.421411        0.339437 
        1.58922         0.41924        0.336266 
        1.59535        0.414873        0.333135 
         1.6015        0.411613        0.330041 
        1.60764        0.408037        0.326987 
        1.61376         0.40471         0.32398 
        1.61989        0.401312        0.321008 
        1.62604        0.397363        0.318068 
        1.63218         0.39528        0.315165 
        1.63831        0.391296        0.312306 
        1.64444        0.388645        0.309481 
        1.65059        0.384803        0.306685 
        1.65673        0.381838        0.303926 
        1.66285         0.37912        0.301208 
        1.66898        0.376055        0.298523 
        1.67512        0.372211        0.295866 
        1.68127        0.369206        0.293238 
         1.6874         0.36707        0.290649 
        1.69353        0.363632        0.288092 
        1.69967        0.360916        0.285559 
        1.70581        0.358577        0.283059 
        1.71193        0.355928        0.280597 
        1.71806        0.353006         0.27816 
        1.72421        0.349802        0.275747 
        1.73035        0.346497        0.273365 
        1.73649        0.345279        0.271012 
        1.74262         0.34128        0.268688 
        1.74876         0.33934        0.266391 
        1.75489        0.337005        0.264124 
        1.76101        0.333869        0.261885 
        1.76715        0.331553        0.259668 
        1.77329        0.328952        0.257475 
        1.77943        0.326307        0.255306 
        1.78557        0.324823        0.253165 
        1.79171        0.322218        0.251048 
        1.79785        0.319226        0.248955 
        1.80399        0.316101        0.246886 
        1.81012        0.314734        0.244843 
        1.81625        0.312781        0.242825 
        1.82239        0.310725        0.240826 
        1.82853        0.307593        0.238851 
        1.83466         0.30527        0.236899 
        1.84078        0.302973        0.234972 
        1.84692        0.301114        0.233063 
        1.85306        0.299179        0.231173 
         1.8592        0.296856        0.229306 
        1.86533         0.29508        0.227461 
        1.87147        0.292049        0.225635 
        1.87761        0.290199        0.223828 
        1.88375        0.288326        0.222042 
        1.88988        0.285743        0.220278 
        1.89601        0.283416        0.218532 
        1.90215        0.282118        0.216804 
        1.90829        0.279541        0.215095 
        1.91442        0.278335        0.213405 
        1.92056        0.276752        0.211734 
         1.9267        0.274124        0.210079 
        1.93284        0.271971        0.208441 
        1.93897        0.270509        0.206823 
        1.94509        0.268925        0.205227 
        1.95123        0.266286        0.203642 
        1.95737        0.264681        0.202074 
        1.96349        0.262855        0.200526 
        1.96964        0.261048         0.19899 
        1.97578        0.259087        0.197469 
        1.98192        0.257908        0.195967 
        1.98805        0.256134        0.194481 
        1.99419        0.254759         0.19301 
        2.00033        0.252653        0.191553 
        2.00647        0.251037        0.190112 
         2.0126        0.249357        0.188688 
        2.01874        0.247787        0.187277 
        2.02488           0.246        0.185878 
        2.03101        0.244204        0.184497 
        2.03714        0.243496        0.183131 
        2.04328        0.240994        0.181777 
        2.04941        0.240038        0.180438 
        2.05554         0.23834        0.179113 
        2.06167        0.236704          0.1778 
        2.06781        0.234414        0.176499 
        2.07396        0.233737         0.17521 
        2.08009        0.231935        0.173936 
        2.08622        0.230754        0.172676 
        2.09237        0.229224        0.171427 
        2.09851        0.227292        0.170189 
        2.10464        0.226157        0.168965 
        2.11077        0.224258        0.167755 
        2.11691        0.223227        0.166554 
        2.12305        0.221842        0.165365 
        2.12918        0.220244         0.16419 
        2.13531        0.219073        0.163027 
        2.14145        0.217549        0.161872 
         2.1476        0.216297        0.160727 
        2.15372         0.21524        0.159599 
        2.15985        0.213371         0.15848 
        2.16599        0.212304        0.157369 
        2.17213        0.211148         0.15627 
        2.17827        0.209618        0.155182 
         2.1844        0.208734        0.154105 
        2.19054        0.207398        0.153037 
        2.19666        0.206113        0.151982 
         2.2028        0.204261        0.150935 
        2.20893         0.20349        0.149898 
        2.21508        0.202355        0.148869 
        2.22122        0.201292        0.147849 
        2.22736        0.199498        0.146842 
        2.23349        0.198194        0.145843 
        2.23962        0.197266        0.144854 
        2.24577        0.196285        0.143873 
         2.2519        0.195195        0.142902 
        2.25802        0.193796        0.141942 
        2.26417        0.192935        0.140988 
        2.27031        0.191606        0.140041 
        2.27644        0.191153        0.139107 
        2.28257        0.189488         0.13818 
        2.28872        0.188499        0.137261 
        2.29486        0.187422         0.13635 
        2.30099         0.18612        0.135449 
        2.30712         0.18519        0.134556 
        2.31326        0.183954        0.133669 
         2.3194        0.183129        0.132791 
        2.32553         0.18203        0.131922 
        2.33166        0.181079        0.131062 
         2.3378        0.179978        0.130208 
        2.34394        0.178981        0.129361 
        2.35007        0.177932        0.128523 
        2.35619        0.176799        0.127693 
        2.36233        0.175906        0.126869 
        2.36848        0.174955         0.12605 
        2.37462        0.174281         0.12524 
        2.38075        0.173236        0.124438 
        2.38689        0.172293        0.123642 
        2.39303         0.17129        0.122854 
        2.39916         0.17024        0.122073 
        2.40529        0.169339        0.121299 
        2.41143        0.168175        0.120531 
        2.41757        0.167427         0.11977 
         2.4237        0.166501        0.119016 
        2.42983        0.165867        0.118269 
        2.43598        0.164848        0.117526 
        2.44211        0.163394        0.116791 
        2.44823        0.163171        0.116064 
        2.45437        0.162313        0.115341 
        2.46052         0.16131        0.114624 
        2.46665         0.16042        0.113914 
        2.47279         0.15948         0.11321 
        2.47892        0.158983        0.112512 
        2.48507        0.157806        0.111819 
         2.4912        0.157147        0.111133 
        2.49733        0.156429        0.110453 
        2.50347        0.155737        0.109778 
        2.50961        0.154345        0.109108 
        2.51575        0.153794        0.108444 
        2.52188        0.152902        0.107787 
        2.52802        0.152385        0.107134 
        2.53416        0.151373        0.106487 
        2.54029        0.150746        0.105845 
        2.54641        0.149914         0.10521 
        2.55255        0.149181        0.104579 
        2.55869        0.148245        0.103952 
        2.56483         0.14758        0.103331 
        2.57096        0.147041        0.102716 
        2.57709        0.145932        0.102106 
        2.58323        0.145399          0.1015 
        2.58937          0.1449        0.100898 
        2.59551        0.144061        0.100302 
        2.60164        0.143293       0.0997116 
        2.60778        0.142804       0.0991249 
        2.61392        0.142065       0.0985432 
        2.62006        0.141355       0.0979663 
        2.62619        0.140466       0.0973946 
        2.63232        0.139959       0.0968274 
        2.63846        0.139222        0.096264 
        2.64459        0.138468       0.0957059 
        2.65072         0.13784       0.0951521 
        2.65686        0.137072       0.0946027 
          2.663        0.136457       0.0940566 
        2.66915        0.136016        0.093515 
        2.67527        0.135257       0.0929789 
        2.68141        0.134515       0.0924466 
        2.68755        0.134106        0.091918 
        2.69368        0.133421        0.091394 
        2.69981        0.132817       0.0908748 
        2.70595        0.132119       0.0903583 
        2.71209        0.131441       0.0898457 
        2.71823        0.131098        0.089338 
        2.72436        0.130259       0.0888343 
         2.7305         0.12962       0.0883341 
        2.73663         0.12899       0.0878379 
        2.74276        0.128704        0.087346 
         2.7489        0.127998       0.0868574 
        2.75504        0.127647       0.0863721 
        2.76118        0.126646       0.0858902 
        2.76732        0.126271       0.0854128 
        2.77345        0.125712       0.0849392 
        2.77959        0.125075        0.084469 
        2.78572        0.124625       0.0840024 
        2.79186        0.123911       0.0835395 
        2.79798        0.123369       0.0830807 
        2.80412        0.122985       0.0826243 
        2.81027         0.12264        0.082171 
         2.8164        0.121891       0.0817219 
        2.82253        0.121341       0.0812762 
        2.82867        0.121007       0.0808336 
        2.83481        0.120317       0.0803943 
        2.84095        0.119802       0.0799581 
        2.84708        0.119484       0.0795258 
        2.85322        0.118835       0.0790961 
        2.85935        0.118359       0.0786697 
        2.86549        0.117894       0.0782467 
        2.87162        0.117354       0.0778267 
        2.87776        0.116913         0.07741 
        2.88389        0.116268        0.076996 
        2.89003         0.11591       0.0765852 
        2.89617        0.115577       0.0761773 
        2.90231        0.114895       0.0757723 
        2.90844        0.114461       0.0753704 
        2.91458        0.114039       0.0749715 
        2.92071        0.113744       0.0745759 
        2.92684         0.11314       0.0741827 
        2.93298        0.112525       0.0737925 
         2.9391        0.112311       0.0734056 
        2.94524        0.111906       0.0730209 
        2.95138        0.111387       0.0726389 
        2.95752        0.110972       0.0722592 
        2.96367        0.110418       0.0718821 
         2.9698        0.110124       0.0715086 
        2.97594        0.109706       0.0711373 
        2.98207        0.109361       0.0707687 
        2.98821        0.108867        0.070403 
        2.99434         0.10834       0.0700398 
        3.00048        0.108001        0.069679 
        3.00662        0.107589       0.0693207 
        3.01275        0.107165       0.0689654 
        3.01888         0.10691       0.0686125 
        3.02503        0.106393       0.0682615 
        3.03117        0.106014       0.0679131 
        3.03729        0.105685        0.067568 
        3.04342         0.10528        0.067225 
        3.04957        0.104873       0.0668835 
         3.0557         0.10466        0.066545 
        3.06183        0.104128       0.0662094 
        3.06796        0.103858       0.0658757 
        3.07411        0.103393       0.0655436 
        3.08025        0.102982       0.0652144 
        3.08637        0.102709        0.064888 
         3.0925        0.102333       0.0645634 
        3.09865        0.101974       0.0642404 
         3.1048        0.101729       0.0639197 
        3.11093        0.101379       0.0636018 
        3.11706        0.100931       0.0632861 
         3.1232        0.100677       0.0629723 
        3.12933        0.100376       0.0626605 
        3.13547        0.100061       0.0623511 
        3.14159        0.099743       0.0620442 
        3.14773       0.0993393       0.0617387 
        3.15388           0.099        0.061435 
        3.16001       0.0986569       0.0611339 
        3.16614       0.0984741       0.0608349 
        3.17228       0.0980647       0.0605377 
        3.17842       0.0977542       0.0602425 
        3.18455       0.0974976       0.0599494 
        3.19068       0.0971596       0.0596583 
        3.19682       0.0967125       0.0593688 
        3.20297       0.0966396       0.0590811 
         3.2091       0.0962816       0.0587956 
        3.21524       0.0959633        0.058512 
        3.22138       0.0957113       0.0582303 
         3.2275       0.0954601       0.0579508 
        3.23363       0.0951788       0.0576731 
        3.23977       0.0948371       0.0573969 
        3.24591       0.0947383       0.0571225 
        3.25205       0.0944152       0.0568497 
        3.25818       0.0941041       0.0565789 
        3.26432        0.093798         0.05631 
        3.27046       0.0936091       0.0560427 
         3.2766       0.0934457       0.0557771 
        3.28273        0.093303       0.0555133 
        3.28887       0.0931416       0.0552513 
          3.295       0.0927829        0.054991 
        3.30113       0.0924163       0.0547324 
        3.30727       0.0923546       0.0544754 
        3.31341       0.0922036       0.0542201 
        3.31954       0.0919068       0.0539666 
        3.32568       0.0917877       0.0537143 
        3.33182       0.0914624       0.0534638 
        3.33795       0.0914803       0.0532151 
        3.34409       0.0911591       0.0529677 
        3.35022       0.0909588        0.052722 
        3.35636       0.0908401        0.052478 
         3.3625       0.0906673       0.0522352 
        3.36864       0.0904085       0.0519941 
        3.37477       0.0901956       0.0517546 
        3.38091       0.0901744       0.0515167 
        3.38704       0.0899547       0.0512803 
        3.39318        0.089992       0.0510452 
        3.39931         0.08977       0.0508117 
        3.40545       0.0896102       0.0505796 
        3.41158       0.0895115       0.0503491 
        3.41772       0.0893624       0.0501199 
        3.42385       0.0893173       0.0498923 
        3.42998       0.0891472       0.0496661 
        3.43612       0.0891016       0.0494413 
        3.44226       0.0889985       0.0492177 
         3.4484       0.0888991       0.0489952 
        3.45453        0.088739       0.0487746 
        3.46066       0.0888261       0.0485555 
        3.46681       0.0886597       0.0483371 
        3.47295       0.0886299       0.0481202 
        3.47908       0.0885687       0.0479051 
        3.48521       0.0884143       0.0476913 
        3.49135       0.0885178       0.0474784 
        3.49749       0.0883709       0.0472669 
        3.50362       0.0884766       0.0470568 
        3.50976       0.0882744       0.0468481 
        3.51589        0.088376       0.0466405 
        3.52203       0.0881143       0.0464342 
        3.52816       0.0883253       0.0462294 
        3.53429       0.0882124       0.0460257 
        3.54043       0.0881473       0.0458229 
        3.54657       0.0882401       0.0456214 
        3.55271       0.0882501       0.0454213 
        3.55884       0.0882181       0.0452226 
        3.56498       0.0882131       0.0450247 
        3.57112       0.0881332        0.044828 
        3.57725       0.0882628       0.0446327 
        3.58338       0.0883914       0.0444387 
        3.58952       0.0883972       0.0442456 
        3.59566       0.0884306       0.0440535 
         3.6018       0.0883882       0.0438627 
        3.60793       0.0885133       0.0436731 
        3.61407         0.08859       0.0434847 
        3.62021       0.0887212       0.0432973 
        3.62634        0.088781        0.043111 
        3.63247       0.0888818        0.042926 
        3.63861        0.088858       0.0427419 
        3.64475        0.089121       0.0425586 
        3.65089       0.0892406       0.0423767 
        3.65702       0.0892203        0.042196 
        3.66316       0.0894607       0.0420162 
        3.66929       0.0895515       0.0418375 
        3.67543       0.0896489       0.0416598 
        3.68156       0.0897515       0.0414832 
        3.68769       0.0900138       0.0413075 
        3.69383       0.0901311       0.0411328 
        3.69997       0.0902391       0.0409592 
        3.70611       0.0904968       0.0407866 
        3.71224       0.0905472       0.0406149 
        3.71838       0.0906642       0.0404443 
        3.72451       0.0909999       0.0402747 
        3.73065       0.0912165       0.0401062 
        3.73678       0.0913771       0.0399385 
        3.74292       0.0914476       0.0397717 
        3.74906       0.0918497       0.0396059 
        3.75519       0.0920179       0.0394411 
        3.76133       0.0921634       0.0392772 
        3.76746       0.0926274       0.0391143 
         3.7736       0.0926373       0.0389524 
        3.77974        0.093181       0.0387912 
        3.78588       0.0932313       0.0386309 
        3.79201       0.0936254       0.0384717 
        3.79814       0.0937818       0.0383134 
        3.80428       0.0941195       0.0381559 
        3.81042       0.0943792       0.0379992 
        3.81655        0.094495       0.0378435 
        3.82268       0.0950477       0.0376888 
        3.82882       0.0954214       0.0375349 
        3.83496       0.0954969       0.0373817 
        3.84109       0.0960843       0.0372294 
        3.84723       0.0963039       0.0370781 
        3.85337       0.0965485       0.0369273 
        3.85951       0.0968693       0.0367775 
        3.86565       0.0974074       0.0366286 
        3.87178       0.0977789       0.0364807 
        3.87791       0.0980845       0.0363335 
        3.88405       0.0984493        0.036187 
        3.89019       0.0990845       0.0360414 
        3.89632       0.0993085       0.0358966 
        3.90246        0.099724       0.0357526 
         3.9086        0.100234       0.0356093 
        3.91473        0.100617       0.0354669 
        3.92086        0.100989       0.0353255 
        3.92699        0.101456       0.0351846 
        3.93313        0.101961       0.0350444 
        3.93927        0.102445       0.0349051 
         3.9454        0.102737       0.0347665 
        3.95154        0.103343       0.0346286 
        3.95768        0.104004       0.0344915 
        3.96382        0.104368       0.0343551 
        3.96995        0.104963       0.0342195 
        3.97609        0.105459       0.0340846 
        3.98222        0.105949       0.0339506 
        3.98836        0.106541       0.0338172 
         3.9945        0.106979       0.0336844 
        4.00063        0.107644       0.0335525 
        4.00677        0.108135       0.0334212 
        4.01291        0.108547       0.0332905 
        4.01904         0.10936       0.0331608 
        4.02517        0.110156       0.0330318 
        4.03131        0.110468       0.0329032 
        4.03745        0.111271       0.0327753 
        4.04358        0.111806       0.0326482 
        4.04972        0.112474       0.0325218 
        4.05585        0.113121       0.0323961 
        4.06199        0.113706       0.0322709 
        4.06812        0.114358       0.0321465 
        4.07426        0.114881       0.0320228 
         4.0804        0.115896       0.0318995 
        4.08654        0.116595        0.031777 
        4.09267        0.117335       0.0316552 
         4.0988        0.117932       0.0315342 
        4.10494        0.119172       0.0314137 
        4.11108        0.119214       0.0312937 
        4.11721        0.120539       0.0311744 
        4.12334        0.121129       0.0310558 
        4.12948        0.122052       0.0309378 
        4.13561         0.12265       0.0308203 
        4.14176        0.123407       0.0307034 
        4.14789        0.124598       0.0305871 
        4.15403        0.125565       0.0304715 
        4.16016        0.126016       0.0303565 
         4.1663         0.12687       0.0302421 
        4.17243        0.127915       0.0301283 
        4.17857        0.128762        0.030015 
        4.18471        0.129628       0.0299023 
        4.19084        0.130672       0.0297903 
        4.19698        0.131618       0.0296788 
        4.20312        0.132312       0.0295678 
        4.20925        0.133368       0.0294574 
        4.21538        0.134633       0.0293477 
        4.22152        0.135359       0.0292384 
        4.22766        0.136672       0.0291297 
         4.2338        0.137516       0.0290216 
        4.23993        0.138534        0.028914 
        4.24607        0.139423        0.028807 
         4.2522        0.140804       0.0287005 
        4.25834        0.141707       0.0285945 
        4.26447        0.143108       0.0284892 
        4.27061        0.143833       0.0283844 
        4.27674        0.145089         0.02828 
        4.28288        0.146321       0.0281761 
        4.28902         0.14733       0.0280728 
        4.29515        0.148891       0.0279701 
        4.30129         0.14998       0.0278678 
        4.30743        0.151103        0.027766 
        4.31356        0.152257       0.0276647 
        4.31969          0.1534       0.0275641 
        4.32583         0.15502       0.0274639 
        4.33197        0.155823       0.0273641 
         4.3381        0.157544       0.0272648 
        4.34424        0.158956       0.0271661 
        4.35038         0.15987       0.0270678 
        4.35652        0.161373       0.0269699 
        4.36265        0.163091       0.0268727 
        4.36878        0.163808        0.026776 
        4.37492        0.165556       0.0266796 
        4.38106        0.167104       0.0265837 
        4.38719         0.16903       0.0264884 
        4.39333        0.170057       0.0263935 
        4.39946        0.171762       0.0262991 
         4.4056        0.172801       0.0262051 
        4.41173        0.174847       0.0261116 
        4.41786         0.17608       0.0260186 
          4.424        0.177488        0.025926 
        4.43014        0.180049       0.0258338 
        4.43628        0.180911        0.025742 
        4.44241        0.182844       0.0256508 
        4.44855        0.184724       0.0255599 
        4.45469        0.186055       0.0254695 
        4.46083        0.187576       0.0253796 
        4.46696         0.18963       0.0252902 
        4.47309        0.191116       0.0252011 
        4.47923        0.193006       0.0251124 
        4.48537        0.194868       0.0250242 
         4.4915        0.196637       0.0249364 
        4.49764        0.198408        0.024849 
        4.50378        0.200701        0.024762 
        4.50991        0.202228       0.0246756 
        4.51604        0.203885       0.0245895 
        4.52218        0.206378       0.0245037 
        4.52832        0.207928       0.0244184 
        4.53445        0.209759       0.0243336 
        4.54059        0.212692       0.0242491 
        4.54673        0.213525        0.024165 
        4.55286        0.216824       0.0240813 
          4.559        0.218519        0.023998 
        4.56513        0.220424       0.0239151 
        4.57127        0.222647       0.0238326 
        4.57741        0.225349       0.0237505 
        4.58354        0.227127       0.0236688 
        4.58968         0.22917       0.0235874 
        4.59582        0.231685       0.0235064 
        4.60195        0.233988       0.0234259 
        4.60809        0.236393       0.0233457 
        4.61422        0.239043       0.0232659 
        4.62036        0.241234       0.0231865 
        4.62649        0.243626       0.0231074 
        4.63263        0.246595       0.0230287 
        4.63876        0.249176       0.0229504 
         4.6449        0.251158       0.0228724 
        4.65104         0.25467       0.0227947 
        4.65717        0.256424       0.0227175 
        4.66331        0.258382       0.0226406 
        4.66944        0.261633       0.0225641 
        4.67558         0.26488        0.022488 
        4.68171         0.26766       0.0224121 
        4.68785        0.269833       0.0223366 
        4.69399        0.272115       0.0222615 
        4.70012        0.275758       0.0221868 
        4.70625        0.277973       0.0221124 
        4.71239        0.281935       0.0220382 
        4.71853        0.284217       0.0219645 
        4.72467        0.287831        0.021891 
         4.7308        0.290427       0.0218179 
        4.73694        0.294037       0.0217452 
        4.74308        0.296194       0.0216728 
        4.74922        0.301513       0.0216007 
        4.75535        0.304261       0.0215289 
        4.76148        0.306644       0.0214576 
        4.76762        0.309552       0.0213864 
        4.77376        0.313602       0.0213156 
        4.77989        0.317109       0.0212452 
        4.78602         0.31996       0.0211751 
        4.79216        0.323726       0.0211052 
         4.7983        0.326962       0.0210357 
        4.80443        0.330538       0.0209666 
        4.81056        0.334235       0.0208977 
         4.8167        0.336756       0.0208291 
        4.82284         0.34153       0.0207608 
        4.82898        0.345508       0.0206929 
        4.83511        0.348926       0.0206252 
        4.84125        0.352998       0.0205578 
        4.84739        0.357086       0.0204908 
        4.85352        0.360681       0.0204241 
        4.85965        0.364704       0.0203576 
        4.86579        0.368497       0.0202915 
        4.87193        0.372283       0.0202256 
        4.87807        0.377298         0.02016 
         4.8842        0.381909       0.0200948 
        4.89034        0.385758       0.0200297 
        4.89647        0.390344        0.019965 
        4.90261         0.39483       0.0199006 
        4.90874        0.398453       0.0198365 
        4.91488        0.403044       0.0197727 
        4.92102        0.406038       0.0197091 
        4.92715        0.411589       0.0196458 
        4.93329        0.416505       0.0195828 
        4.93942        0.421715       0.0195201 
        4.94556        0.425856       0.0194576 
         4.9517        0.431418       0.0193954 
        4.95783        0.436416       0.0193335 
        4.96397         0.44045       0.0192719 
        4.97011         0.44481       0.0192105 
        4.97624        0.451569       0.0191494 
        4.98238        0.455554       0.0190886 
        4.98851        0.463002        0.019028 
        4.99465        0.465857       0.0189677 
        5.00078        0.472138       0.0189077 
        5.00691        0.478694       0.0188479 
        5.01305         0.48325       0.0187884 
        5.01919        0.487443       0.0187291 
        5.02533        0.493973       0.0186701 
        5.03146        0.499305       0.0186114 
         5.0376        0.504885       0.0185529 
        5.04374        0.511804       0.0184946 
        5.04987        0.518774       0.0184366 
        5.05601        0.524287       0.0183788 
        5.06215         0.52925       0.0183213 
        5.06829        0.535778        0.018264 
        5.07442        0.543289        0.018207 
        5.08055        0.548599       0.0181503 
        5.08668        0.552897       0.0180938 
        5.09282        0.561404       0.0180375 
        5.09896        0.567972       0.0179814 
        5.10509        0.574087       0.0179257 
        5.11123        0.583272       0.0178701 
        5.11736        0.587771       0.0178148 
         5.1235        0.594945       0.0177596 
        5.12964        0.602847       0.0177048 
        5.13577        0.609999       0.0176501 
        5.14191         0.61655       0.0175957 
        5.14804        0.624297       0.0175416 
        5.15418        0.629672       0.0174877 
        5.16032         0.63726       0.0174339 
        5.16645        0.645698       0.0173804 
        5.17259        0.652115       0.0173272 
        5.17872        0.659427       0.0172741 
        5.18486        0.668696       0.0172213 
          5.191        0.676225       0.0171686 
        5.19713        0.684599       0.0171163 
        5.20327        0.691615       0.0170642 
        5.20941         0.70051       0.0170122 
        5.21555        0.709181       0.0169604 
        5.22168        0.717917       0.0169089 
        5.22781        0.726058       0.0168576 
        5.23395        0.734632       0.0168066 
        5.24009        0.739708       0.0167557 
        5.24622        0.751133        0.016705 
        5.25236        0.759243       0.0166546 
         5.2585        0.770101       0.0166043 
        5.26463        0.776112       0.0165543 
        5.27077        0.789619       0.0165044 
         5.2769        0.794819       0.0164548 
        5.28304        0.804604       0.0164054 
        5.28917        0.814529       0.0163562 
         5.2953        0.820542       0.0163072 
        5.30144        0.833557       0.0162584 
        5.30757        0.845289       0.0162098 
        5.31371        0.852951       0.0161614 
        5.31985        0.863917       0.0161131 
        5.32599         0.87603       0.0160651 
        5.33213        0.880306       0.0160173 
        5.33826        0.896644       0.0159696 
         5.3444        0.905754       0.0159222 
        5.35053         0.91526        0.015875 
        5.35667        0.924207       0.0158279 
        5.36281         0.93559        0.015781 
        5.36894        0.947577       0.0157344 
        5.37507        0.958727       0.0156879 
        5.38121        0.967305       0.0156416 
        5.38735        0.980984       0.0155955 
        5.39348        0.994874       0.0155496 
        5.39961         1.00487       0.0155039 
        5.40575         1.01125       0.0154583 
        5.41189         1.02655        0.015413 
        5.41803         1.03776       0.0153678 
        5.42416         1.05101       0.0153228 
         5.4303         1.06105       0.0152779 
        5.43644          1.0741       0.0152333 
        5.44257         1.08698       0.0151889 
        5.44871         1.10061       0.0151446 
        5.45484         1.11527       0.0151004 
        5.46098         1.12726       0.0150565 
        5.46712         1.13668       0.0150127 
        5.47325         1.15367       0.0149692 
        5.47938         1.16558       0.0149258 
        5.48552         1.17711       0.0148826 
        5.49165         1.19032       0.0148395 
        5.49779          1.2039       0.0147966 
        5.50393         1.21831       0.0147539 
        5.51006         1.22883       0.0147113 
         5.5162         1.24612       0.0146689 
        5.52234         1.26069       0.0146267 
        5.52847         1.26675       0.0145846 
        5.53461         1.28547       0.0145427 
        5.54075         1.30381        0.014501 
        5.54688         1.31546       0.0144594 
        5.55302         1.32592        0.014418 
        5.55915          1.3439       0.0143768 
        5.56529         1.35805       0.0143357 
        5.57143         1.36488       0.0142948 
        5.57756          1.3877        0.014254 
         5.5837         1.40538       0.0142134 
        5.58983         1.42196        0.014173 
        5.59597         1.43073       0.0141328 
         5.6021          1.4513       0.0140926 
        5.60824         1.46169       0.0140526 
        5.61438         1.47891       0.0140128 
        5.62051         1.48952       0.0139732 
        5.62665         1.51104       0.0139337 
        5.63278          1.5215       0.0138943 
        5.63892         1.54316       0.0138551 
        5.64505         1.56399       0.0138161 
        5.65119         1.57081       0.0137772 
        5.65733         1.58997       0.0137384 
        5.66346          1.6151       0.0136998 
         5.6696         1.61915       0.0136614 
        5.67573         1.65188       0.0136231 
        5.68187         1.65389       0.0135849 
          5.688         1.67863       0.0135469 
        5.69414          1.6889        0.013509 
        5.70028         1.71222       0.0134713 
        5.70642         1.72756       0.0134337 
        5.71255         1.74313       0.0133963 
        5.71869         1.76587        0.013359 
        5.72482         1.77746       0.0133219 
        5.73096         1.80257       0.0132849 
        5.73709         1.81028        0.013248 
        5.74322         1.82892       0.0132113 
        5.74936         1.84218       0.0131747 
         5.7555          1.8618       0.0131382 
        5.76164         1.88548       0.0131019 
        5.76777         1.89251       0.0130658 
        5.77391         1.90626       0.0130297 
        5.78005         1.93339       0.0129938 
        5.78618         1.94644       0.0129581 
        5.79231         1.96174       0.0129225 
        5.79845         1.98541        0.012887 
        5.80459         2.01553       0.0128516 
        5.81073         2.02042       0.0128163 
        5.81686         2.04393       0.0127813 
          5.823         2.04866       0.0127463 
        5.82914          2.0758       0.0127114 
        5.83527         2.09163       0.0126768 
         5.8414         2.10624       0.0126422 
        5.84754         2.12328       0.0126077 
        5.85368          2.1516       0.0125734 
        5.85981          2.1491       0.0125392 
        5.86595         2.16465       0.0125052 
        5.87208         2.19085       0.0124713 
        5.87822          2.2161       0.0124375 
        5.88435         2.22726       0.0124038 
        5.89049           2.238       0.0123702 
        5.89662         2.25614       0.0123368 
        5.90276         2.27677       0.0123035 
         5.9089         2.30219       0.0122703 
        5.91503         2.32569       0.0122372 
        5.92117         2.32605       0.0122043 
        5.92731         2.35639       0.0121714 
        5.93344         2.35807       0.0121387 
        5.93958          2.3818       0.0121062 
        5.94572         2.40201       0.0120737 
        5.95186         2.41809       0.0120413 
        5.95799         2.43925       0.0120091 
        5.96412          2.4425       0.0119771 
        5.97026         2.46197        0.011945 
         5.9764         2.47863       0.0119132 
        5.98253         2.49879       0.0118815 
        5.98866         2.50944       0.0118498 
         5.9948         2.52057       0.0118183 
        6.00094         2.54752       0.0117869 
        6.00707          2.5616       0.0117556 
        6.01321         2.57371       0.0117244 
        6.01935         2.59038       0.0116933 
        6.02548         2.60726       0.0116624 
        6.03162         2.61393       0.0116315 
        6.03775         2.64372       0.0116008 
        6.04389         2.65253       0.0115702 
        6.05003         2.65746       0.0115397 
        6.05617         2.68349       0.0115093 
         6.0623         2.68313        0.011479 
        6.06844         2.71846       0.0114488 
        6.07457         2.72868       0.0114187 
         6.0807         2.73432       0.0113888 
        6.08684         2.76194       0.0113589 
        6.09298         2.76421       0.0113292 
        6.09912         2.78001       0.0112995 
        6.10525         2.77352         0.01127 
        6.11138         2.79938       0.0112406 
        6.11752         2.81812       0.0112112 
        6.12366         2.81947        0.011182 
        6.12979         2.82928       0.0111529 
        6.13593         2.84144       0.0111239 
        6.14207         2.86135        0.011095 
         6.1482         2.86957       0.0110662 
        6.15434         2.86841       0.0110375 
        6.16047         2.89218       0.0110089 
        6.16661         2.89203       0.0109804 
        6.17274         2.92133        0.010952 
        6.17887         2.91387       0.0109237 
        6.18501         2.92243       0.0108955 
        6.19115         2.94619       0.0108674 
        6.19729         2.93902       0.0108394 
        6.20342         2.94619       0.0108115 
        6.20956          2.9707       0.0107837 
         6.2157         2.97552        0.010756 
        6.22183         2.97222       0.0107284 
        6.22797         2.97886       0.0107009 
         6.2341         2.98831       0.0106735 
        6.24024         2.98597       0.0106461 
        6.24638         2.99278       0.0106189 
        6.25251         3.01082       0.0105918 
        6.25865         3.00614       0.0105647 
        6.26478         3.00972       0.0105378 
        6.27092         3.01147        0.010511 
        6.27705         3.02132       0.0104842 
        6.28318         2.74608       0.0104576 
