# k  (h/Mpc)    P(k)  (Mpc/h)^3    P_linear(k)  (Mpc/h)^3
     0.00783031         5808.28         5894.01 
       0.013688         6862.48          6845.7 
       0.019231         6552.62         6542.88 
      0.0249154         5642.18         5702.57 
      0.0312784         4649.15         4658.47 
      0.0375637         3836.63         3817.23 
      0.0433917         3265.36         3278.97 
      0.0492413         2936.61         2934.56 
      0.0555754         2660.22         2692.78 
      0.0619321         2508.13         2490.68 
       0.067871         2260.43         2280.25 
      0.0738098          2019.2         2035.06 
      0.0800417         1743.16         1762.68 
      0.0862327          1513.2         1514.26 
      0.0921407         1338.02         1324.75 
      0.0982031         1192.59         1187.51 
       0.104506         1121.85         1097.56 
       0.110769         1058.31            1041 
       0.116806         1003.16         995.437 
       0.122832         954.822         942.222 
       0.129052         874.887         872.263 
       0.135211         799.498         791.828 
       0.141259         732.472         712.165 
       0.147318         668.434         641.902 
       0.153489         608.393         586.378 
       0.159709         572.696         547.464 
       0.165845         551.416         521.831 
       0.171974         524.639         502.527 
       0.178125         504.647         483.209 
       0.184229         482.353         460.073 
        0.19034          446.07          432.16 
       0.196428         425.579         401.627 
       0.202534         402.528         371.612 
       0.208729         374.652         344.881 
       0.214876         351.548         323.693 
       0.220989         338.818         307.808 
       0.227147         322.471         295.614 
        0.23329         310.791         285.206 
       0.239377         302.576         274.788 
       0.245482          283.31         263.161 
       0.251667         276.481         250.058 
       0.257832         264.191         236.367 
       0.263955         251.732         223.213 
       0.270079           240.1         211.385 
        0.27624         234.047         201.313 
       0.282372         225.165         193.042 
        0.28843         216.735         186.129 
       0.294538         207.706         179.813 
       0.300721         204.486           173.5 
        0.30691          194.88         166.936 
       0.313033          189.05         160.146 
       0.319153         180.289         153.293 
       0.325316         175.852          146.62 
        0.33145          168.82         140.495 
       0.337538         165.314         135.057 
       0.343633         159.328         130.245 
       0.349808         154.275         125.873 
       0.355968         151.138         121.809 
       0.362074         146.684         117.907 
       0.368217         142.258          113.98 
       0.374374         137.592         110.039 
       0.380519         134.593         106.146 
       0.386598         130.726         102.419 
       0.392688         128.167         98.9009 
        0.39888         124.563         95.5809 
       0.405048         121.282         92.5319 
       0.411186         118.468         89.7196 
       0.417313         115.421         87.0629 
       0.423458          112.68         84.4919 
       0.429607         109.859         81.9825 
       0.435692          106.14         79.5419 
       0.441815          105.04         77.1377 
       0.447964         103.064         74.8052 
       0.454126         98.3625         72.5727 
       0.460267         97.1718         70.4602 
       0.466387         95.3425         68.4699 
        0.47254         93.2997          66.577 
       0.478662         92.1731         64.7789 
       0.484765         89.3237         63.0495 
       0.490885         87.6434         61.3663 
       0.497035         86.4793         59.7235 
       0.503198         83.9324         58.1249 
       0.509342         82.1351         56.5801 
       0.515458         80.7717         55.0968 
       0.521598         79.4886          53.668 
       0.527764         78.1519          52.296 
       0.533884         76.8849           50.99 
           0.54         75.1945         49.7337 
       0.546137         74.3538         48.5152 
       0.552299         73.1405         47.3306 
       0.558452         71.3046          46.185 
       0.564573         69.9931         45.0802 
       0.570708          68.952         44.0064 
       0.576825         67.8665         42.9692 
       0.582926         66.3725         41.9686 
       0.589034         65.0797         41.0005 
       0.595184         64.2215         40.0601 
       0.601379         63.2521         39.1454 
       0.607522         61.7336          38.268 
       0.613639         61.4847         37.4212 
       0.619772         60.0632         36.5968 
       0.625918         59.3926         35.7941 
       0.632068         58.6424         35.0141 
       0.638161         57.7676         34.2641 
         0.6443         56.8772         33.5309 
       0.650464         56.0735         32.8175 
       0.656582         55.3522         32.1308 
       0.662703         54.2335         31.4643 
       0.668861         53.5347         30.8133 
       0.675024         52.8295         30.1803 
       0.681124         52.0212         29.5715 
       0.687237         51.0559         28.9779 
       0.693381         50.5794         28.3977 
       0.699536          49.702         27.8323 
       0.705665         49.8456         27.2847 
       0.711789         48.4781         26.7525 
       0.717957         47.9886          26.231 
        0.72409         47.3312         25.7265 
       0.730186         46.5544         25.2386 
       0.736317         46.3417         24.7608 
       0.742472         45.6278         24.2937 
       0.748622         45.1324         23.8392 
        0.75476         44.5775         23.3974 
       0.760888         43.8726         22.9674 
       0.767043          43.383         22.5465 
       0.773185         42.8044         22.1371 
       0.779291         42.5467         21.7401 
       0.785407         42.1283         21.3524 
       0.791564         41.5027         20.9717 
       0.797719         40.7168         20.6005 
       0.803834         40.5916         20.2407 
       0.809972         39.9111         19.8883 
       0.816124         39.4201         19.5436 
       0.822261         39.0897          19.208 
       0.828378         38.8345         18.8813 
       0.834502         38.3347          18.562 
       0.840667         37.9277         18.2481 
       0.846816          37.346         17.9424 
       0.852925         37.0449         17.6457 
       0.859047          36.547         17.3551 
       0.865192         36.2378         17.0701 
       0.871341         36.0825         16.7913 
       0.877463         35.3532         16.5201 
       0.883569         35.0684         16.2556 
       0.889708         34.8129         15.9955 
       0.895864         34.4533         15.7405 
       0.902008         34.1316         15.4916 
       0.908149         33.8056         15.2483 
       0.914301         33.6212         15.0098 
       0.920448         33.1773         14.7767 
       0.926574         32.8281         14.5493 
       0.932687         32.5535         14.3273 
       0.938823          32.063         14.1091 
       0.944975         31.9369         13.8949 
       0.951105         31.5921          13.686 
       0.957225         31.2015         13.4817 
       0.963368         31.1931         13.2809 
       0.969511         30.8423         13.0842 
       0.975621         30.5894         12.8926 
       0.981748         30.1686         12.7043 
       0.987916         29.9715         12.5186 
        0.99406         29.7515         12.3373 
        1.00019         29.3957           12.16 
        1.00632         29.2145         11.9863 
        1.01246         29.0583         11.8158 
        1.01859         28.5847         11.6489 
        1.02471         28.5576         11.4854 
        1.03085          28.293         11.3245 
        1.03698         27.8938          11.167 
        1.04314         27.6966         11.0119 
        1.04929          27.481         10.8601 
        1.05541         27.1877         10.7118 
        1.06154         27.1167         10.5659 
        1.06769          26.871         10.4225 
        1.07382         26.6531         10.2822 
        1.07993         26.5083         10.1448 
        1.08607          26.174         10.0094 
        1.09222         26.0739         9.87638 
        1.09836         25.8179          9.7459 
        1.10449         25.6162         9.61795 
        1.11063         25.2925         9.49215 
        1.11677         25.1983         9.36866 
         1.1229         25.0662         9.24758 
        1.12903         24.7351         9.12854 
        1.13518          24.663         9.01151 
        1.14131         24.5407         8.89659 
        1.14745          24.233         8.78375 
        1.15359         24.1989         8.67285 
        1.15973         23.8973         8.56382 
        1.16584         23.6844         8.45715 
        1.17197         23.6691         8.35216 
        1.17811          23.378         8.24862 
        1.18424         23.1908         8.14715 
        1.19038         23.1214         8.04709 
        1.19652         22.9987         7.94875 
        1.20267         22.8168         7.85206 
        1.20881         22.6075           7.757 
        1.21495         22.4601         7.66366 
        1.22108         22.3104         7.57186 
         1.2272         22.0776         7.48179 
        1.23334         22.0097         7.39298 
        1.23949         21.8735          7.3054 
        1.24562         21.7042         7.21949 
        1.25174         21.6099         7.13509 
        1.25789         21.4202         7.05178 
        1.26402         21.3106         6.96995 
        1.27014         21.0667         6.88962 
        1.27628          20.969         6.81032 
        1.28244         20.8671         6.73212 
        1.28858         20.7708         6.65526 
        1.29471         20.6319         6.57977 
        1.30084         20.4969         6.50552 
        1.30697         20.3359          6.4323 
        1.31312         20.1482         6.36011 
        1.31925         20.0624         6.28926 
        1.32537         19.9781         6.21956 
        1.33151         19.8184         6.15067 
        1.33765          19.756         6.08286 
        1.34378         19.6163         6.01621 
        1.34992         19.4022         5.95052 
        1.35606          19.339         5.88566 
         1.3622         19.2245         5.82189 
        1.36833         19.0806         5.75922 
        1.37445         19.0763          5.6975 
        1.38059         18.8984          5.6365 
        1.38675         18.6853         5.57625 
        1.39288         18.6735         5.51712 
        1.39901           18.52         5.45887 
        1.40515         18.4452         5.40132 
         1.4113         18.3305         5.34464 
        1.41742         18.1521         5.28897 
        1.42355         18.1252           5.234 
         1.4297         18.0282         5.17964 
        1.43585         17.9644         5.12608 
        1.44198          17.789         5.07348 
        1.44809          17.694         5.02172 
        1.45423         17.6171         4.97048 
        1.46036         17.5515         4.92006 
        1.46649         17.4308         4.87032 
        1.47263         17.2997         4.82122 
        1.47877         17.2381         4.77283 
        1.48491         17.1695         4.72502 
        1.49104         17.0912         4.67797 
        1.49718         16.9328         4.63152 
        1.50333         16.8869         4.58563 
        1.50947         16.8081         4.54046 
         1.5156          16.674         4.49596 
        1.52172         16.5674         4.45206 
        1.52787         16.5512         4.40866 
          1.534         16.4035         4.36589 
        1.54013          16.277         4.32373 
        1.54627           16.23         4.28205 
        1.55241           16.13         4.24092 
        1.55855         16.0338         4.20038 
        1.56467         15.9576         4.16049 
         1.5708         15.9316           4.121 
        1.57695         15.7698         4.08196 
        1.58308         15.7743         4.04352 
        1.58922         15.6622         4.00555 
        1.59535         15.5605         3.96808 
         1.6015         15.4851         3.93103 
        1.60764         15.4444         3.89448 
        1.61376         15.3079         3.85849 
        1.61989         15.2201         3.82293 
        1.62604         15.2024         3.78773 
        1.63218         15.1048           3.753 
        1.63831         15.0621         3.71879 
        1.64444          14.934         3.68498 
        1.65059         14.8633         3.65152 
        1.65673          14.801         3.61851 
        1.66285         14.7304           3.586 
        1.66898         14.6886         3.55388 
        1.67512         14.6209         3.52209 
        1.68127         14.5363         3.49065 
         1.6874         14.4483         3.45968 
        1.69353         14.3808         3.42909 
        1.69967         14.2953         3.39881 
        1.70581         14.2386          3.3689 
        1.71193          14.177         3.33946 
        1.71806         14.0964         3.31032 
        1.72421         14.0361         3.28146 
        1.73035         13.9554         3.25298 
        1.73649         13.9142         3.22484 
        1.74262         13.8755         3.19706 
        1.74876          13.801         3.16959 
        1.75489         13.7291          3.1425 
        1.76101         13.6488         3.11573 
        1.76715         13.6133         3.08924 
        1.77329         13.5364         3.06302 
        1.77943         13.4612         3.03709 
        1.78557         13.4283         3.01151 
        1.79171         13.3734         2.98621 
        1.79785         13.2601          2.9612 
        1.80399         13.2154         2.93648 
        1.81012         13.2096         2.91207 
        1.81625         13.1218         2.88796 
        1.82239         13.0893         2.86408 
        1.82853         12.9763         2.84048 
        1.83466         12.8984         2.81717 
        1.84078         12.8443         2.79415 
        1.84692          12.833         2.77134 
        1.85306           12.75         2.74876 
         1.8592         12.7024         2.72647 
        1.86533         12.6613         2.70444 
        1.87147         12.5912         2.68263 
        1.87761         12.5609         2.66104 
        1.88375         12.4776         2.63972 
        1.88988         12.4278         2.61866 
        1.89601         12.3716         2.59781 
        1.90215         12.3192         2.57717 
        1.90829         12.2831         2.55677 
        1.91442         12.2344         2.53658 
        1.92056           12.17         2.51664 
         1.9267         12.1157         2.49688 
        1.93284         12.0517         2.47733 
        1.93897         12.0079         2.45802 
        1.94509         11.9522         2.43896 
        1.95123         11.9073         2.42005 
        1.95737         11.8719         2.40133 
        1.96349         11.8072         2.38285 
        1.96964         11.7523         2.36452 
        1.97578         11.7076         2.34637 
        1.98192         11.6507         2.32845 
        1.98805         11.6195         2.31071 
        1.99419         11.5525         2.29315 
        2.00033         11.4939         2.27577 
        2.00647         11.4548         2.25858 
         2.0126         11.4176         2.24159 
        2.01874         11.3452         2.22475 
        2.02488         11.3075         2.20806 
        2.03101         11.2846         2.19158 
        2.03714         11.2453         2.17528 
        2.04328         11.1688         2.15913 
        2.04941         11.1064         2.14316 
        2.05554         11.1139         2.12736 
        2.06167          11.047          2.1117 
        2.06781         11.0171         2.09619 
        2.07396         10.9844         2.08081 
        2.08009         10.9337         2.06562 
        2.08622         10.8434          2.0506 
        2.09237         10.8327         2.03569 
        2.09851         10.7908         2.02093 
        2.10464         10.7444         2.00634 
        2.11077         10.6831         1.99191 
        2.11691         10.6571          1.9776 
        2.12305          10.631         1.96342 
        2.12918         10.5591         1.94941 
        2.13531         10.5357         1.93554 
        2.14145         10.4749         1.92178 
         2.1476          10.472         1.90813 
        2.15372         10.4107         1.89468 
        2.15985         10.3504         1.88135 
        2.16599         10.3393          1.8681 
        2.17213         10.2843           1.855 
        2.17827         10.2632         1.84203 
         2.1844         10.2168         1.82919 
        2.19054          10.165         1.81647 
        2.19666         10.1588         1.80389 
         2.2028         10.1123         1.79142 
        2.20893         10.0619         1.77905 
        2.21508         9.99855          1.7668 
        2.22122         9.97278         1.75465 
        2.22736         9.94556         1.74264 
        2.23349         9.89198         1.73075 
        2.23962         9.84998         1.71896 
        2.24577          9.8177         1.70727 
         2.2519          9.8077          1.6957 
        2.25802         9.75765         1.68426 
        2.26417         9.73514          1.6729 
        2.27031         9.66609         1.66163 
        2.27644         9.64812         1.65049 
        2.28257         9.60467         1.63946 
        2.28872         9.58166         1.62851 
        2.29486         9.54721         1.61766 
        2.30099          9.5216         1.60693 
        2.30712          9.4777         1.59629 
        2.31326         9.44383         1.58573 
         2.3194          9.4095         1.57527 
        2.32553         9.36528         1.56493 
        2.33166         9.31265         1.55468 
         2.3378         9.29373         1.54451 
        2.34394         9.26935         1.53442 
        2.35007         9.21677         1.52444 
        2.35619           9.169         1.51456 
        2.36233         9.15688         1.50475 
        2.36848         9.14399           1.495 
        2.37462         9.11486         1.48536 
        2.38075         9.04711         1.47581 
        2.38689         9.02672         1.46634 
        2.39303         8.99232         1.45695 
        2.39916         8.97544         1.44766 
        2.40529         8.93121         1.43844 
        2.41143         8.91282          1.4293 
        2.41757         8.87762         1.42024 
         2.4237         8.84751         1.41127 
        2.42983         8.79956         1.40237 
        2.43598         8.79418         1.39354 
        2.44211         8.75001         1.38479 
        2.44823         8.71027         1.37613 
        2.45437         8.70464         1.36753 
        2.46052         8.64965         1.35899 
        2.46665         8.61238         1.35054 
        2.47279         8.57847         1.34217 
        2.47892         8.56523         1.33386 
        2.48507         8.53902         1.32561 
         2.4912           8.511         1.31745 
        2.49733         8.47305         1.30936 
        2.50347         8.45534         1.30133 
        2.50961          8.4172         1.29336 
        2.51575         8.39645         1.28546 
        2.52188         8.35905         1.27764 
        2.52802         8.33607         1.26987 
        2.53416         8.29311         1.26217 
        2.54029         8.26826         1.25454 
        2.54641         8.25659         1.24698 
        2.55255         8.21813         1.23947 
        2.55869         8.18203         1.23202 
        2.56483         8.15391         1.22463 
        2.57096         8.12088         1.21731 
        2.57709         8.10566         1.21005 
        2.58323         8.08639         1.20285 
        2.58937         8.05425         1.19569 
        2.59551         8.03264         1.18861 
        2.60164         8.00816         1.18158 
        2.60778         7.96911         1.17461 
        2.61392         7.95485         1.16769 
        2.62006         7.90976         1.16083 
        2.62619         7.88805         1.15403 
        2.63232         7.85966         1.14728 
        2.63846         7.84927         1.14058 
        2.64459         7.80568         1.13395 
        2.65072          7.7886         1.12736 
        2.65686         7.75931         1.12083 
          2.663         7.73582         1.11434 
        2.66915         7.70931          1.1079 
        2.67527         7.68897         1.10152 
        2.68141         7.66354          1.0952 
        2.68755          7.6366         1.08891 
        2.69368          7.6144         1.08268 
        2.69981         7.58153         1.07651 
        2.70595          7.5607         1.07037 
        2.71209         7.52872         1.06428 
        2.71823         7.49909         1.05824 
        2.72436         7.47458         1.05225 
         2.7305         7.46485         1.04631 
        2.73663         7.44272         1.04041 
        2.74276         7.42344         1.03456 
         2.7489         7.39886         1.02876 
        2.75504         7.36667         1.02299 
        2.76118         7.34564         1.01726 
        2.76732         7.32647         1.01159 
        2.77345         7.29549         1.00596 
        2.77959         7.27586         1.00037 
        2.78572         7.26079        0.994826 
        2.79186         7.23775        0.989326 
        2.79798         7.19941        0.983873 
        2.80412         7.16507         0.97845 
        2.81027         7.14363        0.973063 
         2.8164         7.14057        0.967727 
        2.82253         7.11089        0.962432 
        2.82867         7.09366        0.957173 
        2.83481         7.07359        0.951953 
        2.84095         7.04581        0.946771 
        2.84708         7.02735        0.941634 
        2.85322         7.01732        0.936529 
        2.85935         6.98812        0.931463 
        2.86549         6.96046        0.926437 
        2.87162         6.94251        0.921449 
        2.87776         6.92255        0.916498 
        2.88389         6.89768        0.911579 
        2.89003         6.88101          0.9067 
        2.89617         6.85942        0.901854 
        2.90231         6.83719        0.897044 
        2.90844         6.83037        0.892269 
        2.91458         6.79692        0.887531 
        2.92071         6.77329        0.882832 
        2.92684         6.75867        0.878161 
        2.93298         6.73193        0.873527 
         2.9391         6.71262        0.868932 
        2.94524         6.69524        0.864364 
        2.95138         6.68608        0.859826 
        2.95752         6.66193        0.855317 
        2.96367         6.64093        0.850839 
         2.9698         6.62874        0.846403 
        2.97594         6.59904        0.841994 
        2.98207         6.57808        0.837617 
        2.98821         6.56137        0.833274 
        2.99434          6.5434        0.828962 
        3.00048         6.52354        0.824678 
        3.00662         6.49886        0.820423 
        3.01275         6.48413        0.816204 
        3.01888         6.47252        0.812014 
        3.02503         6.45033        0.807847 
        3.03117         6.43259         0.80371 
        3.03729         6.41604        0.799613 
        3.04342         6.38616         0.79554 
        3.04957         6.36971        0.791486 
         3.0557         6.35371        0.787468 
        3.06183         6.33432        0.783484 
        3.06796         6.31009        0.779522 
        3.07411         6.30104         0.77558 
        3.08025          6.2809        0.771671 
        3.08637         6.26651        0.767797 
         3.0925           6.244        0.763943 
        3.09865         6.23519        0.760109 
         3.1048          6.2106        0.756302 
        3.11093         6.20112        0.752529 
        3.11706         6.18377        0.748781 
         3.1232          6.1646        0.745057 
        3.12933         6.14604        0.741357 
        3.13547         6.12908        0.737684 
        3.14159         6.11619        0.734042 
        3.14773         6.09615        0.730416 
        3.15388         6.08257        0.726812 
        3.16001         6.06514        0.723238 
        3.16614         6.04861         0.71969 
        3.17228         6.03523        0.716162 
        3.17842         6.01526        0.712659 
        3.18455         6.00519        0.709181 
        3.19068          5.9776        0.705727 
        3.19682         5.95979        0.702291 
        3.20297         5.95317        0.698878 
         3.2091         5.92844         0.69549 
        3.21524         5.92182        0.692125 
        3.22138         5.89988        0.688782 
         3.2275         5.88766        0.685466 
        3.23363         5.86784        0.682171 
        3.23977          5.8472        0.678894 
        3.24591         5.84028        0.675639 
        3.25205         5.82608        0.672402 
        3.25818         5.80231        0.669189 
        3.26432         5.78583        0.665998 
        3.27046         5.78775        0.662827 
         3.2766         5.75949        0.659676 
        3.28273         5.75659        0.656547 
        3.28887         5.73052        0.653439 
          3.295         5.71925        0.650351 
        3.30113         5.70013        0.647283 
        3.30727          5.6898        0.644234 
        3.31341         5.68021        0.641206 
        3.31954         5.66761        0.638198 
        3.32568         5.64396        0.635206 
        3.33182         5.62755        0.632235 
        3.33795         5.61944        0.629285 
        3.34409         5.59983         0.62635 
        3.35022          5.5868        0.623435 
        3.35636         5.57818        0.620541 
         3.3625         5.56322        0.617662 
        3.36864         5.55289        0.614802 
        3.37477         5.53287        0.611961 
        3.38091         5.52685         0.60914 
        3.38704         5.50595        0.606336 
        3.39318         5.49928        0.603549 
        3.39931         5.47937        0.600778 
        3.40545         5.46711        0.598027 
        3.41158         5.44825        0.595293 
        3.41772         5.44055        0.592575 
        3.42385         5.42869        0.589876 
        3.42998         5.41697        0.587194 
        3.43612         5.40272        0.584528 
        3.44226         5.38497        0.581877 
         3.4484         5.37929        0.579239 
        3.45453         5.36311        0.576623 
        3.46066          5.3461        0.574024 
        3.46681         5.33612        0.571435 
        3.47295           5.329        0.568863 
        3.47908         5.31675        0.566314 
        3.48521         5.29592        0.563778 
        3.49135         5.29049        0.561254 
        3.49749         5.27579        0.558747 
        3.50362         5.26066        0.556256 
        3.50976         5.24564        0.553781 
        3.51589          5.2282        0.551321 
        3.52203         5.22052        0.548875 
        3.52816         5.20917        0.546447 
        3.53429         5.20352        0.544032 
        3.54043          5.1841        0.541628 
        3.54657         5.17651        0.539239 
        3.55271         5.16305        0.536867 
        3.55884         5.15009        0.534512 
        3.56498         5.13915        0.532166 
        3.57112         5.13338        0.529834 
        3.57725         5.11843        0.527519 
        3.58338         5.11139        0.525219 
        3.58952         5.08907         0.52293 
        3.59566         5.08348        0.520653 
         3.6018         5.07339        0.518391 
        3.60793         5.06089        0.516145 
        3.61407         5.04773        0.513912 
        3.62021         5.03852         0.51169 
        3.62634         5.02818        0.509483 
        3.63247         5.02141        0.507289 
        3.63861         5.00607        0.505108 
        3.64475         4.99872        0.502936 
        3.65089         4.98353         0.50078 
        3.65702         4.97413        0.498638 
        3.66316         4.96222        0.496507 
        3.66929         4.95042        0.494389 
        3.67543         4.93324        0.492284 
        3.68156         4.92669        0.490191 
        3.68769         4.91826        0.488109 
        3.69383          4.9121        0.486039 
        3.69997         4.89634        0.483981 
        3.70611         4.88834        0.481936 
        3.71224         4.87531        0.479902 
        3.71838         4.86688         0.47788 
        3.72451         4.85517        0.475871 
        3.73065         4.84651        0.473874 
        3.73678         4.83153        0.471888 
        3.74292         4.82825        0.469911 
        3.74906         4.82235        0.467946 
        3.75519         4.79888        0.465994 
        3.76133         4.79643        0.464052 
        3.76746         4.78663        0.462122 
         3.7736          4.7769        0.460204 
        3.77974         4.76507        0.458294 
        3.78588         4.75182        0.456395 
        3.79201         4.74161        0.454509 
        3.79814         4.73548        0.452633 
        3.80428         4.72322        0.450767 
        3.81042         4.71057        0.448911 
        3.81655         4.71168        0.447067 
        3.82268         4.69752        0.445234 
        3.82882         4.68879        0.443411 
        3.83496         4.67941        0.441596 
        3.84109         4.66955        0.439792 
        3.84723         4.65765        0.437999 
        3.85337         4.65075        0.436214 
        3.85951         4.64038        0.434439 
        3.86565         4.63124        0.432675 
        3.87178         4.61637        0.430923 
        3.87791         4.61323         0.42918 
        3.88405         4.60354        0.427445 
        3.89019         4.59272         0.42572 
        3.89632         4.57832        0.424005 
        3.90246         4.57606        0.422299 
         3.9086         4.56649        0.420602 
        3.91473         4.55379        0.418916 
        3.92086         4.54753         0.41724 
        3.92699         4.54412        0.415572 
        3.93313         4.53507        0.413911 
        3.93927         4.52283        0.412261 
         3.9454         4.51444        0.410621 
        3.95154         4.50518        0.408987 
        3.95768         4.49739        0.407363 
        3.96382         4.48353        0.405748 
        3.96995         4.48332        0.404142 
        3.97609         4.47416        0.402545 
        3.98222          4.4653        0.400958 
        3.98836         4.45638        0.399378 
         3.9945         4.44587        0.397806 
        4.00063         4.43329        0.396244 
        4.00677         4.42668        0.394689 
        4.01291         4.41789        0.393142 
        4.01904         4.41835        0.391606 
        4.02517         4.40405        0.390078 
        4.03131         4.39345        0.388555 
        4.03745         4.38494        0.387041 
        4.04358         4.37737        0.385537 
        4.04972         4.37295         0.38404 
        4.05585          4.3607        0.382551 
        4.06199         4.34977         0.38107 
        4.06812         4.34125        0.379597 
        4.07426         4.33587        0.378131 
         4.0804          4.3258        0.376672 
        4.08654         4.32193        0.375222 
        4.09267         4.31428         0.37378 
         4.0988         4.30528        0.372347 
        4.10494         4.30029         0.37092 
        4.11108         4.28865        0.369499 
        4.11721         4.27969        0.368088 
        4.12334         4.27024        0.366683 
        4.12948         4.26158        0.365286 
        4.13561         4.25633        0.363896 
        4.14176         4.24855        0.362511 
        4.14789         4.23886        0.361135 
        4.15403         4.23834        0.359767 
        4.16016         4.22179        0.358405 
         4.1663         4.21993         0.35705 
        4.17243         4.20619        0.355704 
        4.17857         4.20079        0.354363 
        4.18471         4.19433        0.353029 
        4.19084         4.18305        0.351702 
        4.19698         4.17546        0.350383 
        4.20312         4.17085        0.349069 
        4.20925         4.16135        0.347763 
        4.21538         4.15491        0.346464 
        4.22152         4.14803        0.345171 
        4.22766         4.14252        0.343884 
         4.2338         4.13215        0.342604 
        4.23993         4.12434        0.341331 
        4.24607         4.12405        0.340064 
         4.2522          4.1088        0.338804 
        4.25834         4.10299         0.33755 
        4.26447          4.0933        0.336303 
        4.27061         4.09193        0.335062 
        4.27674         4.07941        0.333827 
        4.28288         4.07534        0.332598 
        4.28902         4.06314        0.331375 
        4.29515          4.0623         0.33016 
        4.30129         4.05145        0.328949 
        4.30743         4.05068        0.327744 
        4.31356         4.03603        0.326546 
        4.31969         4.02885        0.325355 
        4.32583         4.02565         0.32417 
        4.33197         4.01538        0.322988 
         4.3381         4.01167        0.321814 
        4.34424         3.99922        0.320646 
        4.35038         3.99294        0.319482 
        4.35652         3.98548        0.318325 
        4.36265         3.98474        0.317175 
        4.36878         3.97654         0.31603 
        4.37492         3.96989        0.314889 
        4.38106           3.958        0.313754 
        4.38719         3.95143        0.312626 
        4.39333         3.94793        0.311504 
        4.39946         3.93615        0.310387 
         4.4056         3.93296        0.309275 
        4.41173         3.92526        0.308168 
        4.41786         3.92022        0.307069 
          4.424         3.90983        0.305973 
        4.43014         3.90446        0.304881 
        4.43628         3.89423        0.303796 
        4.44241         3.89367        0.302716 
        4.44855         3.88559        0.301642 
        4.45469          3.8776        0.300571 
        4.46083         3.86986        0.299508 
        4.46696         3.86491         0.29845 
        4.47309          3.8536        0.297396 
        4.47923         3.84742        0.296347 
        4.48537         3.84212        0.295304 
         4.4915         3.83503        0.294265 
        4.49764         3.83196        0.293231 
        4.50378         3.82321        0.292202 
        4.50991         3.81546        0.291179 
        4.51604         3.81072        0.290161 
        4.52218         3.80539        0.289146 
        4.52832         3.79732        0.288137 
        4.53445         3.78927        0.287134 
        4.54059         3.78138        0.286134 
        4.54673          3.7742        0.285139 
        4.55286          3.7683        0.284149 
          4.559         3.76282        0.283164 
        4.56513         3.75926        0.282184 
        4.57127          3.7501        0.281208 
        4.57741         3.74496        0.280236 
        4.58354         3.73959         0.27927 
        4.58968         3.73043        0.278308 
        4.59582         3.72017         0.27735 
        4.60195         3.71524        0.276397 
        4.60809         3.71178        0.275449 
        4.61422         3.70283        0.274505 
        4.62036         3.69999        0.273566 
        4.62649         3.69044         0.27263 
        4.63263         3.68974          0.2717 
        4.63876          3.6808        0.270773 
         4.6449         3.67616         0.26985 
        4.65104         3.66342        0.268933 
        4.65717         3.66204         0.26802 
        4.66331         3.65925         0.26711 
        4.66944         3.64874        0.266205 
        4.67558          3.6477        0.265305 
        4.68171         3.63785        0.264408 
        4.68785         3.63038        0.263515 
        4.69399         3.62705        0.262626 
        4.70012         3.62018        0.261743 
        4.70625         3.61141        0.260863 
        4.71239         3.60856        0.259986 
        4.71853         3.60049        0.259114 
        4.72467         3.59647        0.258245 
         4.7308         3.58752        0.257381 
        4.73694          3.5855        0.256521 
        4.74308         3.58165        0.255665 
        4.74922         3.57249        0.254812 
        4.75535         3.56323        0.253964 
        4.76148          3.5574         0.25312 
        4.76762         3.55298        0.252278 
        4.77376          3.5402        0.251441 
        4.77989          3.5405        0.250609 
        4.78602         3.53653         0.24978 
        4.79216         3.52747        0.248954 
         4.7983         3.52381        0.248132 
        4.80443         3.51611        0.247314 
        4.81056         3.51116          0.2465 
         4.8167         3.50565        0.245689 
        4.82284         3.49896        0.244881 
        4.82898         3.49486        0.244078 
        4.83511         3.48978        0.243278 
        4.84125         3.48147        0.242482 
        4.84739         3.47539        0.241689 
        4.85352         3.47078          0.2409 
        4.85965         3.46468        0.240115 
        4.86579         3.45823        0.239332 
        4.87193         3.45584        0.238553 
        4.87807         3.44612        0.237778 
         4.8842         3.44245        0.237007 
        4.89034         3.43775        0.236238 
        4.89647         3.43418        0.235473 
        4.90261         3.42511        0.234712 
        4.90874          3.4223        0.233954 
        4.91488         3.41892          0.2332 
        4.92102         3.41012        0.232448 
        4.92715         3.40287          0.2317 
        4.93329         3.40014        0.230955 
        4.93942         3.39388        0.230213 
        4.94556         3.38748        0.229475 
         4.9517         3.38308         0.22874 
        4.95783         3.37569        0.228008 
        4.96397         3.37403        0.227279 
        4.97011         3.36409        0.226554 
        4.97624         3.36175        0.225832 
        4.98238          3.3555        0.225113 
        4.98851         3.34745        0.224397 
        4.99465         3.34832        0.223684 
        5.00078         3.34098        0.222975 
        5.00691          3.3378        0.222268 
        5.01305         3.33328        0.221565 
        5.01919         3.32448        0.220864 
        5.02533         3.31966        0.220166 
        5.03146         3.31457        0.219472 
         5.0376          3.3085        0.218781 
        5.04374         3.30405        0.218092 
        5.04987         3.29868        0.217406 
        5.05601         3.29296        0.216724 
        5.06215         3.28847        0.216044 
        5.06829         3.28468        0.215367 
        5.07442         3.27973        0.214693 
        5.08055         3.27351        0.214023 
        5.08668         3.26753        0.213355 
        5.09282         3.26167        0.212689 
        5.09896         3.25739        0.212027 
        5.10509         3.25541        0.211368 
        5.11123         3.24793        0.210711 
        5.11736         3.24273        0.210057 
         5.1235         3.23786        0.209406 
        5.12964         3.23382        0.208758 
        5.13577         3.22876        0.208112 
        5.14191         3.22298        0.207469 
        5.14804         3.21749        0.206829 
        5.15418         3.21255        0.206192 
        5.16032         3.21305        0.205556 
        5.16645         3.20446        0.204924 
        5.17259         3.19931        0.204295 
        5.17872          3.1965        0.203668 
        5.18486         3.18776        0.203044 
          5.191         3.18706        0.202422 
        5.19713         3.18049        0.201803 
        5.20327          3.1769        0.201187 
        5.20941         3.17387        0.200573 
        5.21555         3.16798        0.199961 
        5.22168         3.16325        0.199353 
        5.22781         3.15896        0.198747 
        5.23395         3.15536        0.198143 
        5.24009         3.15043        0.197542 
        5.24622         3.14533        0.196943 
        5.25236          3.1411        0.196347 
         5.2585         3.13547        0.195753 
        5.26463         3.13381        0.195162 
        5.27077         3.12879        0.194573 
         5.2769         3.12136        0.193987 
        5.28304         3.11833        0.193403 
        5.28917         3.11741        0.192822 
         5.2953         3.10627        0.192243 
        5.30144         3.10362        0.191667 
        5.30757         3.10265        0.191092 
        5.31371         3.09633         0.19052 
        5.31985         3.09408         0.18995 
        5.32599         3.08716        0.189383 
        5.33213          3.0846        0.188817 
        5.33826         3.08258        0.188255 
         5.3444         3.07524        0.187695 
        5.35053         3.07246        0.187137 
        5.35667         3.06437        0.186581 
        5.36281         3.06438        0.186027 
        5.36894         3.05851        0.185476 
        5.37507         3.05436        0.184927 
        5.38121          3.0499         0.18438 
        5.38735         3.04825        0.183835 
        5.39348         3.04377        0.183293 
        5.39961         3.03739        0.182753 
        5.40575         3.03577        0.182215 
        5.41189         3.03027        0.181679 
        5.41803         3.02877        0.181145 
        5.42416         3.02416        0.180613 
         5.4303         3.01842        0.180084 
        5.43644         3.01766        0.179556 
        5.44257         3.01203        0.179031 
        5.44871          3.0113        0.178508 
        5.45484         3.00626        0.177987 
        5.46098         2.99942        0.177468 
        5.46712         2.99712        0.176951 
        5.47325         2.99305        0.176436 
        5.47938         2.98978        0.175924 
        5.48552         2.98668        0.175413 
        5.49165         2.98404        0.174905 
        5.49779          2.9765        0.174398 
        5.50393         2.97537        0.173893 
        5.51006         2.97412         0.17339 
         5.5162         2.97115        0.172889 
        5.52234         2.96628        0.172391 
        5.52847         2.96421        0.171894 
        5.53461         2.96038        0.171399 
        5.54075         2.95687        0.170906 
        5.54688         2.95367        0.170415 
        5.55302         2.94804        0.169926 
        5.55915         2.94575        0.169439 
        5.56529         2.94268        0.168954 
        5.57143         2.93958        0.168471 
        5.57756         2.93573        0.167989 
         5.5837         2.93292         0.16751 
        5.58983         2.93039        0.167033 
        5.59597         2.92674        0.166557 
         5.6021         2.92452        0.166083 
        5.60824         2.92244        0.165611 
        5.61438         2.92093        0.165141 
        5.62051         2.91548        0.164672 
        5.62665          2.9124        0.164206 
        5.63278         2.90942        0.163741 
        5.63892         2.90661        0.163278 
        5.64505         2.90323        0.162817 
        5.65119         2.90048        0.162358 
        5.65733         2.89646          0.1619 
        5.66346         2.89647        0.161444 
         5.6696         2.89372         0.16099 
        5.67573         2.88928        0.160538 
        5.68187          2.8845        0.160087 
          5.688         2.88417        0.159639 
        5.69414         2.88312        0.159191 
        5.70028         2.87983        0.158746 
        5.70642          2.8768        0.158302 
        5.71255         2.87286         0.15786 
        5.71869         2.87307         0.15742 
        5.72482           2.871        0.156981 
        5.73096         2.86609        0.156544 
        5.73709          2.8651        0.156109 
        5.74322         2.86364        0.155676 
        5.74936         2.85835        0.155243 
         5.7555         2.85893        0.154813 
        5.76164         2.85559        0.154384 
        5.76777         2.85635        0.153957 
        5.77391          2.8507        0.153532 
        5.78005         2.84945        0.153107 
        5.78618         2.84673        0.152685 
        5.79231         2.84281        0.152265 
        5.79845         2.84135        0.151846 
        5.80459         2.84022        0.151428 
        5.81073         2.83872        0.151012 
        5.81686         2.83809        0.150598 
          5.823         2.83518        0.150185 
        5.82914         2.83258        0.149774 
        5.83527         2.83083        0.149364 
         5.8414         2.82946        0.148956 
        5.84754         2.82626        0.148549 
        5.85368          2.8263        0.148144 
        5.85981         2.82379         0.14774 
        5.86595         2.82233        0.147338 
        5.87208         2.82046        0.146938 
        5.87822         2.81942        0.146539 
        5.88435         2.81835        0.146141 
        5.89049         2.81519        0.145745 
        5.89662         2.81617         0.14535 
        5.90276         2.81321        0.144957 
         5.9089         2.81175        0.144565 
        5.91503         2.80953        0.144175 
        5.92117         2.81061        0.143786 
        5.92731         2.80665        0.143398 
        5.93344         2.80901        0.143012 
        5.93958          2.8061        0.142627 
        5.94572         2.80563        0.142244 
        5.95186         2.80278        0.141862 
        5.95799          2.8035        0.141482 
        5.96412         2.80171        0.141103 
        5.97026         2.80124        0.140725 
         5.9764         2.80195        0.140349 
        5.98253         2.79926        0.139975 
        5.98866           2.799        0.139601 
         5.9948         2.79846        0.139229 
        6.00094          2.7962        0.138858 
        6.00707         2.79581        0.138489 
        6.01321         2.79552         0.13812 
        6.01935         2.79264        0.137754 
        6.02548         2.79296        0.137388 
        6.03162         2.79124        0.137024 
        6.03775         2.79287        0.136662 
        6.04389         2.79371          0.1363 
        6.05003          2.7915         0.13594 
        6.05617         2.79193        0.135581 
         6.0623         2.79171        0.135223 
        6.06844         2.79211        0.134867 
        6.07457         2.78996        0.134512 
         6.0807          2.7912        0.134159 
        6.08684         2.78987        0.133806 
        6.09298         2.79007        0.133455 
        6.09912         2.79173        0.133105 
        6.10525         2.78683        0.132756 
        6.11138         2.79061        0.132409 
        6.11752          2.7902        0.132063 
        6.12366         2.78998        0.131718 
        6.12979         2.78978        0.131374 
        6.13593         2.78915        0.131032 
        6.14207         2.79317        0.130691 
         6.1482         2.79304        0.130351 
        6.15434          2.7912        0.130012 
        6.16047         2.79306        0.129675 
        6.16661         2.79275        0.129338 
        6.17274         2.79271        0.129003 
        6.17887          2.7944        0.128669 
        6.18501          2.7942        0.128336 
        6.19115         2.79683        0.128005 
        6.19729         2.79575        0.127674 
        6.20342         2.79691        0.127345 
        6.20956         2.79784        0.127017 
         6.2157         2.79669        0.126689 
        6.22183         2.80074        0.126364 
        6.22797         2.79867        0.126039 
         6.2341         2.80141        0.125716 
        6.24024         2.80149        0.125393 
        6.24638         2.80358        0.125072 
        6.25251         2.80447        0.124752 
        6.25865         2.80581        0.124433 
        6.26478         2.80882        0.124115 
        6.27092         2.80876        0.123798 
        6.27705         2.80886        0.123482 
        6.28318         2.81163        0.123168 
