# k  (h/Mpc)    Pcb(k)  (Mpc/h)^3    Pcb_linear(k)  (Mpc/h)^3
     0.00783031         12047.6           12095 
       0.013688         15724.1           16132 
       0.019231         17053.2         17329.3 
      0.0249154         16864.2         16911.1 
      0.0312784         15220.4         15467.8 
      0.0375637         13460.3         13807.8 
      0.0433917         12266.8         12454.6 
      0.0492413           11109         11403.8 
      0.0555754         10350.6         10576.6 
      0.0619321         9409.47         9936.77 
       0.067871         8993.86         9377.19 
      0.0738098         8465.01         8766.93 
      0.0800417            7777          8047.3 
      0.0862327         7022.59         7290.48 
      0.0921407         6384.98         6595.37 
      0.0982031         5867.33         5972.11 
       0.104506         5299.17         5458.21 
       0.110769         4952.34         5083.06 
       0.116806         4775.78         4820.08 
       0.122832         4509.01         4610.74 
       0.129052         4293.22         4405.16 
       0.135211          4160.5          4180.2 
       0.141259         3864.25          3928.6 
       0.147318         3576.95         3656.06 
       0.153489         3379.09         3379.71 
       0.159709         3244.21         3126.73 
       0.165845         2972.63         2918.39 
       0.171974         2904.71         2755.49 
       0.178125         2824.87         2630.69 
       0.184229         2618.38          2531.5 
        0.19034         2587.07         2441.15 
       0.196428         2518.43         2347.29 
       0.202534         2374.28          2242.7 
       0.208729          2323.5         2126.39 
       0.214876          2227.6         2006.94 
       0.220989         2117.73         1892.52 
       0.227147          2065.2         1789.06 
        0.23329         1988.99         1701.62 
       0.239377         1978.64         1630.52 
       0.245482         1892.86          1571.5 
       0.251667         1825.75         1519.07 
       0.257832         1802.11         1468.81 
       0.263955         1725.37         1417.16 
       0.270079         1686.51         1362.23 
        0.27624         1616.56          1304.5 
       0.282372         1600.17         1246.99 
        0.28843         1573.85         1192.79 
       0.294538         1505.59         1143.05 
       0.300721         1478.94         1098.72 
        0.30691         1445.91         1060.17 
       0.313033            1395         1026.41 
       0.319153         1382.11         995.268 
       0.325316         1365.38         964.766 
        0.33145         1339.57         934.167 
       0.337538         1298.57         903.142 
       0.343633         1269.57         871.832 
       0.349808         1248.13           840.6 
       0.355968         1223.97         810.899 
       0.362074         1191.22         783.527 
       0.368217          1187.9          758.38 
       0.374374         1170.37         735.425 
       0.380519         1132.38         714.264 
       0.386598         1128.27         694.488 
       0.392688         1101.74          675.24 
        0.39888         1079.43         655.887 
       0.405048         1061.51         636.739 
       0.411186         1056.59         617.869 
       0.417313         1055.49         599.512 
       0.423458         1022.38         581.859 
       0.429607         995.836         565.122 
       0.435692         989.333         549.592 
       0.441815         971.399         534.933 
       0.447964         961.629         521.001 
       0.454126         948.565         507.643 
       0.460267         937.976         494.764 
       0.466387         924.613         482.201 
        0.47254         907.485         469.795 
       0.478662         897.685         457.729 
       0.484765         889.992         446.038 
       0.490885         879.592         434.713 
       0.497035         865.538         423.797 
       0.503198         864.217          413.37 
       0.509342         848.874         403.453 
       0.515458         832.282         393.983 
       0.521598         830.343         384.812 
       0.527764         811.822         375.893 
       0.533884         805.361         367.286 
           0.54         798.873         358.894 
       0.546137         788.927         350.674 
       0.552299         783.968         342.649 
       0.558452         776.369         334.894 
       0.564573         769.459         327.448 
       0.570708         763.074         320.249 
       0.576825         747.674         313.317 
       0.582926         745.827         306.634 
       0.589034         737.174         300.157 
       0.595184         729.313         293.832 
       0.601379         718.088         287.641 
       0.607522         709.032         281.662 
       0.613639         707.936         275.858 
       0.619772         702.542         270.192 
       0.625918         692.615         264.674 
       0.632068         688.134         259.316 
       0.638161         679.381         254.169 
         0.6443         673.685          249.14 
       0.650464         668.561         244.239 
       0.656582         663.486         239.508 
       0.662703         655.059         234.902 
       0.668861         649.148         230.388 
       0.675024         644.501         225.986 
       0.681124         635.039         221.744 
       0.687237         634.595         217.603 
       0.693381         624.157         213.551 
       0.699536         623.598         209.597 
       0.705665         616.649         205.763 
       0.711789         614.864         202.031 
       0.717957         606.568         198.368 
        0.72409         601.468         194.818 
       0.730186         600.406         191.378 
       0.736317         592.521         188.003 
       0.742472         585.293         184.698 
       0.748622         582.865         181.477 
        0.75476         577.173         178.341 
       0.760888         574.108         175.285 
       0.767043         571.468         172.289 
       0.773185          567.77         169.371 
       0.779291         560.559         166.539 
       0.785407         556.808         163.768 
       0.791564         552.913         161.044 
       0.797719          545.28         158.384 
       0.803834          546.75         155.802 
       0.809972         539.222         153.269 
       0.816124         535.012         150.788 
       0.822261         531.864         148.369 
       0.828378         529.206         146.011 
       0.834502         521.431         143.703 
       0.840667         520.835         141.431 
       0.846816         514.969         139.216 
       0.852925         514.006         137.062 
       0.859047         509.373          134.95 
       0.865192          506.45         132.877 
       0.871341          500.09         130.846 
       0.877463         498.363         128.868 
       0.883569         493.275         126.936 
       0.889708         488.688         125.035 
       0.895864         484.638         123.169 
       0.902008         483.738         121.345 
       0.908149         479.581         119.559 
       0.914301         477.761         117.807 
       0.920448         472.151         116.093 
       0.926574         470.059         114.419 
       0.932687         468.255         112.782 
       0.938823         462.333         111.171 
       0.944975         460.257         109.589 
       0.951105         457.212         108.044 
       0.957225         450.461         106.531 
       0.963368         451.886         105.043 
       0.969511         444.247         103.583 
       0.975621         444.233          102.16 
       0.981748         441.085          100.76 
       0.987916         438.496         99.3773 
        0.99406         434.629         98.0263 
        1.00019         430.144         96.7035 
        1.00632          429.54         95.4066 
        1.01246         426.129         94.1319 
        1.01859         421.771         92.8828 
        1.02471         419.785         91.6583 
        1.03085         417.678         90.4519 
        1.03698         415.267           89.27 
        1.04314         412.671         88.1045 
        1.04929         410.211         86.9628 
        1.05541         404.625         85.8462 
        1.06154         404.019         84.7467 
        1.06769         399.881         83.6651 
        1.07382         398.104         82.6061 
        1.07993         396.007         81.5682 
        1.08607         393.095          80.544 
        1.09222         390.051         79.5366 
        1.09836         388.021         78.5478 
        1.10449         385.169         77.5773 
        1.11063         382.459         76.6223 
        1.11677         378.488         75.6839 
         1.1229          377.85          74.763 
        1.12903         374.822         73.8569 
        1.13518         372.378         72.9653 
        1.14131         371.172          72.089 
        1.14745         366.315         71.2278 
        1.15359         363.924         70.3807 
        1.15973         362.652         69.5472 
        1.16584         360.914          68.731 
        1.17197         357.953          67.927 
        1.17811         354.474         67.1335 
        1.18424         352.976         66.3552 
        1.19038         350.952         65.5871 
        1.19652         347.238         64.8315 
        1.20267         346.656          64.088 
        1.20881         344.711         63.3564 
        1.21495         341.309         62.6375 
        1.22108         339.985           61.93 
         1.2272         335.364         61.2352 
        1.23334          334.61         60.5496 
        1.23949         332.555          59.873 
        1.24562         331.638         59.2087 
        1.25174         328.298         58.5556 
        1.25789         325.974         57.9104 
        1.26402         324.879         57.2763 
        1.27014         323.209         56.6533 
        1.27628         319.894         56.0378 
        1.28244         318.267         55.4304 
        1.28858         316.588         54.8329 
        1.29471         314.956         54.2457 
        1.30084         313.275         53.6676 
        1.30697         310.089         53.0973 
        1.31312         307.977         52.5344 
        1.31925         306.721         51.9816 
        1.32537         305.134         51.4375 
        1.33151         302.317         50.8992 
        1.33765         300.318          50.369 
        1.34378          298.24         49.8476 
        1.34992         295.895         49.3332 
        1.35606         294.603          48.825 
         1.3622         293.075          48.325 
        1.36833         291.545         47.8333 
        1.37445          289.97         47.3488 
        1.38059         287.012         46.8695 
        1.38675         285.672         46.3958 
        1.39288         284.565         45.9306 
        1.39901         281.831          45.472 
        1.40515         280.541         45.0188 
         1.4113          278.38         44.5719 
        1.41742         275.832         44.1329 
        1.42355         276.116          43.699 
         1.4297         273.416         43.2697 
        1.43585         270.808         42.8465 
        1.44198         269.772         42.4305 
        1.44809         268.559         42.0209 
        1.45423         266.611         41.6153 
        1.46036          265.12         41.2158 
        1.46649         263.815         40.8214 
        1.47263         261.232          40.432 
        1.47877         259.934         40.0479 
        1.48491         257.976         39.6681 
        1.49104         256.311         39.2942 
        1.49718         255.012         38.9249 
        1.50333          252.77         38.5597 
        1.50947          252.18            38.2 
         1.5156         250.103         37.8455 
        1.52172         248.479         37.4955 
        1.52787         246.836         37.1493 
          1.534         246.382          36.808 
        1.54013           244.1         36.4713 
        1.54627         242.962         36.1382 
        1.55241         241.246         35.8093 
        1.55855         240.189          35.485 
        1.56467         238.402         35.1657 
         1.5708         237.081         34.8494 
        1.57695         235.625         34.5366 
        1.58308         234.345         34.2284 
        1.58922         232.527         33.9237 
        1.59535         230.703         33.6229 
         1.6015         229.794         33.3254 
        1.60764         228.338         33.0316 
        1.61376         226.352         32.7423 
        1.61989         224.962         32.4562 
        1.62604         223.523         32.1729 
        1.63218         222.347         31.8932 
        1.63831         221.889         31.6175 
        1.64444         219.699          31.345 
        1.65059          218.91          31.075 
        1.65673         216.959         30.8086 
        1.66285         216.083         30.5461 
        1.66898         214.829         30.2866 
        1.67512          213.14         30.0296 
        1.68127         212.202         29.7754 
         1.6874         210.695         29.5247 
        1.69353         209.657         29.2771 
        1.69967         208.163         29.0318 
        1.70581         207.208         28.7894 
        1.71193           205.7         28.5507 
        1.71806         204.208         28.3143 
        1.72421         203.374           28.08 
        1.73035         201.652         27.8487 
        1.73649         200.293         27.6201 
        1.74262         199.562         27.3943 
        1.74876         198.369         27.1708 
        1.75489          197.32         26.9504 
        1.76101         196.128         26.7324 
        1.76715         194.719         26.5166 
        1.77329         193.158          26.303 
        1.77943         192.121         26.0916 
        1.78557         191.413         25.8829 
        1.79171         190.477         25.6764 
        1.79785         189.215         25.4722 
        1.80399         187.858         25.2702 
        1.81012           186.8         25.0708 
        1.81625         185.527         24.8735 
        1.82239         184.385         24.6782 
        1.82853         183.717          24.485 
        1.83466         182.141         24.2942 
        1.84078          181.32         24.1055 
        1.84692         180.318         23.9186 
        1.85306         178.895         23.7335 
         1.8592           178.3         23.5506 
        1.86533         176.524         23.3698 
        1.87147         175.863         23.1906 
        1.87761         174.901         23.0133 
        1.88375         173.379         22.8381 
        1.88988          172.78         22.6649 
        1.89601         172.396         22.4934 
        1.90215          170.95         22.3236 
        1.90829         169.669         22.1556 
        1.91442         168.948         21.9893 
        1.92056         167.527         21.8249 
         1.9267         166.992         21.6621 
        1.93284         165.847         21.5008 
        1.93897         164.802         21.3415 
        1.94509         163.919         21.1841 
        1.95123         162.977          21.028 
        1.95737         162.302         20.8733 
        1.96349         161.005         20.7206 
        1.96964         160.164          20.569 
        1.97578         159.182         20.4189 
        1.98192         158.286         20.2705 
        1.98805         157.382         20.1237 
        1.99419         156.122         19.9783 
        2.00033         155.642         19.8342 
        2.00647         154.564         19.6917 
         2.0126         153.687         19.5508 
        2.01874         152.771         19.4111 
        2.02488         151.993         19.2726 
        2.03101         151.554         19.1357 
        2.03714         150.267         19.0003 
        2.04328         149.199         18.8661 
        2.04941         148.938         18.7333 
        2.05554         147.946         18.6019 
        2.06167         146.817         18.4716 
        2.06781         146.045         18.3425 
        2.07396         145.138         18.2145 
        2.08009         144.612         18.0879 
        2.08622         143.353         17.9627 
        2.09237         142.517         17.8384 
        2.09851         142.001         17.7153 
        2.10464         141.227         17.5936 
        2.11077         140.309         17.4731 
        2.11691         139.709         17.3536 
        2.12305         138.823         17.2351 
        2.12918         137.833         17.1181 
        2.13531         137.009         17.0021 
        2.14145         136.419          16.887 
         2.1476         135.548         16.7728 
        2.15372         134.862         16.6602 
        2.15985         133.926         16.5486 
        2.16599         133.292         16.4377 
        2.17213         132.537         16.3279 
        2.17827         131.797         16.2191 
         2.1844         131.121         16.1115 
        2.19054         130.206         16.0048 
        2.19666         129.503         15.8992 
         2.2028         128.922         15.7945 
        2.20893         128.359         15.6907 
        2.21508         127.072         15.5877 
        2.22122         126.565         15.4856 
        2.22736         126.012         15.3846 
        2.23349         125.393         15.2846 
        2.23962         124.649         15.1854 
        2.24577         123.975         15.0871 
         2.2519         123.053         14.9897 
        2.25802         122.656         14.8933 
        2.26417         121.774         14.7976 
        2.27031         121.125         14.7026 
        2.27644         120.587         14.6087 
        2.28257          120.04         14.5156 
        2.28872         119.196         14.4232 
        2.29486           118.6         14.3316 
        2.30099         117.758         14.2411 
        2.30712         117.349         14.1512 
        2.31326         116.581          14.062 
         2.3194         116.076         13.9736 
        2.32553         115.219         13.8861 
        2.33166         115.038         13.7994 
         2.3378         114.165         13.7134 
        2.34394          113.19          13.628 
        2.35007         112.747         13.5435 
        2.35619          112.11         13.4599 
        2.36233         111.661         13.3767 
        2.36848         110.847         13.2941 
        2.37462         110.519         13.2123 
        2.38075         109.867         13.1314 
        2.38689          109.28          13.051 
        2.39303         108.587         12.9713 
        2.39916         108.175         12.8924 
        2.40529         107.603         12.8142 
        2.41143         106.734         12.7365 
        2.41757         106.087         12.6595 
         2.4237         105.769         12.5833 
        2.42983         105.049         12.5077 
        2.43598         104.614         12.4325 
        2.44211         104.046          12.358 
        2.44823         103.432         12.2844 
        2.45437         102.972         12.2111 
        2.46052         102.253         12.1384 
        2.46665         101.794         12.0664 
        2.47279         101.249          11.995 
        2.47892         100.721         11.9242 
        2.48507         100.307         11.8539 
         2.4912         99.6324         11.7842 
        2.49733         99.1824         11.7152 
        2.50347         98.6494         11.6466 
        2.50961         98.0647         11.5786 
        2.51575         97.6033         11.5111 
        2.52188         97.0573         11.4443 
        2.52802         96.4991         11.3779 
        2.53416         96.2073          11.312 
        2.54029         95.4915         11.2468 
        2.54641         94.8827         11.1821 
        2.55255          94.441         11.1179 
        2.55869          93.794         11.0541 
        2.56483          93.533         10.9908 
        2.57096         92.9977         10.9282 
        2.57709         92.4662          10.866 
        2.58323         91.9532         10.8042 
        2.58937         91.4805         10.7429 
        2.59551         91.0652         10.6821 
        2.60164         90.5263         10.6218 
        2.60778         90.1256          10.562 
        2.61392         89.6828         10.5026 
        2.62006         89.1758         10.4437 
        2.62619          88.632         10.3853 
        2.63232         88.2301         10.3273 
        2.63846         87.6511         10.2698 
        2.64459         87.3789         10.2127 
        2.65072         86.9423         10.1561 
        2.65686         86.4843         10.0999 
          2.663         86.0225         10.0441 
        2.66915         85.6425         9.98864 
        2.67527         85.0491         9.93376 
        2.68141         84.5724         9.87927 
        2.68755         84.1803         9.82514 
        2.69368          83.986         9.77146 
        2.69981         83.3348         9.71827 
        2.70595         82.9513         9.66534 
        2.71209         82.4408         9.61279 
        2.71823         82.1308         9.56073 
        2.72436         81.5765         9.50906 
         2.7305         81.2305         9.45775 
        2.73663         80.8084         9.40683 
        2.74276         80.4908         9.35634 
         2.7489         80.1499         9.30617 
        2.75504         79.6222         9.25634 
        2.76118         79.1552         9.20685 
        2.76732         78.8099          9.1578 
        2.77345           78.29         9.10912 
        2.77959         77.8908         9.06078 
        2.78572         77.5261         9.01281 
        2.79186         77.1886         8.96521 
        2.79798         76.7334           8.918 
        2.80412         76.4926         8.87104 
        2.81027         76.1334         8.82438 
         2.8164         75.6341         8.77815 
        2.82253         75.2306         8.73225 
        2.82867         75.0247         8.68667 
        2.83481         74.5963          8.6414 
        2.84095         74.1954         8.59645 
        2.84708          73.836         8.55188 
        2.85322         73.4742         8.50758 
        2.85935         73.0773          8.4636 
        2.86549         72.6803         8.41997 
        2.87162         72.4259         8.37664 
        2.87776         72.0988         8.33363 
        2.88389         71.5223         8.29088 
        2.89003         71.2046         8.24847 
        2.89617         70.8712         8.20634 
        2.90231         70.6229          8.1645 
        2.90844         70.2331         8.12297 
        2.91458          69.826         8.08174 
        2.92071         69.4893         8.04084 
        2.92684         69.2104         8.00018 
        2.93298         68.8869         7.95983 
         2.9391         68.4612         7.91981 
        2.94524         68.1954            7.88 
        2.95138           67.89         7.84046 
        2.95752         67.4565         7.80115 
        2.96367         67.3114         7.76211 
         2.9698         66.8848         7.72342 
        2.97594         66.5515         7.68496 
        2.98207          66.344         7.64676 
        2.98821         65.8549         7.60886 
        2.99434         65.5463         7.57122 
        3.00048         65.3121         7.53381 
        3.00662          64.912         7.49664 
        3.01275         64.5858         7.45979 
        3.01888         64.3409         7.42317 
        3.02503         64.0483         7.38674 
        3.03117         63.7294         7.35057 
        3.03729         63.3964         7.31474 
        3.04342         63.2278         7.27911 
        3.04957         62.7512         7.24364 
         3.0557         62.5431         7.20847 
        3.06183          62.188         7.17359 
        3.06796         61.8649          7.1389 
        3.07411         61.5947         7.10437 
        3.08025         61.3339         7.07013 
        3.08637         60.9936         7.03618 
         3.0925         60.7434         7.00241 
        3.09865         60.3641         6.96879 
         3.1048         60.1473         6.93541 
        3.11093         59.8666         6.90231 
        3.11706         59.6112         6.86943 
         3.1232          59.272         6.83675 
        3.12933         58.9376         6.80427 
        3.13547         58.7572         6.77203 
        3.14159         58.4139         6.74004 
        3.14773          58.226          6.7082 
        3.15388         57.9437         6.67653 
        3.16001         57.5312         6.64513 
        3.16614         57.3741         6.61394 
        3.17228         57.0338         6.58292 
        3.17842         56.8329         6.55211 
        3.18455         56.5976         6.52152 
        3.19068         56.3049         6.49113 
        3.19682         55.9726          6.4609 
        3.20297          55.786         6.43086 
         3.2091         55.4188         6.40103 
        3.21524         55.2295         6.37139 
        3.22138         54.9747         6.34195 
         3.2275         54.7264         6.31273 
        3.23363         54.4237          6.2837 
        3.23977         54.1684         6.25481 
        3.24591         53.9325         6.22611 
        3.25205         53.5481         6.19757 
        3.25818         53.3954         6.16923 
        3.26432         53.2029         6.14108 
        3.27046         52.9911          6.1131 
         3.2766         52.6962         6.08529 
        3.28273         52.4273         6.05766 
        3.28887         52.2521         6.03022 
          3.295         51.9627         6.00294 
        3.30113         51.7259         5.97584 
        3.30727         51.5257         5.94889 
        3.31341         51.2788         5.92214 
        3.31954         50.9785         5.89554 
        3.32568         50.7835         5.86909 
        3.33182         50.5519         5.84281 
        3.33795         50.4145         5.81671 
        3.34409         50.0722         5.79075 
        3.35022         49.8784         5.76495 
        3.35636         49.6522         5.73933 
         3.3625         49.4084         5.71384 
        3.36864         49.1881         5.68852 
        3.37477         48.9752         5.66335 
        3.38091         48.8009         5.63835 
        3.38704         48.5543         5.61351 
        3.39318         48.3171          5.5888 
        3.39931         48.0667         5.56424 
        3.40545          47.877         5.53985 
        3.41158         47.6686         5.51559 
        3.41772         47.4139         5.49149 
        3.42385         47.2302         5.46754 
        3.42998         47.0447         5.44374 
        3.43612         46.8133         5.42007 
        3.44226         46.6034         5.39653 
         3.4484         46.4014         5.37311 
        3.45453         46.1753         5.34987 
        3.46066         45.9811         5.32679 
        3.46681          45.771         5.30378 
        3.47295         45.5727         5.28092 
        3.47908         45.4039         5.25825 
        3.48521         45.1514         5.23571 
        3.49135         44.9532         5.21326 
        3.49749         44.7687         5.19096 
        3.50362         44.6275          5.1688 
        3.50976         44.3277         5.14678 
        3.51589         44.1597         5.12487 
        3.52203         43.9814          5.1031 
        3.52816          43.756         5.08148 
        3.53429         43.5723         5.05997 
        3.54043         43.3265         5.03855 
        3.54657         43.2146         5.01727 
        3.55271         43.0173         4.99613 
        3.55884         42.7796         4.97513 
        3.56498         42.6585         4.95422 
        3.57112         42.4571         4.93342 
        3.57725         42.2067         4.91277 
        3.58338         42.0355         4.89226 
        3.58952         41.8645         4.87184 
        3.59566         41.7807         4.85151 
         3.6018         41.6038         4.83133 
        3.60793         41.3756         4.81127 
        3.61407         41.2146         4.79133 
        3.62021         41.0168         4.77148 
        3.62634         40.8199         4.75176 
        3.63247         40.6364         4.73216 
        3.63861         40.4473         4.71267 
        3.64475         40.2708         4.69326 
        3.65089         40.0885         4.67398 
        3.65702         39.9303         4.65483 
        3.66316         39.7461         4.63577 
        3.66929         39.6103         4.61682 
        3.67543         39.4356         4.59798 
        3.68156         39.2465         4.57925 
        3.68769         39.0891         4.56062 
        3.69383         38.9189         4.54209 
        3.69997         38.7005         4.52366 
        3.70611         38.5885         4.50535 
        3.71224         38.4554         4.48713 
        3.71838          38.257         4.46901 
        3.72451         38.1142         4.45101 
        3.73065         37.9505         4.43311 
        3.73678         37.7807          4.4153 
        3.74292         37.5961         4.39757 
        3.74906         37.4482         4.37995 
        3.75519         37.2988         4.36244 
        3.76133         37.0945         4.34502 
        3.76746         36.9615          4.3277 
         3.7736         36.8204         4.31048 
        3.77974         36.6645         4.29334 
        3.78588          36.524         4.27629 
        3.79201         36.3238         4.25935 
        3.79814         36.1955          4.2425 
        3.80428         36.0531         4.22574 
        3.81042          35.908         4.20906 
        3.81655         35.7382         4.19249 
        3.82268         35.5809         4.17601 
        3.82882         35.4215         4.15962 
        3.83496         35.3029          4.1433 
        3.84109         35.0843         4.12708 
        3.84723         34.9708         4.11095 
        3.85337         34.8767         4.09489 
        3.85951         34.7259         4.07891 
        3.86565         34.5684         4.06304 
        3.87178         34.4343         4.04727 
        3.87791         34.2875         4.03158 
        3.88405         34.0947         4.01595 
        3.89019         33.9943         4.00041 
        3.89632          33.862         3.98497 
        3.90246          33.698         3.96959 
         3.9086         33.5632          3.9543 
        3.91473         33.4522          3.9391 
        3.92086         33.2859           3.924 
        3.92699         33.1486         3.90896 
        3.93313         33.0335         3.89398 
        3.93927         32.9047          3.8791 
         3.9454         32.7884         3.86429 
        3.95154         32.5764         3.84956 
        3.95768         32.4443          3.8349 
        3.96382         32.3241         3.82032 
        3.96995         32.2041         3.80582 
        3.97609         32.0564          3.7914 
        3.98222         31.9775         3.77707 
        3.98836         31.7919          3.7628 
         3.9945         31.7028          3.7486 
        4.00063         31.5944         3.73448 
        4.00677         31.4498         3.72043 
        4.01291         31.2794         3.70644 
        4.01904         31.1545         3.69256 
        4.02517         31.0168         3.67874 
        4.03131         30.9338         3.66497 
        4.03745         30.8246         3.65127 
        4.04358         30.6673         3.63766 
        4.04972         30.5164         3.62412 
        4.05585         30.4581         3.61064 
        4.06199         30.2715         3.59723 
        4.06812         30.1927          3.5839 
        4.07426         30.0347         3.57063 
         4.0804         29.9371         3.55742 
        4.08654         29.8291         3.54427 
        4.09267         29.6637         3.53122 
         4.0988         29.6026         3.51823 
        4.10494         29.4581          3.5053 
        4.11108          29.356         3.49242 
        4.11721         29.2317         3.47962 
        4.12334         29.1082         3.46689 
        4.12948         29.0202         3.45422 
        4.13561           28.88          3.4416 
        4.14176          28.765         3.42904 
        4.14789         28.6427         3.41656 
        4.15403         28.5733         3.40414 
        4.16016         28.4336         3.39178 
         4.1663         28.3376         3.37948 
        4.17243         28.2315         3.36726 
        4.17857          28.085         3.35508 
        4.18471         27.9938         3.34296 
        4.19084         27.9117         3.33091 
        4.19698         27.7334         3.31892 
        4.20312         27.6772         3.30698 
        4.20925         27.5581         3.29511 
        4.21538         27.4397         3.28331 
        4.22152          27.331         3.27155 
        4.22766         27.2243         3.25984 
         4.2338         27.1346         3.24821 
        4.23993         27.0469         3.23663 
        4.24607         26.9068          3.2251 
         4.2522         26.8075         3.21363 
        4.25834          26.723         3.20222 
        4.26447         26.6033         3.19087 
        4.27061         26.4891         3.17958 
        4.27674         26.4066         3.16833 
        4.28288         26.2861         3.15713 
        4.28902         26.2063           3.146 
        4.29515         26.1108         3.13493 
        4.30129         25.9969          3.1239 
        4.30743         25.8821         3.11292 
        4.31356         25.7905           3.102 
        4.31969         25.7093         3.09114 
        4.32583         25.5929         3.08034 
        4.33197          25.484         3.06956 
         4.3381         25.3811         3.05885 
        4.34424         25.2997          3.0482 
        4.35038         25.1739         3.03758 
        4.35652         25.0991         3.02702 
        4.36265         25.0513         3.01652 
        4.36878         24.9078         3.00607 
        4.37492         24.8378         2.99566 
        4.38106         24.7485          2.9853 
        4.38719         24.6127           2.975 
        4.39333         24.5414         2.96475 
        4.39946         24.4431         2.95455 
         4.4056         24.3614         2.94439 
        4.41173         24.2551         2.93428 
        4.41786         24.1584         2.92423 
          4.424          24.085         2.91421 
        4.43014          24.006         2.90423 
        4.43628         23.8951         2.89431 
        4.44241         23.8046         2.88444 
        4.44855         23.7234         2.87461 
        4.45469         23.6699         2.86482 
        4.46083         23.5363         2.85509 
        4.46696         23.4311         2.84541 
        4.47309         23.3716         2.83576 
        4.47923         23.2727         2.82616 
        4.48537         23.2119         2.81661 
         4.4915         23.1187          2.8071 
        4.49764         23.0417         2.79763 
        4.50378         22.9362         2.78821 
        4.50991         22.8678         2.77884 
        4.51604         22.7859         2.76951 
        4.52218         22.6759         2.76021 
        4.52832         22.5789         2.75097 
        4.53445         22.5137         2.74177 
        4.54059         22.4402         2.73261 
        4.54673         22.3648         2.72348 
        4.55286         22.2808          2.7144 
          4.559         22.2009         2.70537 
        4.56513         22.1061         2.69638 
        4.57127         22.0372         2.68743 
        4.57741         21.9608         2.67851 
        4.58354         21.8592         2.66964 
        4.58968          21.798         2.66082 
        4.59582         21.7046         2.65202 
        4.60195         21.6302         2.64327 
        4.60809         21.5659         2.63457 
        4.61422          21.475          2.6259 
        4.62036           21.41         2.61727 
        4.62649         21.3234         2.60868 
        4.63263         21.2458         2.60013 
        4.63876          21.172         2.59162 
         4.6449         21.1101         2.58314 
        4.65104         20.9924          2.5747 
        4.65717         20.9313         2.56631 
        4.66331         20.8759         2.55795 
        4.66944         20.7943         2.54962 
        4.67558         20.7189         2.54134 
        4.68171         20.6572         2.53309 
        4.68785         20.5565         2.52488 
        4.69399         20.4954          2.5167 
        4.70012         20.4252         2.50857 
        4.70625         20.3678         2.50047 
        4.71239         20.2663          2.4924 
        4.71853         20.2209         2.48437 
        4.72467         20.1471         2.47637 
         4.7308         20.0719         2.46842 
        4.73694         19.9868          2.4605 
        4.74308         19.9234         2.45261 
        4.74922         19.8528         2.44475 
        4.75535          19.797         2.43694 
        4.76148          19.724         2.42916 
        4.76762         19.6526          2.4214 
        4.77376         19.5786         2.41368 
        4.77989         19.5077         2.40601 
        4.78602         19.4413         2.39836 
        4.79216         19.3879         2.39075 
         4.7983         19.2974         2.38317 
        4.80443         19.2389         2.37563 
        4.81056         19.1689         2.36811 
         4.8167         19.1174         2.36063 
        4.82284         19.0522         2.35317 
        4.82898         18.9783         2.34576 
        4.83511          18.915         2.33838 
        4.84125         18.8477         2.33102 
        4.84739         18.8001          2.3237 
        4.85352         18.7255         2.31642 
        4.85965         18.6515         2.30916 
        4.86579         18.5944         2.30194 
        4.87193         18.5385         2.29474 
        4.87807         18.4789         2.28758 
         4.8842         18.4118         2.28045 
        4.89034         18.3578         2.27334 
        4.89647         18.3025         2.26627 
        4.90261         18.2284         2.25923 
        4.90874         18.1626         2.25223 
        4.91488         18.1091         2.24525 
        4.92102         18.0338         2.23829 
        4.92715         17.9961         2.23137 
        4.93329          17.916         2.22449 
        4.93942         17.8732         2.21762 
        4.94556         17.7978         2.21079 
         4.9517         17.7482         2.20398 
        4.95783          17.678         2.19721 
        4.96397         17.6123         2.19047 
        4.97011         17.5606         2.18375 
        4.97624         17.5102         2.17706 
        4.98238         17.4536          2.1704 
        4.98851         17.3993         2.16377 
        4.99465         17.3275         2.15717 
        5.00078         17.2825         2.15059 
        5.00691          17.224         2.14405 
        5.01305         17.1586         2.13753 
        5.01919         17.1035         2.13103 
        5.02533         17.0568         2.12456 
        5.03146         17.0043         2.11813 
         5.0376          16.934         2.11172 
        5.04374         16.9046         2.10533 
        5.04987         16.8207         2.09897 
        5.05601         16.7837         2.09264 
        5.06215         16.7255         2.08633 
        5.06829         16.6625         2.08004 
        5.07442         16.6283          2.0738 
        5.08055          16.572         2.06757 
        5.08668         16.5076         2.06137 
        5.09282         16.4722         2.05519 
        5.09896         16.4067         2.04904 
        5.10509         16.3561         2.04292 
        5.11123         16.3066         2.03682 
        5.11736         16.2622         2.03075 
         5.1235         16.1897         2.02469 
        5.12964         16.1439         2.01867 
        5.13577         16.1033         2.01267 
        5.14191         16.0514         2.00669 
        5.14804         16.0084         2.00075 
        5.15418         15.9557         1.99482 
        5.16032         15.9035         1.98892 
        5.16645         15.8464         1.98304 
        5.17259         15.8069         1.97718 
        5.17872         15.7536         1.97135 
        5.18486         15.7019         1.96554 
          5.191         15.6561         1.95976 
        5.19713         15.6042           1.954 
        5.20327         15.5689         1.94827 
        5.20941         15.5067         1.94255 
        5.21555         15.4626         1.93686 
        5.22168         15.4011         1.93119 
        5.22781         15.3657         1.92555 
        5.23395         15.3167         1.91993 
        5.24009         15.2865         1.91433 
        5.24622         15.2263         1.90876 
        5.25236         15.1861         1.90321 
         5.2585         15.1517         1.89767 
        5.26463         15.0819         1.89216 
        5.27077          15.032         1.88668 
         5.2769         14.9978         1.88121 
        5.28304         14.9535         1.87577 
        5.28917         14.9249         1.87035 
         5.2953         14.8622         1.86496 
        5.30144         14.8248         1.85958 
        5.30757         14.7787         1.85422 
        5.31371         14.7447         1.84889 
        5.31985         14.6944         1.84357 
        5.32599         14.6495         1.83827 
        5.33213         14.6194           1.833 
        5.33826         14.5682         1.82775 
         5.3444         14.5278         1.82252 
        5.35053         14.4916         1.81731 
        5.35667           14.44         1.81212 
        5.36281         14.3999         1.80695 
        5.36894         14.3637         1.80181 
        5.37507         14.3223         1.79668 
        5.38121         14.2796         1.79157 
        5.38735         14.2465         1.78648 
        5.39348         14.2029         1.78142 
        5.39961         14.1488         1.77637 
        5.40575         14.1259         1.77134 
        5.41189           14.07         1.76633 
        5.41803         14.0433         1.76134 
        5.42416          14.012         1.75637 
         5.4303          13.963         1.75142 
        5.43644         13.9272         1.74649 
        5.44257         13.8857         1.74158 
        5.44871         13.8479         1.73669 
        5.45484         13.8097         1.73181 
        5.46098         13.7773         1.72696 
        5.46712         13.7368         1.72212 
        5.47325         13.6936          1.7173 
        5.47938         13.6545         1.71251 
        5.48552         13.6286         1.70773 
        5.49165         13.5886         1.70297 
        5.49779         13.5486         1.69823 
        5.50393         13.5086          1.6935 
        5.51006         13.4765         1.68879 
         5.5162         13.4509          1.6841 
        5.52234         13.4094         1.67943 
        5.52847         13.3754         1.67477 
        5.53461         13.3355         1.67014 
        5.54075         13.3069         1.66552 
        5.54688          13.273         1.66092 
        5.55302         13.2298         1.65634 
        5.55915          13.203         1.65177 
        5.56529         13.1627         1.64723 
        5.57143         13.1378         1.64269 
        5.57756         13.1049         1.63818 
         5.5837         13.0781         1.63368 
        5.58983         13.0435         1.62921 
        5.59597         13.0072         1.62475 
         5.6021         12.9747          1.6203 
        5.60824         12.9505         1.61587 
        5.61438         12.9102         1.61146 
        5.62051         12.8746         1.60706 
        5.62665         12.8462         1.60268 
        5.63278          12.809         1.59832 
        5.63892         12.7765         1.59398 
        5.64505         12.7603         1.58965 
        5.65119         12.7226         1.58533 
        5.65733         12.6896         1.58104 
        5.66346         12.6705         1.57676 
         5.6696         12.6302         1.57249 
        5.67573         12.5992         1.56824 
        5.68187         12.5678         1.56401 
          5.688         12.5508         1.55979 
        5.69414          12.511         1.55559 
        5.70028         12.4823          1.5514 
        5.70642         12.4642         1.54723 
        5.71255         12.4316         1.54308 
        5.71869          12.404         1.53894 
        5.72482         12.3614         1.53481 
        5.73096         12.3454          1.5307 
        5.73709         12.3123         1.52661 
        5.74322         12.2948         1.52254 
        5.74936         12.2593         1.51847 
         5.7555         12.2314         1.51442 
        5.76164         12.2092         1.51039 
        5.76777         12.1903         1.50637 
        5.77391         12.1631         1.50236 
        5.78005         12.1362         1.49837 
        5.78618         12.1054          1.4944 
        5.79231         12.0816         1.49044 
        5.79845         12.0615         1.48649 
        5.80459         12.0233         1.48256 
        5.81073         12.0062         1.47864 
        5.81686         11.9686         1.47474 
          5.823           11.95         1.47085 
        5.82914         11.9307         1.46697 
        5.83527         11.9017         1.46312 
         5.8414         11.8883         1.45927 
        5.84754         11.8584         1.45544 
        5.85368         11.8301         1.45162 
        5.85981         11.8146         1.44781 
        5.86595         11.8006         1.44402 
        5.87208         11.7687         1.44025 
        5.87822         11.7449         1.43648 
        5.88435           11.72         1.43274 
        5.89049          11.688           1.429 
        5.89662         11.6837         1.42528 
        5.90276         11.6511         1.42156 
         5.9089         11.6392         1.41787 
        5.91503         11.6083         1.41418 
        5.92117         11.5944         1.41051 
        5.92731         11.5758         1.40686 
        5.93344         11.5524         1.40321 
        5.93958         11.5395         1.39958 
        5.94572         11.5185         1.39596 
        5.95186         11.4905         1.39236 
        5.95799         11.4772         1.38877 
        5.96412          11.459         1.38519 
        5.97026         11.4419         1.38162 
         5.9764          11.425         1.37807 
        5.98253         11.4075         1.37453 
        5.98866         11.3769           1.371 
         5.9948         11.3614         1.36748 
        6.00094         11.3419         1.36398 
        6.00707         11.3306         1.36049 
        6.01321         11.3051         1.35701 
        6.01935         11.3023         1.35354 
        6.02548         11.2769         1.35008 
        6.03162         11.2548         1.34664 
        6.03775         11.2459         1.34321 
        6.04389         11.2364          1.3398 
        6.05003         11.2099         1.33639 
        6.05617         11.1979         1.33299 
         6.0623         11.1784         1.32961 
        6.06844         11.1633         1.32624 
        6.07457         11.1521         1.32288 
         6.0807         11.1382         1.31954 
        6.08684         11.1223          1.3162 
        6.09298         11.1187         1.31288 
        6.09912         11.0901         1.30956 
        6.10525         11.0802         1.30626 
        6.11138          11.074         1.30297 
        6.11752         11.0511          1.2997 
        6.12366         11.0403         1.29643 
        6.12979         11.0306         1.29318 
        6.13593         11.0141         1.28993 
        6.14207          11.003          1.2867 
         6.1482         10.9897         1.28348 
        6.15434         10.9804         1.28027 
        6.16047         10.9666         1.27707 
        6.16661         10.9556         1.27388 
        6.17274         10.9378         1.27071 
        6.17887         10.9341         1.26754 
        6.18501         10.9192         1.26439 
        6.19115         10.9153         1.26124 
        6.19729         10.9083         1.25811 
        6.20342          10.895         1.25498 
        6.20956         10.8915         1.25187 
         6.2157         10.8775         1.24877 
        6.22183         10.8693         1.24568 
        6.22797         10.8577          1.2426 
         6.2341         10.8452         1.23953 
        6.24024         10.8439         1.23647 
        6.24638         10.8351         1.23342 
        6.25251         10.8231         1.23038 
        6.25865         10.8176         1.22735 
        6.26478         10.8154         1.22433 
        6.27092         10.8096         1.22133 
        6.27705         10.8003         1.21833 
        6.28318         10.7812         1.21535 
