# k  (h/Mpc)    P(k)  (Mpc/h)^3    P_linear(k)  (Mpc/h)^3
     0.00783031         2876.48         2913.59 
       0.013688         3846.24         3845.36 
       0.019231         4124.51         4127.86 
      0.0249154         4005.87         4049.29 
      0.0312784         3713.79         3733.25 
      0.0375637         3346.83         3348.08 
      0.0433917         2988.38         3014.57 
      0.0492413         2729.82         2739.12 
      0.0555754         2477.17         2511.68 
      0.0619321         2343.72         2338.75 
       0.067871         2175.93         2202.67 
      0.0738098         2042.25         2070.42 
      0.0800417         1883.86         1922.77 
      0.0862327         1739.54         1765.33 
      0.0921407         1596.85         1612.12 
      0.0982031         1443.18         1462.85 
       0.104506         1329.49         1326.85 
       0.110769         1219.71         1217.07 
       0.116806         1129.62         1135.27 
       0.122832          1074.7         1072.71 
       0.129052         1011.46         1020.91 
       0.135211         965.331         974.671 
       0.141259         926.536         928.272 
       0.147318         880.894         877.863 
       0.153489         819.937         822.643 
       0.159709         769.684         765.729 
       0.165845         728.125          712.02 
       0.171974         675.286         664.034 
       0.178125         637.665         623.403 
       0.184229         608.899         590.706 
        0.19034         571.678         564.331 
       0.196428         558.825         542.268 
       0.202534         543.487         522.049 
       0.208729          519.27         501.531 
       0.214876         493.268          480.06 
       0.220989         479.299          457.48 
       0.227147         450.111         434.165 
        0.23329         430.046         411.409 
       0.239377         415.325         390.415 
       0.245482         389.452         371.637 
       0.251667         381.542         355.188 
       0.257832          368.07         341.139 
       0.263955         355.388         328.949 
       0.270079         344.266         317.795 
        0.27624         338.358         306.976 
       0.282372         325.554         296.162 
        0.28843         314.042          285.26 
       0.294538         301.872          274.15 
       0.300721         296.654         263.036 
        0.30691         283.025         252.375 
       0.313033         275.156         242.546 
       0.319153          263.29         233.592 
       0.325316         257.814          225.44 
        0.33145         249.492         218.083 
       0.337538         245.438         211.322 
       0.343633         237.857           204.9 
       0.349808         231.254         198.569 
       0.355968          226.37         192.334 
       0.362074         220.019         186.204 
       0.368217         214.404         180.136 
       0.374374         208.215          174.23 
       0.380519         203.412         168.592 
       0.386598         198.286         163.332 
       0.392688         195.087         158.395 
        0.39888         190.045         153.704 
       0.405048         186.218         149.315 
       0.411186         182.324         145.166 
       0.417313         177.672         141.184 
       0.423458         174.138         137.306 
       0.429607         169.827         133.513 
       0.435692         164.637         129.849 
       0.441815           163.4          126.26 
       0.447964         160.885         122.773 
       0.454126         154.216         119.419 
       0.460267         152.264         116.226 
       0.466387         149.489         113.192 
        0.47254         147.195         110.284 
       0.478662         145.149         107.516 
       0.484765         141.559         104.863 
       0.490885          139.04         102.289 
       0.497035         137.326         99.7813 
       0.503198         133.823         97.3395 
       0.509342         131.125         94.9716 
       0.515458         129.293         92.6842 
       0.521598         127.787         90.4621 
       0.527764         125.695         88.3081 
       0.533884         123.509         86.2466 
           0.54         121.582         84.2615 
       0.546137         120.364          82.342 
       0.552299         118.703         80.4816 
       0.558452         115.708         78.6845 
       0.564573         113.727         76.9501 
       0.570708         112.677         75.2619 
       0.576825         110.619          73.627 
       0.582926         108.831         72.0427 
       0.589034           106.5         70.5012 
       0.595184         105.506         68.9944 
       0.601379         104.439         67.5228 
       0.607522         101.906         66.1088 
       0.613639         101.823         64.7445 
       0.619772         99.3363         63.4177 
       0.625918          98.817         62.1272 
       0.632068         97.4725         60.8726 
       0.638161         96.1484          59.664 
         0.6443          94.786         58.4796 
       0.650464         93.4923          57.323 
       0.656582         92.6933         56.2057 
       0.662703         90.8742         55.1176 
       0.668861         90.0378         54.0522 
       0.675024         88.8671         53.0145 
       0.681124          87.609         52.0154 
       0.687237         86.2397          51.041 
       0.693381         85.5374          50.088 
       0.699536         84.1409         49.1585 
       0.705665         84.5411         48.2572 
       0.711789         82.3935         47.3795 
       0.717957         81.8487         46.5178 
        0.72409         80.6801         45.6823 
       0.730186         79.4797         44.8725 
       0.736317         79.2495         44.0781 
       0.742472         77.9964         43.3003 
       0.748622         77.5126         42.5424 
        0.75476         76.5613         41.8047 
       0.760888         75.5715          41.086 
       0.767043         74.8411         40.3817 
       0.773185         73.9082         39.6957 
       0.779291         73.5296         39.0299 
       0.785407         72.8486         38.3785 
       0.791564         71.7154         37.7382 
       0.797719         70.7503         37.1129 
       0.803834         70.6033         36.5061 
       0.809972         69.5346         35.9108 
       0.816124         68.5646         35.3277 
       0.822261         68.3248         34.7594 
       0.828378         67.6766         34.2054 
       0.834502         66.9021         33.6633 
       0.840667          66.435         33.1297 
       0.846816         65.6066         32.6093 
       0.852925         65.0353         32.1035 
       0.859047         64.1978         31.6076 
       0.865192         63.9999         31.1206 
       0.871341         63.6048         30.6438 
       0.877463         62.3923         30.1792 
       0.883569         62.0481         29.7256 
       0.889708         61.7143          29.279 
       0.895864         61.1335         28.8407 
       0.902008         60.6611         28.4123 
       0.908149         60.1804          27.993 
       0.914301         59.8241         27.5816 
       0.920448         58.8937         27.1789 
       0.926574         58.6911         26.7858 
       0.932687         58.1211         26.4014 
       0.938823         57.3666         26.0233 
       0.944975         57.2053         25.6518 
       0.951105         56.7001          25.289 
       0.957225         56.0498         24.9339 
       0.963368         55.7946         24.5845 
       0.969511         55.4403         24.2419 
       0.975621         55.0181         23.9078 
       0.981748         54.3543         23.5791 
       0.987916          54.143         23.2547 
        0.99406         53.7715         22.9377 
        1.00019         53.0503         22.6273 
        1.00632          52.916          22.323 
        1.01246         52.4332         22.0239 
        1.01859         51.9072         21.7309 
        1.02471         51.9297         21.4437 
        1.03085         51.3845         21.1607 
        1.03698         50.7537         20.8835 
        1.04314         50.3417         20.6101 
        1.04929         50.1644         20.3424 
        1.05541         49.6323         20.0805 
        1.06154         49.4815         19.8227 
        1.06769         49.0856         19.5691 
        1.07382         48.7401         19.3208 
        1.07993         48.5848         19.0775 
        1.08607         48.0303         18.8373 
        1.09222         47.8524         18.6012 
        1.09836         47.3377         18.3694 
        1.10449         47.1854         18.1419 
        1.11063         46.5588          17.918 
        1.11677         46.4347          17.698 
         1.1229         46.2897         17.4821 
        1.12903         45.6989         17.2697 
        1.13518         45.4672         17.0607 
        1.14131         45.4033         16.8553 
        1.14745          44.983         16.6534 
        1.15359         44.7581         16.4549 
        1.15973         44.2715         16.2595 
        1.16584         43.9473         16.0682 
        1.17197         43.9984         15.8798 
        1.17811         43.4596         15.6938 
        1.18424         43.1159         15.5114 
        1.19038         43.0746         15.3313 
        1.19652         42.7713         15.1543 
        1.20267         42.4849           14.98 
        1.20881         42.2363         14.8086 
        1.21495         41.9173         14.6402 
        1.22108         41.6461         14.4744 
         1.2272         41.2372         14.3116 
        1.23334          41.105          14.151 
        1.23949         40.8399         13.9924 
        1.24562         40.7408         13.8368 
        1.25174         40.4911         13.6838 
        1.25789         40.2822         13.5327 
        1.26402         40.0565         13.3842 
        1.27014         39.6888         13.2382 
        1.27628         39.4411         13.0941 
        1.28244         39.3016         12.9518 
        1.28858         39.1163         12.8119 
        1.29471         38.8259         12.6743 
        1.30084         38.6133          12.539 
        1.30697         38.3526         12.4054 
        1.31312         38.0449         12.2736 
        1.31925         37.9288         12.1442 
        1.32537         37.7905         12.0168 
        1.33151         37.4897         11.8908 
        1.33765         37.3977         11.7666 
        1.34378         37.2555         11.6446 
        1.34992         36.7039         11.5241 
        1.35606         36.6738         11.4052 
         1.3622         36.4802         11.2881 
        1.36833         36.2722          11.173 
        1.37445         36.2021         11.0596 
        1.38059         36.0315         10.9474 
        1.38675          35.685         10.8365 
        1.39288         35.5891         10.7276 
        1.39901         35.2899         10.6203 
        1.40515         35.1447         10.5142 
         1.4113         35.0124         10.4096 
        1.41742         34.6751         10.3068 
        1.42355         34.6502         10.2053 
         1.4297         34.4045         10.1048 
        1.43585         34.3401         10.0057 
        1.44198         33.9896         9.90837 
        1.44809         33.9303         9.81251 
        1.45423         33.7721         9.71758 
        1.46036         33.6507         9.62409 
        1.46649         33.4313          9.5318 
        1.47263         33.2257         9.44067 
        1.47877         33.0815         9.35077 
        1.48491         32.9023         9.26192 
        1.49104         32.8479         9.17442 
        1.49718         32.5433           9.088 
        1.50333         32.4373         9.00256 
        1.50947         32.3155          8.9184 
         1.5156         32.0906         8.83546 
        1.52172         31.8399         8.75359 
        1.52787         31.8353         8.67259 
          1.534         31.6377         8.59273 
        1.54013         31.4135         8.51397 
        1.54627         31.3442         8.43607 
        1.55241         31.1224         8.35913 
        1.55855         31.0299         8.28327 
        1.56467         30.9179         8.20858 
         1.5708         30.7583          8.1346 
        1.57695         30.4707         8.06143 
        1.58308         30.5053         7.98934 
        1.58922         30.3158         7.91809 
        1.59535         30.1085         7.84774 
         1.6015         29.9915         7.77816 
        1.60764         29.9349         7.70945 
        1.61376         29.7802         7.64178 
        1.61989         29.4969         7.57487 
        1.62604         29.4912         7.50862 
        1.63218         29.2799         7.44322 
        1.63831          29.204         7.37875 
        1.64444         29.0178         7.31502 
        1.65059         28.8955          7.2519 
        1.65673         28.7924         7.18961 
        1.66285         28.6454         7.12822 
        1.66898         28.5232         7.06754 
        1.67512         28.4053         7.00746 
        1.68127         28.1914         6.94802 
         1.6874          28.117         6.88941 
        1.69353         28.0948         6.83152 
        1.69967         27.8256         6.77416 
        1.70581          27.683          6.7175 
        1.71193          27.545         6.66169 
        1.71806          27.514         6.60641 
        1.72421         27.3821         6.55165 
        1.73035         27.2986         6.49758 
        1.73649         27.0849         6.44414 
        1.74262         27.0427         6.39135 
        1.74876         26.8842         6.33911 
        1.75489         26.7603         6.28757 
        1.76101         26.6591         6.23663 
        1.76715         26.6101         6.18618 
        1.77329         26.4824         6.13624 
        1.77943         26.3255         6.08683 
        1.78557          26.189         6.03804 
        1.79171         26.1263         5.98979 
        1.79785         25.9951         5.94205 
        1.80399         25.9015         5.89485 
        1.81012         25.7698         5.84823 
        1.81625         25.6575         5.80214 
        1.82239         25.5822         5.75649 
        1.82853         25.3881         5.71135 
        1.83466         25.3235         5.66674 
        1.84078         25.1485         5.62266 
        1.84692         25.1191         5.57898 
        1.85306         24.9632         5.53571 
         1.8592         24.9196         5.49298 
        1.86533         24.7902         5.45072 
        1.87147         24.6837         5.40887 
        1.87761         24.6246         5.36744 
        1.88375         24.4453         5.32649 
        1.88988         24.4116         5.28602 
        1.89601            24.3         5.24595 
        1.90215         24.1675         5.20627 
        1.90829         24.1115         5.16703 
        1.91442         23.9718         5.12818 
        1.92056         23.8931         5.08978 
         1.9267         23.8119         5.05173 
        1.93284         23.6929         5.01405 
        1.93897         23.5876         4.97683 
        1.94509         23.5053         4.94007 
        1.95123         23.4056          4.9036 
        1.95737         23.2751         4.86746 
        1.96349         23.2082         4.83179 
        1.96964         23.0906         4.79638 
        1.97578         23.0237          4.7613 
        1.98192         22.8989         4.72665 
        1.98805         22.8315         4.69235 
        1.99419         22.7229         4.65838 
        2.00033         22.6326         4.62474 
        2.00647         22.5972         4.59144 
         2.0126         22.3855         4.55853 
        2.01874         22.3547         4.52589 
        2.02488         22.2454         4.49355 
        2.03101         22.2472         4.46158 
        2.03714         22.0925         4.42996 
        2.04328         21.9935         4.39861 
        2.04941         21.9132         4.36759 
        2.05554         21.8845          4.3369 
        2.06167         21.7872         4.30646 
        2.06781         21.6776         4.27631 
        2.07396         21.5747         4.24641 
        2.08009         21.5116         4.21685 
        2.08622         21.4228         4.18761 
        2.09237         21.3369         4.15859 
        2.09851         21.2353         4.12984 
        2.10464         21.1698         4.10141 
        2.11077         21.0778         4.07329 
        2.11691         20.9886         4.04537 
        2.12305         20.8977         4.01771 
        2.12918           20.84         3.99038 
        2.13531         20.7453          3.9633 
        2.14145         20.6614         3.93642 
         2.1476         20.5801         3.90975 
        2.15372         20.5278         3.88347 
        2.15985         20.3973          3.8574 
        2.16599         20.3622          3.8315 
        2.17213         20.3076         3.80587 
        2.17827         20.2204         3.78048 
         2.1844         20.1411         3.75534 
        2.19054         20.0327         3.73043 
        2.19666         19.9725         3.70578 
         2.2028         19.8892         3.68133 
        2.20893         19.8042          3.6571 
        2.21508         19.7607         3.63305 
        2.22122         19.6289         3.60922 
        2.22736         19.5784         3.58565 
        2.23349         19.4972          3.5623 
        2.23962         19.4579         3.53915 
        2.24577         19.3479         3.51618 
         2.2519         19.2954         3.49345 
        2.25802         19.2159         3.47096 
        2.26417         19.1451          3.4486 
        2.27031         19.0862         3.42643 
        2.27644         19.0277         3.40451 
        2.28257          18.946         3.38279 
        2.28872         18.8548         3.36122 
        2.29486         18.8224         3.33984 
        2.30099         18.7342          3.3187 
        2.30712         18.6765         3.29773 
        2.31326         18.5994          3.2769 
         2.3194          18.469         3.25627 
        2.32553         18.4595         3.23585 
        2.33166         18.3558         3.21562 
         2.3378         18.3054         3.19553 
        2.34394         18.2148         3.17561 
        2.35007         18.1266         3.15589 
        2.35619         18.1025         3.13636 
        2.36233         18.0219         3.11696 
        2.36848         17.9989         3.09767 
        2.37462         17.9145          3.0786 
        2.38075         17.8371          3.0597 
        2.38689         17.7765         3.04095 
        2.39303         17.7225         3.02236 
        2.39916         17.6345         3.00394 
        2.40529         17.6003         2.98568 
        2.41143         17.5106         2.96756 
        2.41757         17.4662         2.94959 
         2.4237         17.3625         2.93179 
        2.42983         17.3356         2.91415 
        2.43598         17.2556          2.8966 
        2.44211          17.166         2.87923 
        2.44823         17.1255         2.86205 
        2.45437         17.0851         2.84495 
        2.46052         17.0445         2.82799 
        2.46665         16.9445         2.81119 
        2.47279         16.9059         2.79453 
        2.47892         16.8221           2.778 
        2.48507         16.7649         2.76159 
         2.4912         16.7272         2.74534 
        2.49733         16.6508         2.72924 
        2.50347         16.6158         2.71323 
        2.50961         16.5379         2.69736 
        2.51575           16.47         2.68162 
        2.52188         16.4067         2.66602 
        2.52802         16.3607         2.65054 
        2.53416         16.3131         2.63517 
        2.54029         16.2024         2.61995 
        2.54641         16.1979         2.60486 
        2.55255         16.1043         2.58988 
        2.55869          16.044         2.57498 
        2.56483          15.992         2.56023 
        2.57096         15.9616         2.54561 
        2.57709         15.8887          2.5311 
        2.58323         15.8422         2.51669 
        2.58937          15.777         2.50238 
        2.59551         15.7555         2.48821 
        2.60164         15.6728         2.47415 
        2.60778         15.6034         2.46018 
        2.61392         15.5831         2.44633 
        2.62006          15.504         2.43259 
        2.62619         15.4558         2.41897 
        2.63232         15.3941         2.40545 
        2.63846         15.3697         2.39202 
        2.64459         15.3145         2.37871 
        2.65072          15.206         2.36551 
        2.65686         15.1815          2.3524 
          2.663         15.1315         2.33937 
        2.66915         15.0777         2.32644 
        2.67527           15.02         2.31364 
        2.68141         14.9759         2.30093 
        2.68755         14.9279         2.28831 
        2.69368         14.8924         2.27579 
        2.69981         14.8273         2.26338 
        2.70595         14.7572         2.25103 
        2.71209         14.7288         2.23878 
        2.71823          14.651         2.22663 
        2.72436         14.6488         2.21458 
         2.7305         14.5644         2.20262 
        2.73663         14.5319         2.19074 
        2.74276         14.4721         2.17896 
         2.7489          14.428         2.16726 
        2.75504         14.3785         2.15564 
        2.76118          14.319          2.1441 
        2.76732         14.2684         2.13266 
        2.77345         14.2262         2.12131 
        2.77959           14.19         2.11003 
        2.78572         14.1089         2.09885 
        2.79186         14.0593         2.08774 
        2.79798         14.0275         2.07674 
        2.80412         13.9603         2.06579 
        2.81027         13.9249          2.0549 
         2.8164         13.8608         2.04412 
        2.82253          13.847         2.03342 
        2.82867         13.7978         2.02279 
        2.83481         13.7441         2.01223 
        2.84095         13.7004         2.00175 
        2.84708         13.6534         1.99136 
        2.85322         13.6139         1.98103 
        2.85935         13.5514         1.97077 
        2.86549         13.5043          1.9606 
        2.87162         13.4942         1.95049 
        2.87776         13.4219         1.94046 
        2.88389         13.3912          1.9305 
        2.89003         13.3403         1.92061 
        2.89617         13.2823         1.91079 
        2.90231         13.2523         1.90103 
        2.90844         13.2143         1.89135 
        2.91458         13.1663         1.88173 
        2.92071         13.1178          1.8722 
        2.92684         13.0831         1.86272 
        2.93298         13.0261         1.85331 
         2.9391         12.9962         1.84398 
        2.94524         12.9664          1.8347 
        2.95138         12.9161         1.82548 
        2.95752         12.8615         1.81631 
        2.96367          12.811         1.80721 
         2.9698         12.7729         1.79819 
        2.97594          12.737         1.78922 
        2.98207         12.6887         1.78032 
        2.98821         12.6535         1.77148 
        2.99434         12.6028          1.7627 
        3.00048         12.5707         1.75398 
        3.00662         12.5436         1.74532 
        3.01275         12.4786         1.73673 
        3.01888         12.4573         1.72819 
        3.02503         12.3869          1.7197 
        3.03117          12.359         1.71127 
        3.03729          12.322         1.70291 
        3.04342         12.2962         1.69461 
        3.04957          12.239         1.68634 
         3.0557         12.1871         1.67814 
        3.06183         12.1489         1.67001 
        3.06796         12.1213         1.66192 
        3.07411         12.0802         1.65387 
        3.08025         12.0402         1.64589 
        3.08637         12.0094         1.63798 
         3.0925         11.9593          1.6301 
        3.09865         11.9405         1.62227 
         3.1048         11.8817         1.61448 
        3.11093         11.8486         1.60677 
        3.11706         11.8185         1.59911 
         3.1232         11.7844         1.59149 
        3.12933         11.7465         1.58392 
        3.13547         11.6898          1.5764 
        3.14159         11.6644         1.56895 
        3.14773         11.6318         1.56152 
        3.15388         11.5964         1.55414 
        3.16001         11.5544         1.54682 
        3.16614         11.5184         1.53955 
        3.17228         11.4867         1.53232 
        3.17842         11.4596         1.52514 
        3.18455         11.4156         1.51801 
        3.19068         11.3635         1.51093 
        3.19682          11.333         1.50388 
        3.20297         11.3152         1.49688 
         3.2091         11.2594         1.48993 
        3.21524         11.2244         1.48302 
        3.22138         11.1951         1.47616 
         3.2275         11.1601         1.46935 
        3.23363         11.1099         1.46258 
        3.23977         11.0961         1.45585 
        3.24591         11.0575         1.44916 
        3.25205         11.0099         1.44251 
        3.25818         10.9722         1.43591 
        3.26432         10.9542         1.42934 
        3.27046         10.9154         1.42282 
         3.2766          10.875         1.41634 
        3.28273         10.8469          1.4099 
        3.28887         10.8125         1.40351 
          3.295         10.7776         1.39715 
        3.30113         10.7338         1.39084 
        3.30727         10.7073         1.38456 
        3.31341         10.6873         1.37832 
        3.31954         10.6458         1.37212 
        3.32568          10.603         1.36596 
        3.33182         10.5659         1.35983 
        3.33795         10.5594         1.35375 
        3.34409         10.5146          1.3477 
        3.35022         10.4876         1.34169 
        3.35636         10.4502         1.33572 
         3.3625         10.4016         1.32978 
        3.36864          10.387         1.32388 
        3.37477         10.3385         1.31801 
        3.38091         10.3306         1.31219 
        3.38704         10.2836          1.3064 
        3.39318         10.2543         1.30064 
        3.39931          10.221         1.29492 
        3.40545         10.1927         1.28924 
        3.41158         10.1712         1.28358 
        3.41772         10.1224         1.27797 
        3.42385         10.0979         1.27239 
        3.42998         10.0653         1.26684 
        3.43612          10.025         1.26133 
        3.44226         9.99683         1.25584 
         3.4484         9.98052         1.25038 
        3.45453         9.94828         1.24497 
        3.46066         9.91794         1.23959 
        3.46681          9.8811         1.23423 
        3.47295          9.8511          1.2289 
        3.47908         9.81981         1.22362 
        3.48521          9.7929         1.21837 
        3.49135         9.75545         1.21314 
        3.49749         9.72962         1.20794 
        3.50362         9.69442         1.20278 
        3.50976          9.6681         1.19765 
        3.51589         9.64437         1.19255 
        3.52203          9.6141         1.18747 
        3.52816         9.58608         1.18244 
        3.53429         9.55868         1.17742 
        3.54043         9.52065         1.17243 
        3.54657         9.49805         1.16748 
        3.55271         9.46968         1.16255 
        3.55884         9.44312         1.15766 
        3.56498         9.41974         1.15279 
        3.57112         9.37817         1.14794 
        3.57725          9.3531         1.14313 
        3.58338         9.32015         1.13835 
        3.58952         9.29542         1.13359 
        3.59566         9.27631         1.12886 
         3.6018         9.24911         1.12416 
        3.60793         9.20803         1.11948 
        3.61407         9.18278         1.11484 
        3.62021         9.15537         1.11022 
        3.62634         9.12909         1.10562 
        3.63247          9.1056         1.10106 
        3.63861         9.08318         1.09651 
        3.64475         9.04592         1.09199 
        3.65089         9.01668          1.0875 
        3.65702         8.98774         1.08304 
        3.66316         8.96951          1.0786 
        3.66929         8.93757         1.07419 
        3.67543         8.91448          1.0698 
        3.68156         8.89905         1.06544 
        3.68769         8.86494          1.0611 
        3.69383         8.84795         1.05678 
        3.69997         8.80889         1.05249 
        3.70611         8.78573         1.04822 
        3.71224         8.75527         1.04398 
        3.71838         8.74315         1.03976 
        3.72451         8.71155         1.03556 
        3.73065         8.68572         1.03139 
        3.73678         8.64764         1.02724 
        3.74292          8.6291         1.02311 
        3.74906         8.60232         1.01901 
        3.75519         8.57532         1.01493 
        3.76133         8.54276         1.01087 
        3.76746          8.5245         1.00684 
         3.7736         8.50071         1.00283 
        3.77974          8.4826        0.998836 
        3.78588         8.43927        0.994865 
        3.79201         8.41857        0.990919 
        3.79814         8.39972        0.986996 
        3.80428         8.36876        0.983092 
        3.81042         8.34859        0.979207 
        3.81655         8.34033        0.975345 
        3.82268         8.30676        0.971509 
        3.82882         8.28303        0.967691 
        3.83496         8.24713         0.96389 
        3.84109         8.23842        0.960112 
        3.84723          8.2086        0.956355 
        3.85337         8.18915        0.952614 
        3.85951         8.16642        0.948893 
        3.86565         8.13761        0.945197 
        3.87178         8.10851        0.941523 
        3.87791         8.09017        0.937868 
        3.88405         8.07228        0.934229 
        3.89019         8.03426         0.93061 
        3.89632         8.02139        0.927013 
        3.90246         7.98635        0.923432 
         3.9086         7.96867         0.91987 
        3.91473         7.95121        0.916332 
        3.92086         7.92531        0.912814 
        3.92699          7.9055         0.90931 
        3.93313         7.87924        0.905823 
        3.93927         7.86284        0.902357 
         3.9454         7.83254        0.898909 
        3.95154           7.813        0.895477 
        3.95768         7.79438        0.892064 
        3.96382         7.75709         0.88867 
        3.96995         7.74455        0.885293 
        3.97609         7.72485        0.881935 
        3.98222          7.7084        0.878596 
        3.98836         7.68451        0.875273 
         3.9945         7.65319        0.871966 
        4.00063         7.64211        0.868679 
        4.00677         7.60922        0.865406 
        4.01291         7.59271        0.862149 
        4.01904         7.56955        0.858916 
        4.02517         7.54641        0.855699 
        4.03131         7.52081        0.852492 
        4.03745         7.51303        0.849302 
        4.04358         7.48433        0.846132 
        4.04972         7.46023        0.842979 
        4.05585         7.44218        0.839841 
        4.06199         7.42087        0.836718 
        4.06812         7.38995        0.833612 
        4.07426         7.37217        0.830523 
         4.0804          7.3525        0.827446 
        4.08654         7.33192        0.824386 
        4.09267           7.309        0.821345 
         4.0988         7.30414        0.818321 
        4.10494         7.27064        0.815309 
        4.11108         7.25905        0.812311 
        4.11721          7.2299        0.809331 
        4.12334         7.20652        0.806366 
        4.12948         7.19056        0.803415 
        4.13561         7.16857        0.800478 
        4.14176         7.15379        0.797554 
        4.14789         7.13074        0.794646 
        4.15403         7.09942        0.791755 
        4.16016         7.08899        0.788877 
         4.1663         7.06238        0.786014 
        4.17243         7.04775        0.783167 
        4.17857         7.02725        0.780332 
        4.18471         7.00488        0.777511 
        4.19084         6.99031        0.774704 
        4.19698         6.97256        0.771913 
        4.20312         6.95075        0.769133 
        4.20925          6.9282        0.766369 
        4.21538         6.90892        0.763621 
        4.22152         6.88426        0.760883 
        4.22766         6.86704        0.758157 
         4.2338         6.85585        0.755449 
        4.23993         6.83666        0.752752 
        4.24607         6.82428        0.750069 
         4.2522         6.79584        0.747399 
        4.25834           6.776        0.744741 
        4.26447         6.75798        0.742099 
        4.27061         6.74133         0.73947 
        4.27674         6.72489        0.736852 
        4.28288         6.70459        0.734244 
        4.28902         6.68433        0.731652 
        4.29515           6.667        0.729074 
        4.30129         6.64657        0.726507 
        4.30743         6.63037         0.72395 
        4.31356         6.61075        0.721408 
        4.31969         6.59078        0.718881 
        4.32583         6.57681        0.716365 
        4.33197         6.54979        0.713856 
         4.3381         6.53879        0.711363 
        4.34424         6.52682        0.708883 
        4.35038         6.49971        0.706411 
        4.35652          6.4788        0.703952 
        4.36265         6.46366        0.701509 
        4.36878         6.45214        0.699076 
        4.37492         6.43745        0.696652 
        4.38106         6.42347        0.694239 
        4.38719         6.39979        0.691842 
        4.39333         6.37899        0.689456 
        4.39946         6.37227         0.68708 
         4.4056         6.34654        0.684715 
        4.41173         6.32955        0.682361 
        4.41786         6.31421        0.680022 
          4.424          6.2961         0.67769 
        4.43014         6.27457        0.675367 
        4.43628         6.25724        0.673056 
        4.44241         6.24512        0.670759 
        4.44855         6.22683        0.668471 
        4.45469         6.21383        0.666192 
        4.46083         6.18958        0.663927 
        4.46696         6.17066        0.661673 
        4.47309         6.15765        0.659427 
        4.47923         6.14544        0.657192 
        4.48537         6.12432        0.654969 
         4.4915         6.10489        0.652756 
        4.49764         6.09412        0.650552 
        4.50378         6.07812        0.648358 
        4.50991         6.05923        0.646177 
        4.51604         6.03979        0.644007 
        4.52218          6.0309        0.641841 
        4.52832         6.01362        0.639689 
        4.53445         5.99706        0.637548 
        4.54059         5.98145        0.635416 
        4.54673          5.9648        0.633292 
        4.55286         5.94934        0.631178 
          4.559          5.9337        0.629076 
        4.56513         5.91568        0.626984 
        4.57127         5.90085          0.6249 
        4.57741         5.88157        0.622824 
        4.58354         5.86599         0.62076 
        4.58968         5.85008        0.618705 
        4.59582         5.83519        0.616658 
        4.60195         5.82204        0.614622 
        4.60809         5.80392        0.612596 
        4.61422         5.78994        0.610578 
        4.62036         5.78371         0.60857 
        4.62649         5.75827         0.60657 
        4.63263         5.74711        0.604579 
        4.63876         5.73421        0.602598 
         4.6449         5.71343        0.600625 
        4.65104         5.70381        0.598661 
        4.65717         5.68994        0.596707 
        4.66331         5.67013        0.594761 
        4.66944         5.65966        0.592824 
        4.67558         5.64813        0.590897 
        4.68171         5.62873        0.588977 
        4.68785         5.61784        0.587064 
        4.69399         5.60482        0.585161 
        4.70012         5.58921        0.583269 
        4.70625         5.56936        0.581384 
        4.71239         5.55458        0.579506 
        4.71853         5.54262        0.577637 
        4.72467         5.53029        0.575775 
         4.7308         5.51439        0.573924 
        4.73694         5.49545         0.57208 
        4.74308         5.48711        0.570243 
        4.74922         5.46941        0.568415 
        4.75535         5.45491        0.566596 
        4.76148         5.44714        0.564786 
        4.76762         5.43388        0.562981 
        4.77376         5.41266        0.561185 
        4.77989         5.40164        0.559399 
        4.78602         5.38535        0.557619 
        4.79216         5.37931        0.555846 
         4.7983         5.36408        0.554082 
        4.80443         5.35367        0.552327 
        4.81056         5.33224        0.550579 
         4.8167         5.32255        0.548837 
        4.82284         5.30529        0.547102 
        4.82898         5.29542        0.545376 
        4.83511         5.28447        0.543659 
        4.84125         5.26869        0.541947 
        4.84739         5.26231        0.540243 
        4.85352         5.24226        0.538548 
        4.85965         5.22556         0.53686 
        4.86579         5.21794        0.535178 
        4.87193         5.20674        0.533503 
        4.87807         5.19306        0.531836 
         4.8842         5.17888        0.530177 
        4.89034         5.16691        0.528524 
        4.89647         5.15367        0.526878 
        4.90261         5.13797         0.52524 
        4.90874         5.12803         0.52361 
        4.91488         5.11408        0.521986 
        4.92102          5.1104        0.520367 
        4.92715         5.09051        0.518757 
        4.93329         5.07908        0.517154 
        4.93942         5.06764        0.515557 
        4.94556          5.0563        0.513966 
         4.9517         5.04603        0.512383 
        4.95783          5.0342        0.510807 
        4.96397         5.01372        0.509237 
        4.97011         5.00691        0.507673 
        4.97624         4.99879        0.506117 
        4.98238         4.98542        0.504568 
        4.98851          4.9714        0.503025 
        4.99465         4.95978        0.501489 
        5.00078         4.94896        0.499959 
        5.00691         4.93359        0.498436 
        5.01305         4.92678        0.496919 
        5.01919         4.91501        0.495406 
        5.02533         4.90301        0.493901 
        5.03146         4.89117        0.492404 
         5.0376         4.88206        0.490912 
        5.04374         4.86615        0.489425 
        5.04987         4.85843        0.487945 
        5.05601         4.84324        0.486472 
        5.06215         4.83132        0.485004 
        5.06829         4.81991        0.483542 
        5.07442         4.81013        0.482088 
        5.08055          4.8016         0.48064 
        5.08668         4.78801        0.479197 
        5.09282         4.78222        0.477759 
        5.09896         4.77078        0.476328 
        5.10509         4.75612        0.474904 
        5.11123         4.74785        0.473485 
        5.11736         4.73381        0.472071 
         5.1235         4.72348        0.470663 
        5.12964         4.71628        0.469261 
        5.13577         4.70442        0.467864 
        5.14191         4.69306        0.466474 
        5.14804         4.68386        0.465091 
        5.15418         4.67027        0.463712 
        5.16032         4.66263        0.462338 
        5.16645         4.64867         0.46097 
        5.17259         4.63867        0.459608 
        5.17872         4.63486        0.458252 
        5.18486         4.61951          0.4569 
          5.191         4.61246        0.455554 
        5.19713         4.60434        0.454215 
        5.20327         4.59151         0.45288 
        5.20941         4.57557         0.45155 
        5.21555         4.57255        0.450225 
        5.22168          4.5606        0.448907 
        5.22781         4.54908        0.447595 
        5.23395         4.54184        0.446287 
        5.24009          4.5328        0.444984 
        5.24622         4.52005        0.443687 
        5.25236         4.51472        0.442396 
         5.2585         4.50425        0.441108 
        5.26463         4.49676        0.439826 
        5.27077         4.48368         0.43855 
         5.2769         4.47628        0.437279 
        5.28304         4.46843        0.436013 
        5.28917         4.45679        0.434752 
         5.2953         4.44756        0.433497 
        5.30144         4.43887        0.432245 
        5.30757         4.42899        0.430999 
        5.31371         4.41775        0.429757 
        5.31985         4.40998        0.428521 
        5.32599         4.40084        0.427289 
        5.33213          4.3919        0.426062 
        5.33826         4.38137         0.42484 
         5.3444         4.37737        0.423624 
        5.35053         4.36422        0.422412 
        5.35667         4.35791        0.421204 
        5.36281         4.34926        0.420001 
        5.36894          4.3418        0.418804 
        5.37507         4.33447        0.417612 
        5.38121         4.32478        0.416423 
        5.38735         4.31623        0.415239 
        5.39348         4.30929        0.414061 
        5.39961         4.29444        0.412887 
        5.40575         4.29181        0.411717 
        5.41189         4.28314        0.410551 
        5.41803         4.27266         0.40939 
        5.42416         4.26698        0.408234 
         5.4303         4.25977        0.407082 
        5.43644         4.25212        0.405935 
        5.44257         4.24587        0.404793 
        5.44871         4.23792        0.403654 
        5.45484         4.22812         0.40252 
        5.46098         4.21947        0.401391 
        5.46712         4.21135        0.400265 
        5.47325         4.20413        0.399145 
        5.47938         4.19421        0.398029 
        5.48552         4.18887        0.396918 
        5.49165          4.1822         0.39581 
        5.49779         4.17368        0.394707 
        5.50393         4.16342        0.393607 
        5.51006         4.15636        0.392511 
         5.5162         4.15433         0.39142 
        5.52234         4.14484        0.390334 
        5.52847         4.13744        0.389251 
        5.53461          4.1311        0.388172 
        5.54075         4.12275        0.387098 
        5.54688         4.11275        0.386028 
        5.55302         4.10986        0.384962 
        5.55915         4.10058          0.3839 
        5.56529         4.09204        0.382842 
        5.57143         4.08688        0.381788 
        5.57756         4.08117        0.380738 
         5.5837         4.07358        0.379692 
        5.58983         4.06959        0.378651 
        5.59597         4.06132        0.377613 
         5.6021         4.06087        0.376579 
        5.60824         4.04908        0.375548 
        5.61438         4.04511        0.374522 
        5.62051          4.0381          0.3735 
        5.62665         4.03012        0.372481 
        5.63278         4.02471        0.371466 
        5.63892         4.01888        0.370456 
        5.64505         4.01142        0.369449 
        5.65119         4.00586        0.368445 
        5.65733         3.99428        0.367446 
        5.66346          3.9911         0.36645 
         5.6696         3.98971        0.365458 
        5.67573         3.98025        0.364469 
        5.68187         3.97812        0.363485 
          5.688         3.97021        0.362504 
        5.69414         3.96554        0.361527 
        5.70028         3.95956        0.360552 
        5.70642         3.95316        0.359582 
        5.71255         3.95026        0.358615 
        5.71869         3.94307        0.357653 
        5.72482         3.93825        0.356694 
        5.73096         3.93163        0.355738 
        5.73709          3.9266        0.354786 
        5.74322         3.92308        0.353838 
        5.74936         3.91652        0.352892 
         5.7555         3.91008         0.35195 
        5.76164         3.90664        0.351012 
        5.76777         3.90026        0.350077 
        5.77391         3.89584        0.349145 
        5.78005         3.88849        0.348217 
        5.78618         3.88548        0.347293 
        5.79231          3.8816        0.346373 
        5.79845         3.87789        0.345454 
        5.80459         3.87074        0.344539 
        5.81073         3.86559        0.343628 
        5.81686         3.86236        0.342721 
          5.823         3.85774        0.341816 
        5.82914         3.85212        0.340914 
        5.83527         3.84763        0.340017 
         5.8414         3.84693        0.339123 
        5.84754         3.84104        0.338231 
        5.85368         3.83706        0.337342 
        5.85981         3.83182        0.336457 
        5.86595          3.8245        0.335576 
        5.87208         3.82187        0.334697 
        5.87822          3.8214        0.333822 
        5.88435         3.81587        0.332951 
        5.89049         3.81613        0.332081 
        5.89662         3.81188        0.331215 
        5.90276         3.80683        0.330352 
         5.9089         3.80313        0.329492 
        5.91503         3.79641        0.328636 
        5.92117         3.79343        0.327782 
        5.92731         3.78923        0.326931 
        5.93344         3.78606        0.326083 
        5.93958         3.78483        0.325239 
        5.94572         3.77763        0.324397 
        5.95186          3.7759        0.323558 
        5.95799         3.77493        0.322724 
        5.96412         3.76923        0.321891 
        5.97026           3.768        0.321061 
         5.9764         3.76407        0.320235 
        5.98253         3.76066        0.319412 
        5.98866         3.75831        0.318592 
         5.9948         3.75603        0.317773 
        6.00094         3.75211        0.316958 
        6.00707         3.74984        0.316146 
        6.01321         3.74746        0.315337 
        6.01935         3.74268        0.314531 
        6.02548         3.74235        0.313727 
        6.03162          3.7391        0.312927 
        6.03775         3.73759        0.312129 
        6.04389         3.73656        0.311335 
        6.05003         3.73326        0.310542 
        6.05617         3.73195        0.309752 
         6.0623         3.72543        0.308965 
        6.06844         3.72423        0.308181 
        6.07457         3.72351        0.307401 
         6.0807         3.72341        0.306622 
        6.08684         3.72084        0.305847 
        6.09298         3.71773        0.305074 
        6.09912         3.72014        0.304303 
        6.10525           3.718        0.303536 
        6.11138         3.71623        0.302771 
        6.11752         3.70906        0.302009 
        6.12366         3.71404        0.301249 
        6.12979          3.7115        0.300492 
        6.13593         3.70897        0.299738 
        6.14207         3.70601        0.298986 
         6.1482         3.70886        0.298237 
        6.15434         3.70463         0.29749 
        6.16047         3.70347        0.296747 
        6.16661         3.70241        0.296005 
        6.17274         3.70356        0.295267 
        6.17887         3.70071        0.294531 
        6.18501         3.69939        0.293797 
        6.19115         3.69936        0.293065 
        6.19729         3.70094        0.292336 
        6.20342         3.69891         0.29161 
        6.20956         3.69855        0.290886 
         6.2157         3.69719        0.290165 
        6.22183         3.69841        0.289446 
        6.22797         3.69959         0.28873 
         6.2341         3.70033        0.288016 
        6.24024         3.69927        0.287304 
        6.24638         3.69672        0.286595 
        6.25251         3.69879        0.285889 
        6.25865         3.69651        0.285185 
        6.26478         3.69948        0.284483 
        6.27092         3.69821        0.283783 
        6.27705         3.69971        0.283087 
        6.28318         3.69866        0.282392 
