# k  (h/Mpc)    Pcb(k)  (Mpc/h)^3    Pcb_linear(k)  (Mpc/h)^3
     0.00783031          656.44         661.174 
       0.013688         832.006         839.893 
       0.019231         866.422         869.769 
      0.0249154         822.116         822.255 
      0.0312784         730.084         730.654 
      0.0375637         637.702         638.829 
      0.0433917          570.14         569.152 
      0.0492413         516.809         517.262 
      0.0555754         477.803         476.767 
      0.0619321         441.459         444.262 
       0.067871         413.904         414.517 
      0.0738098         381.709          381.97 
      0.0800417         345.508         344.958 
      0.0862327         308.144         308.188 
      0.0921407         276.427         276.446 
      0.0982031         250.475         249.665 
       0.104506         228.242         228.747 
       0.110769         213.536         213.878 
       0.116806         203.775         203.063 
       0.122832         193.179         193.477 
       0.129052         183.341         183.048 
       0.135211         172.188         171.381 
       0.141259         159.198         158.904 
       0.147318         146.094         146.345 
       0.153489         134.992         134.615 
       0.159709         125.525         124.701 
       0.165845         116.841         117.042 
       0.171974         112.176         111.206 
       0.178125         107.386         106.529 
       0.184229         102.632         102.329 
        0.19034         98.8998         97.9823 
       0.196428         94.0629         93.2301 
       0.202534         88.2277         88.0865 
       0.208729         83.6436         82.7744 
       0.214876         79.0958         77.7823 
       0.220989         73.9356         73.3881 
       0.227147         71.0709         69.6694 
        0.23329         68.0945         66.6217 
       0.239377         65.6427         64.0809 
       0.245482         63.1457         61.7817 
       0.251667         60.5336         59.4955 
       0.257832         58.6912         57.1331 
       0.263955         55.8496         54.6818 
       0.270079         53.4022         52.1891 
        0.27624         50.7528         49.7532 
       0.282372         48.6188         47.5027 
        0.28843         47.1386         45.5148 
       0.294538          45.245         43.7549 
       0.300721         43.3871         42.1848 
        0.30691          42.314         40.7553 
       0.313033         40.8157         39.4092 
       0.319153         39.8747         38.0779 
       0.325316         38.0199         36.7283 
        0.33145         36.6611          35.383 
       0.337538         35.4617          34.073 
       0.343633         34.3434         32.8184 
       0.349808         33.0739          31.634 
       0.355968         31.9563         30.5478 
       0.362074         31.1778         29.5629 
       0.368217         30.1969         28.6444 
       0.374374         29.5355         27.7745 
       0.380519         28.4101         26.9364 
       0.386598         27.5208         26.1224 
       0.392688         26.6828         25.3203 
        0.39888          26.026         24.5212 
       0.405048         25.3045         23.7506 
       0.411186         24.5433         23.0188 
       0.417313          23.848          22.328 
       0.423458         23.0826         21.6758 
       0.429607         22.6429         21.0614 
       0.435692         22.1504         20.4837 
       0.441815         21.3925         19.9253 
       0.447964         20.7518         19.3828 
       0.454126         20.3567         18.8538 
       0.460267         20.0168         18.3397 
       0.466387         19.4181         17.8424 
        0.47254         19.0231         17.3601 
       0.478662         18.4793         16.8992 
       0.484765         18.0494         16.4592 
       0.490885         17.5399         16.0377 
       0.497035         17.1114         15.6324 
       0.503198         16.7764         15.2419 
       0.509342         16.3121         14.8658 
       0.515458          16.044         14.5029 
       0.521598          15.681         14.1496 
       0.527764         15.4176         13.8051 
       0.533884         14.9518         13.4734 
           0.54         14.6762         13.1526 
       0.546137         14.2585          12.842 
       0.552299         13.9975         12.5414 
       0.558452         13.6983         12.2521 
       0.564573         13.4721          11.974 
       0.570708         13.1733         11.7042 
       0.576825         12.9176         11.4436 
       0.582926         12.6419         11.1914 
       0.589034         12.4144         10.9464 
       0.595184          12.229         10.7068 
       0.601379         11.9094         10.4724 
       0.607522         11.6859         10.2469 
       0.613639         11.4237         10.0292 
       0.619772          11.256          9.8176 
       0.625918         11.0245         9.61214 
       0.632068         10.8674         9.41277 
       0.638161         10.6512         9.22099 
         0.6443         10.4453          9.0332 
       0.650464         10.2099         8.84987 
       0.656582         10.1151         8.67284 
       0.662703         9.95026         8.50057 
       0.668861         9.68676         8.33204 
       0.675024         9.53476         8.16801 
       0.681124         9.49748         8.01018 
       0.687237          9.2752         7.85633 
       0.693381         9.04082         7.70589 
       0.699536         8.97808          7.5592 
       0.705665         8.81337         7.41701 
       0.711789          8.6254         7.27864 
       0.717957         8.46337         7.14286 
        0.72409          8.3647         7.01132 
       0.730186         8.28716         6.88392 
       0.736317          8.1049         6.75902 
       0.742472         8.00228         6.63679 
       0.748622         7.88122         6.51774 
        0.75476         7.69089          6.4019 
       0.760888         7.62572          6.2891 
       0.767043          7.4496         6.17861 
       0.773185          7.3624         6.07104 
       0.779291         7.31618         5.96666 
       0.785407         7.16917         5.86462 
       0.791564         7.07398         5.76435 
       0.797719         6.94723         5.66649 
       0.803834          6.8671         5.57154 
       0.809972         6.74939         5.47845 
       0.816124         6.66253          5.3873 
       0.822261         6.57359          5.2985 
       0.828378         6.47072         5.21199 
       0.834502         6.39043         5.12735 
       0.840667         6.32257         5.04407 
       0.846816          6.2031          4.9629 
       0.852925         6.12441         4.88404 
       0.859047         6.04415         4.80676 
       0.865192         5.96172         4.73091 
       0.871341         5.87861         4.65666 
       0.877463         5.79543         4.58437 
       0.883569         5.73074         4.51381 
       0.889708         5.65589         4.44439 
       0.895864         5.58227         4.37626 
       0.902008         5.49599         4.30972 
       0.908149         5.42883         4.24462 
       0.914301         5.37455         4.18077 
       0.920448         5.30578         4.11831 
       0.926574         5.26792         4.05735 
       0.932687          5.1798         3.99777 
       0.938823         5.09486         3.93919 
       0.944975          5.0556         3.88165 
       0.951105         4.96474         3.82548 
       0.957225         4.92802         3.77053 
       0.963368          4.8771         3.71648 
       0.969511         4.82027         3.66349 
       0.975621         4.75273         3.61184 
       0.981748         4.66855         3.56105 
       0.987916         4.62854         3.51093 
        0.99406         4.59815         3.46197 
        1.00019         4.54194         3.41405 
        1.00632          4.4973         3.36709 
        1.01246         4.43149         3.32095 
        1.01859          4.3835         3.27575 
        1.02471         4.31523         3.23146 
        1.03085         4.28565         3.18784 
        1.03698         4.24078         3.14512 
        1.04314         4.19825         3.10301 
        1.04929          4.1449         3.06178 
        1.05541         4.09219         3.02147 
        1.06154         4.06196         2.98179 
        1.06769          4.0344         2.94277 
        1.07382         3.96877         2.90459 
        1.07993         3.91966         2.86717 
        1.08607         3.89463         2.83027 
        1.09222         3.83964         2.79398 
        1.09836         3.82776         2.75838 
        1.10449         3.75007         2.72344 
        1.11063          3.7251         2.68908 
        1.11677         3.69424         2.65532 
         1.1229         3.64622         2.62221 
        1.12903         3.62444         2.58964 
        1.13518         3.57097          2.5576 
        1.14131         3.53952         2.52613 
        1.14745         3.49965          2.4952 
        1.15359         3.46884          2.4648 
        1.15973         3.43169         2.43489 
        1.16584         3.39935         2.40561 
        1.17197         3.36186         2.37678 
        1.17811         3.32957         2.34833 
        1.18424         3.29691         2.32044 
        1.19038         3.26563         2.29292 
        1.19652         3.24266         2.26586 
        1.20267         3.21568         2.23924 
        1.20881         3.17841         2.21306 
        1.21495         3.15048         2.18734 
        1.22108         3.12434         2.16204 
         1.2272          3.0804          2.1372 
        1.23334         3.06974         2.11269 
        1.23949         3.03617         2.08851 
        1.24562         3.01021         2.06478 
        1.25174          2.9864         2.04146 
        1.25789         2.94806         2.01843 
        1.26402         2.91965          1.9958 
        1.27014         2.89396         1.97357 
        1.27628         2.87046         1.95161 
        1.28244         2.84937         1.92995 
        1.28858         2.82313         1.90865 
        1.29471         2.78862         1.88772 
        1.30084         2.76914         1.86713 
        1.30697         2.75194         1.84681 
        1.31312         2.72684         1.82677 
        1.31925         2.70252         1.80709 
        1.32537         2.68303         1.78772 
        1.33151         2.65413         1.76857 
        1.33765         2.63484         1.74972 
        1.34378         2.61338         1.73117 
        1.34992           2.594         1.71289 
        1.35606         2.57063         1.69483 
         1.3622         2.55223         1.67707 
        1.36833          2.5244          1.6596 
        1.37445         2.50311         1.64239 
        1.38059         2.48428         1.62538 
        1.38675         2.46478         1.60857 
        1.39288         2.44982         1.59206 
        1.39901         2.42402          1.5758 
        1.40515         2.40455         1.55973 
         1.4113         2.39213         1.54389 
        1.41742         2.36447         1.52833 
        1.42355         2.34417         1.51296 
         1.4297          2.3341         1.49775 
        1.43585         2.31233         1.48276 
        1.44198         2.29501         1.46803 
        1.44809         2.27971         1.45353 
        1.45423         2.26285         1.43918 
        1.46036         2.24551         1.42505 
        1.46649         2.21774          1.4111 
        1.47263         2.21165         1.39732 
        1.47877         2.19945         1.38374 
        1.48491         2.17192         1.37032 
        1.49104         2.16062         1.35711 
        1.49718          2.1426         1.34406 
        1.50333         2.12678         1.33116 
        1.50947         2.11341         1.31846 
         1.5156         2.09657         1.30595 
        1.52172         2.08308         1.29359 
        1.52787         2.06671         1.28138 
          1.534         2.05504         1.26933 
        1.54013         2.03634         1.25746 
        1.54627         2.02205         1.24572 
        1.55241         2.00384         1.23412 
        1.55855          1.9932         1.22269 
        1.56467         1.97924         1.21144 
         1.5708         1.96516          1.2003 
        1.57695         1.94738         1.18928 
        1.58308         1.93177         1.17843 
        1.58922         1.92661          1.1677 
        1.59535         1.90563         1.15712 
         1.6015         1.89171         1.14665 
        1.60764         1.88257         1.13631 
        1.61376         1.86615         1.12614 
        1.61989         1.85589         1.11608 
        1.62604         1.83801         1.10612 
        1.63218         1.83375         1.09629 
        1.63831         1.81904          1.0866 
        1.64444         1.80542         1.07702 
        1.65059         1.79677         1.06754 
        1.65673         1.77954         1.05819 
        1.66285         1.76887         1.04897 
        1.66898         1.76031         1.03986 
        1.67512         1.74219         1.03084 
        1.68127         1.73075         1.02192 
         1.6874         1.72726         1.01313 
        1.69353         1.70928         1.00444 
        1.69967         1.70032        0.995838 
        1.70581         1.69379        0.987339 
        1.71193         1.67434        0.978972 
        1.71806         1.66656        0.970685 
        1.72421         1.65854        0.962478 
        1.73035         1.64123        0.954375 
        1.73649         1.64034        0.946368 
        1.74262         1.62506        0.938459 
        1.74876         1.61426        0.930636 
        1.75489         1.60572        0.922919 
        1.76101         1.59165        0.915292 
        1.76715         1.58448        0.907741 
        1.77329         1.57484        0.900267 
        1.77943          1.5654        0.892873 
        1.78557         1.55833        0.885575 
        1.79171          1.5487        0.878356 
        1.79785         1.53774        0.871217 
        1.80399         1.52695         0.86416 
        1.81012         1.51754         0.85719 
        1.81625         1.50635          0.8503 
        1.82239         1.49939        0.843477 
        1.82853         1.49033        0.836731 
        1.83466         1.47911        0.830067 
        1.84078         1.47051        0.823482 
        1.84692         1.46353        0.816959 
        1.85306         1.45792        0.810498 
         1.8592         1.44514        0.804118 
        1.86533         1.43835        0.797811 
        1.87147         1.42626        0.791564 
        1.87761         1.42127        0.785381 
        1.88375         1.41237        0.779272 
        1.88988         1.40322        0.773235 
        1.89601         1.39517        0.767259 
        1.90215         1.38781        0.761342 
        1.90829         1.38081         0.75549 
        1.91442          1.3712        0.749699 
        1.92056          1.3665        0.743975 
         1.9267         1.35812        0.738304 
        1.93284         1.34775         0.73269 
        1.93897         1.34002        0.727144 
        1.94509         1.33588        0.721669 
        1.95123         1.32429        0.716235 
        1.95737         1.31908        0.710855 
        1.96349          1.3112        0.705543 
        1.96964         1.30627         0.70027 
        1.97578         1.29457         0.69505 
        1.98192         1.28778        0.689893 
        1.98805          1.2822        0.684788 
        1.99419         1.27535        0.679735 
        2.00033         1.26878         0.67473 
        2.00647         1.26247        0.669778 
         2.0126         1.25743        0.664884 
        2.01874         1.24878        0.660031 
        2.02488         1.23959        0.655223 
        2.03101          1.2345        0.650471 
        2.03714         1.22959        0.645772 
        2.04328         1.22091        0.641113 
        2.04941         1.21413        0.636505 
        2.05554         1.20848        0.631946 
        2.06167         1.20208        0.627425 
        2.06781         1.19343        0.622948 
        2.07396          1.1905        0.618508 
        2.08009         1.18328        0.614119 
        2.08622         1.17673        0.609778 
        2.09237         1.17149        0.605471 
        2.09851         1.16376        0.601205 
        2.10464         1.16063        0.596987 
        2.11077         1.15172        0.592814 
        2.11691         1.14619        0.588673 
        2.12305         1.14279        0.584571 
        2.12918         1.13384        0.580518 
        2.13531         1.12883        0.576503 
        2.14145           1.123        0.572517 
         2.1476         1.11862        0.568565 
        2.15372          1.1115        0.564669 
        2.15985         1.10611        0.560806 
        2.16599         1.10236        0.556969 
        2.17213         1.09584        0.553172 
        2.17827         1.08857        0.549411 
         2.1844         1.08483        0.545689 
        2.19054         1.07939           0.542 
        2.19666         1.07489         0.53835 
         2.2028          1.0684        0.534731 
        2.20893         1.06333        0.531144 
        2.21508         1.05817        0.527585 
        2.22122         1.05495        0.524058 
        2.22736         1.04542        0.520571 
        2.23349         1.04183        0.517116 
        2.23962         1.03819        0.513691 
        2.24577         1.03246        0.510294 
         2.2519         1.02714        0.506933 
        2.25802         1.02479        0.503607 
        2.26417           1.017        0.500302 
        2.27031         1.01332        0.497024 
        2.27644         1.00982        0.493785 
        2.28257         1.00197        0.490575 
        2.28872         1.00065        0.487387 
        2.29486        0.993837        0.484229 
        2.30099        0.989706        0.481105 
        2.30712        0.985866        0.478007 
        2.31326        0.981315        0.474932 
         2.3194        0.976552        0.471885 
        2.32553        0.970925         0.46887 
        2.33166        0.968477        0.465883 
         2.3378        0.962952        0.462918 
        2.34394         0.95858        0.459979 
        2.35007        0.951758        0.457068 
        2.35619        0.948238        0.454187 
        2.36233        0.943946        0.451324 
        2.36848        0.941892        0.448479 
        2.37462        0.937594        0.445665 
        2.38075        0.931539        0.442878 
        2.38689        0.928681        0.440113 
        2.39303        0.924133        0.437372 
        2.39916        0.919682        0.434657 
        2.40529        0.917957        0.431965 
        2.41143        0.910155        0.429295 
        2.41757        0.908366        0.426645 
         2.4237        0.903799        0.424023 
        2.42983        0.898834        0.421424 
        2.43598        0.896157        0.418839 
        2.44211        0.891203         0.41628 
        2.44823        0.888371        0.413749 
        2.45437         0.88497        0.411232 
        2.46052        0.881573        0.408733 
        2.46665         0.87713         0.40626 
        2.47279        0.872987        0.403808 
        2.47892        0.869121        0.401375 
        2.48507        0.866882         0.39896 
         2.4912        0.861489        0.396569 
        2.49733        0.858101        0.394199 
        2.50347        0.855975        0.391845 
        2.50961        0.850632        0.389509 
        2.51575        0.847025        0.387194 
        2.52188         0.84394        0.384901 
        2.52802        0.840459        0.382623 
        2.53416        0.836919        0.380364 
        2.54029        0.832492        0.378127 
        2.54641        0.830265        0.375908 
        2.55255        0.826932        0.373706 
        2.55869        0.823714        0.371517 
        2.56483        0.820912        0.369349 
        2.57096        0.815817        0.367201 
        2.57709        0.811571        0.365069 
        2.58323        0.810529        0.362952 
        2.58937        0.806386        0.360851 
        2.59551        0.802186        0.358769 
        2.60164        0.800248        0.356704 
        2.60778        0.797304        0.354653 
        2.61392        0.794196        0.352619 
        2.62006        0.790561        0.350602 
        2.62619        0.785696        0.348603 
        2.63232        0.784653        0.346619 
        2.63846         0.78068        0.344648 
        2.64459        0.778699        0.342695 
        2.65072        0.774227        0.340758 
        2.65686        0.771103        0.338835 
          2.663        0.769427        0.336923 
        2.66915        0.766326        0.335027 
        2.67527        0.762706         0.33315 
        2.68141        0.759123        0.331286 
        2.68755        0.756851        0.329435 
        2.69368        0.753708        0.327599 
        2.69981        0.751616        0.325781 
        2.70595        0.748037        0.323971 
        2.71209        0.746517        0.322175 
        2.71823        0.743576        0.320395 
        2.72436        0.740166         0.31863 
         2.7305        0.738215        0.316876 
        2.73663        0.733963        0.315137 
        2.74276        0.731435        0.313412 
         2.7489        0.728959        0.311698 
        2.75504        0.727148        0.309996 
        2.76118        0.724059        0.308306 
        2.76732        0.720983        0.306631 
        2.77345        0.717215        0.304969 
        2.77959        0.715594        0.303318 
        2.78572        0.712876        0.301681 
        2.79186        0.710766        0.300056 
        2.79798        0.708299        0.298445 
        2.80412        0.706228        0.296842 
        2.81027        0.703287         0.29525 
         2.8164        0.699353        0.293673 
        2.82253        0.697681        0.292107 
        2.82867         0.69603        0.290552 
        2.83481        0.693593        0.289008 
        2.84095        0.690724        0.287476 
        2.84708        0.688614        0.285956 
        2.85322        0.685522        0.284445 
        2.85935        0.683702        0.282946 
        2.86549        0.681601        0.281459 
        2.87162        0.679737        0.279982 
        2.87776        0.676513        0.278516 
        2.88389         0.67389         0.27706 
        2.89003        0.671823        0.275615 
        2.89617        0.670603         0.27418 
        2.90231        0.667528        0.272755 
        2.90844        0.664743         0.27134 
        2.91458        0.663447        0.269936 
        2.92071        0.661258        0.268543 
        2.92684        0.659411        0.267159 
        2.93298          0.6559        0.265785 
         2.9391        0.654503        0.264422 
        2.94524        0.652997        0.263068 
        2.95138        0.650295        0.261722 
        2.95752        0.647436        0.260384 
        2.96367        0.646025        0.259056 
         2.9698        0.643001        0.257739 
        2.97594         0.64169        0.256431 
        2.98207        0.640652        0.255132 
        2.98821        0.638379        0.253842 
        2.99434        0.636071        0.252562 
        3.00048        0.635041         0.25129 
        3.00662        0.631685        0.250026 
        3.01275         0.63011        0.248773 
        3.01888        0.628491        0.247528 
        3.02503        0.625807         0.24629 
        3.03117         0.62413        0.245061 
        3.03729        0.621828        0.243843 
        3.04342         0.62076        0.242632 
        3.04957        0.617832        0.241427 
         3.0557        0.616278        0.240232 
        3.06183        0.614242        0.239047 
        3.06796         0.61322        0.237869 
        3.07411        0.612024        0.236696 
        3.08025        0.609504        0.235533 
        3.08637        0.608139         0.23438 
         3.0925         0.60587        0.233233 
        3.09865        0.605142        0.232092 
         3.1048        0.602264        0.230959 
        3.11093        0.600908        0.229836 
        3.11706        0.598882         0.22872 
         3.1232        0.596894        0.227611 
        3.12933        0.596201        0.226509 
        3.13547         0.59416        0.225415 
        3.14159        0.594366        0.224329 
        3.14773        0.591917        0.223249 
        3.15388        0.589582        0.222175 
        3.16001        0.587872         0.22111 
        3.16614        0.586604        0.220052 
        3.17228        0.584999        0.219001 
        3.17842        0.583728        0.217956 
        3.18455        0.582318        0.216919 
        3.19068        0.580948        0.215889 
        3.19682        0.578932        0.214864 
        3.20297        0.578692        0.213846 
         3.2091        0.576302        0.212835 
        3.21524        0.575747         0.21183 
        3.22138        0.573418        0.210833 
         3.2275        0.572059        0.209843 
        3.23363        0.571588        0.208859 
        3.23977          0.5704        0.207881 
        3.24591        0.569287        0.206909 
        3.25205        0.566968        0.205942 
        3.25818        0.565416        0.204982 
        3.26432        0.564945        0.204029 
        3.27046        0.562696        0.203081 
         3.2766        0.562815         0.20214 
        3.28273        0.561577        0.201205 
        3.28887        0.559772        0.200276 
          3.295          0.5589        0.199353 
        3.30113        0.557162        0.198436 
        3.30727        0.556203        0.197524 
        3.31341        0.555521        0.196618 
        3.31954        0.553735        0.195719 
        3.32568        0.553226        0.194824 
        3.33182        0.552794        0.193935 
        3.33795        0.550455        0.193052 
        3.34409        0.550005        0.192174 
        3.35022        0.548322        0.191302 
        3.35636        0.548475        0.190435 
         3.3625        0.547186        0.189574 
        3.36864        0.546515        0.188717 
        3.37477        0.545021        0.187867 
        3.38091        0.543457        0.187022 
        3.38704         0.54311        0.186182 
        3.39318        0.542442        0.185347 
        3.39931        0.540892        0.184517 
        3.40545        0.540212        0.183693 
        3.41158        0.539498        0.182874 
        3.41772        0.538898        0.182059 
        3.42385        0.537875         0.18125 
        3.42998        0.537354        0.180446 
        3.43612        0.535967        0.179647 
        3.44226        0.535322        0.178852 
         3.4484        0.534849        0.178061 
        3.45453         0.53384        0.177277 
        3.46066        0.533542        0.176497 
        3.46681        0.533694         0.17572 
        3.47295        0.532335        0.174949 
        3.47908        0.531569        0.174184 
        3.48521        0.530595        0.173423 
        3.49135        0.529991        0.172665 
        3.49749        0.529703        0.171913 
        3.50362        0.529558        0.171165 
        3.50976        0.528945        0.170422 
        3.51589        0.529015        0.169683 
        3.52203        0.527288        0.168948 
        3.52816        0.526637        0.168219 
        3.53429        0.526549        0.167493 
        3.54043        0.525817        0.166771 
        3.54657         0.52576        0.166054 
        3.55271        0.525775        0.165341 
        3.55884        0.524826        0.164633 
        3.56498        0.523602        0.163928 
        3.57112        0.523895        0.163227 
        3.57725        0.523117        0.162531 
        3.58338        0.523702        0.161839 
        3.58952        0.522889        0.161151 
        3.59566        0.522926        0.160466 
         3.6018        0.522015        0.159786 
        3.60793        0.521911         0.15911 
        3.61407        0.521675        0.158439 
        3.62021        0.521429         0.15777 
        3.62634        0.521766        0.157106 
        3.63247        0.520937        0.156446 
        3.63861        0.521409        0.155789 
        3.64475        0.521247        0.155135 
        3.65089        0.520608        0.154486 
        3.65702         0.52071        0.153842 
        3.66316        0.520134          0.1532 
        3.66929        0.520642        0.152562 
        3.67543        0.520838        0.151928 
        3.68156        0.520014        0.151298 
        3.68769        0.520575        0.150671 
        3.69383        0.521616        0.150047 
        3.69997        0.520712        0.149427 
        3.70611        0.521733        0.148811 
        3.71224        0.520796        0.148198 
        3.71838        0.520585        0.147588 
        3.72451        0.520696        0.146982 
        3.73065        0.521115         0.14638 
        3.73678        0.521466        0.145781 
        3.74292        0.522249        0.145185 
        3.74906        0.521888        0.144593 
        3.75519        0.522434        0.144004 
        3.76133        0.522822        0.143418 
        3.76746        0.522716        0.142836 
         3.7736        0.522788        0.142257 
        3.77974        0.523071         0.14168 
        3.78588        0.523741        0.141107 
        3.79201        0.523844        0.140538 
        3.79814        0.524016        0.139972 
        3.80428        0.524601        0.139409 
        3.81042        0.524961        0.138848 
        3.81655        0.525451        0.138291 
        3.82268         0.52532        0.137738 
        3.82882        0.526569        0.137187 
        3.83496        0.527025        0.136639 
        3.84109        0.526421        0.136094 
        3.84723        0.527874        0.135552 
        3.85337        0.529075        0.135013 
        3.85951        0.529582        0.134476 
        3.86565        0.529916        0.133943 
        3.87178        0.530149        0.133414 
        3.87791        0.530447        0.132887 
        3.88405        0.532062        0.132362 
        3.89019         0.53184        0.131841 
        3.89632        0.533421        0.131322 
        3.90246         0.53399        0.130806 
         3.9086        0.534469        0.130293 
        3.91473        0.535332        0.129783 
        3.92086        0.536655        0.129277 
        3.92699        0.537245        0.128772 
        3.93313         0.53851        0.128269 
        3.93927        0.539596         0.12777 
         3.9454        0.539343        0.127274 
        3.95154          0.5402        0.126779 
        3.95768        0.541602        0.126288 
        3.96382        0.541569        0.125799 
        3.96995        0.542695        0.125313 
        3.97609        0.544481        0.124829 
        3.98222        0.545084        0.124348 
        3.98836        0.547278         0.12387 
         3.9945        0.547588        0.123394 
        4.00063        0.549313        0.122921 
        4.00677        0.549624        0.122449 
        4.01291        0.550951        0.121981 
        4.01904        0.552511        0.121515 
        4.02517        0.552892        0.121052 
        4.03131        0.554864        0.120591 
        4.03745        0.556014        0.120132 
        4.04358        0.556631        0.119676 
        4.04972        0.559087        0.119222 
        4.05585        0.559733        0.118771 
        4.06199        0.561671        0.118321 
        4.06812        0.562562        0.117875 
        4.07426         0.56465         0.11743 
         4.0804        0.564832        0.116988 
        4.08654         0.56724        0.116548 
        4.09267        0.568258         0.11611 
         4.0988        0.569984        0.115676 
        4.10494        0.572141        0.115243 
        4.11108        0.572141        0.114812 
        4.11721        0.574042        0.114383 
        4.12334        0.576236        0.113957 
        4.12948        0.578076        0.113533 
        4.13561        0.579369        0.113111 
        4.14176         0.58053         0.11269 
        4.14789         0.58326        0.112272 
        4.15403        0.584618        0.111857 
        4.16016        0.585946        0.111443 
         4.1663        0.587888        0.111032 
        4.17243        0.590716        0.110623 
        4.17857        0.591173        0.110216 
        4.18471        0.593565         0.10981 
        4.19084        0.595266        0.109407 
        4.19698        0.597582        0.109006 
        4.20312        0.599473        0.108607 
        4.20925        0.600115         0.10821 
        4.21538        0.602344        0.107816 
        4.22152        0.603704        0.107422 
        4.22766        0.606666        0.107031 
         4.2338        0.608826        0.106642 
        4.23993        0.611445        0.106255 
        4.24607        0.613136         0.10587 
         4.2522        0.615542        0.105486 
        4.25834        0.617515        0.105105 
        4.26447        0.618876        0.104726 
        4.27061          0.6218        0.104348 
        4.27674        0.623601        0.103973 
        4.28288        0.626966        0.103598 
        4.28902        0.628154        0.103226 
        4.29515        0.632034        0.102856 
        4.30129        0.632957        0.102488 
        4.30743        0.636484        0.102121 
        4.31356        0.637122        0.101757 
        4.31969        0.641182        0.101394 
        4.32583        0.643729        0.101033 
        4.33197        0.646188        0.100673 
         4.3381        0.649174        0.100316 
        4.34424        0.649974       0.0999599 
        4.35038        0.652426       0.0996054 
        4.35652        0.653903       0.0992529 
        4.36265        0.658982       0.0989025 
        4.36878         0.66133       0.0985536 
        4.37492        0.663159       0.0982061 
        4.38106        0.666372       0.0978602 
        4.38719        0.671158       0.0975166 
        4.39333        0.671636       0.0971746 
        4.39946        0.674351        0.096834 
         4.4056        0.676942        0.096495 
        4.41173        0.679861       0.0961577 
        4.41786        0.683428       0.0958224 
          4.424        0.684875       0.0954883 
        4.43014        0.688363       0.0951554 
        4.43628        0.691612       0.0948243 
        4.44241        0.694906       0.0944951 
        4.44855        0.699129       0.0941673 
        4.45469        0.700115       0.0938408 
        4.46083        0.702856       0.0935164 
        4.46696        0.707896       0.0931936 
        4.47309        0.709077       0.0928719 
        4.47923        0.712263       0.0925518 
        4.48537        0.715783       0.0922335 
         4.4915        0.718726       0.0919165 
        4.49764         0.72222       0.0916009 
        4.50378        0.725706       0.0912867 
        4.50991         0.72845       0.0909746 
        4.51604        0.731404       0.0906638 
        4.52218        0.736434       0.0903538 
        4.52832        0.739183       0.0900457 
        4.53445        0.741897       0.0897392 
        4.54059         0.74401        0.089434 
        4.54673        0.749415       0.0891301 
        4.55286        0.752684       0.0888276 
          4.559        0.755528       0.0885267 
        4.56513        0.756699       0.0882273 
        4.57127        0.761711       0.0879291 
        4.57741        0.766358       0.0876321 
        4.58354        0.769429       0.0873368 
        4.58968        0.772453       0.0870428 
        4.59582        0.775282       0.0867499 
        4.60195          0.7802       0.0864587 
        4.60809        0.782617       0.0861688 
        4.61422        0.787694       0.0858802 
        4.62036        0.791341       0.0855929 
        4.62649        0.794462       0.0853069 
        4.63263        0.797848       0.0850223 
        4.63876        0.799645       0.0847389 
         4.6449        0.806268       0.0844567 
        4.65104        0.808648       0.0841759 
        4.65717         0.81175       0.0838966 
        4.66331        0.815211       0.0836184 
        4.66944        0.819927       0.0833414 
        4.67558         0.82288       0.0830659 
        4.68171        0.828302       0.0827914 
        4.68785         0.82993        0.082518 
        4.69399        0.836047       0.0822461 
        4.70012        0.840546       0.0819757 
        4.70625        0.843367       0.0817063 
        4.71239        0.846085       0.0814378 
        4.71853         0.85129       0.0811708 
        4.72467        0.854606       0.0809048 
         4.7308        0.859474       0.0806402 
        4.73694        0.862186       0.0803768 
        4.74308         0.86705       0.0801145 
        4.74922        0.870132       0.0798532 
        4.75535        0.876083       0.0795935 
        4.76148        0.880316       0.0793349 
        4.76762        0.884342       0.0790771 
        4.77376         0.88789       0.0788206 
        4.77989        0.892547       0.0785655 
        4.78602        0.895948       0.0783114 
        4.79216        0.901256       0.0780582 
         4.7983        0.903568       0.0778063 
        4.80443        0.908208       0.0775558 
        4.81056        0.910445       0.0773062 
         4.8167        0.914775       0.0770575 
        4.82284        0.919065       0.0768098 
        4.82898        0.925319       0.0765635 
        4.83511        0.928609       0.0763184 
        4.84125        0.934378        0.076074 
        4.84739        0.937929       0.0758309 
        4.85352        0.940859        0.075589 
        4.85965        0.944859        0.075348 
        4.86579        0.950862       0.0751081 
        4.87193        0.954445       0.0748691 
        4.87807        0.957883       0.0746312 
         4.8842        0.963393       0.0743945 
        4.89034        0.967493       0.0741587 
        4.89647        0.971197       0.0739239 
        4.90261        0.976428       0.0736902 
        4.90874        0.980894       0.0734577 
        4.91488        0.986553        0.073226 
        4.92102        0.989087       0.0729952 
        4.92715        0.990642       0.0727655 
        4.93329        0.996857       0.0725369 
        4.93942         1.00166       0.0723091 
        4.94556         1.00472       0.0720823 
         4.9517         1.01087       0.0718566 
        4.95783         1.01682       0.0716318 
        4.96397         1.01947        0.071408 
        4.97011         1.02314       0.0711851 
        4.97624         1.03087       0.0709632 
        4.98238         1.03306       0.0707424 
        4.98851         1.03829       0.0705225 
        4.99465         1.04151       0.0703034 
        5.00078           1.047       0.0700853 
        5.00691         1.05097       0.0698683 
        5.01305         1.05489       0.0696521 
        5.01919         1.05933       0.0694365 
        5.02533         1.06256        0.069222 
        5.03146         1.06882       0.0690087 
         5.0376         1.07386       0.0687961 
        5.04374         1.07669       0.0685843 
        5.04987         1.08265       0.0683734 
        5.05601         1.08389       0.0681636 
        5.06215         1.09053       0.0679545 
        5.06829         1.09515       0.0677462 
        5.07442         1.10209       0.0675391 
        5.08055         1.10379       0.0673329 
        5.08668         1.10587       0.0671273 
        5.09282         1.10841       0.0669225 
        5.09896         1.11797       0.0667188 
        5.10509         1.11905        0.066516 
        5.11123          1.1244       0.0663139 
        5.11736         1.12931       0.0661126 
         5.1235         1.13174       0.0659121 
        5.12964         1.13838       0.0657126 
        5.13577         1.14139       0.0655137 
        5.14191         1.14515       0.0653158 
        5.14804         1.15129       0.0651189 
        5.15418         1.15583       0.0649226 
        5.16032         1.15838       0.0647271 
        5.16645         1.16334       0.0645324 
        5.17259         1.16853       0.0643386 
        5.17872         1.17232       0.0641456 
        5.18486         1.17693       0.0639532 
          5.191         1.18097       0.0637617 
        5.19713         1.18779       0.0635711 
        5.20327         1.18943       0.0633813 
        5.20941         1.19488        0.063192 
        5.21555         1.19987       0.0630035 
        5.22168         1.20303       0.0628161 
        5.22781         1.20607       0.0626294 
        5.23395         1.21256       0.0624434 
        5.24009         1.21458        0.062258 
        5.24622          1.2199       0.0620735 
        5.25236         1.22166       0.0618899 
         5.2585          1.2274       0.0617067 
        5.26463          1.2331       0.0615244 
        5.27077         1.23491       0.0613429 
         5.2769         1.24039       0.0611622 
        5.28304          1.2426       0.0609822 
        5.28917            1.25       0.0608029 
         5.2953         1.24921       0.0606245 
        5.30144         1.25301       0.0604466 
        5.30757         1.26117       0.0602694 
        5.31371         1.26432       0.0600929 
        5.31985         1.26837       0.0599171 
        5.32599          1.2713        0.059742 
        5.33213         1.27401       0.0595676 
        5.33826         1.27971        0.059394 
         5.3444         1.28237       0.0592211 
        5.35053         1.28633       0.0590488 
        5.35667         1.29131       0.0588773 
        5.36281         1.29426       0.0587063 
        5.36894         1.29868       0.0585362 
        5.37507          1.3035       0.0583668 
        5.38121         1.30604       0.0581979 
        5.38735         1.30809       0.0580296 
        5.39348          1.3143       0.0578623 
        5.39961         1.31818       0.0576955 
        5.40575         1.32054       0.0575293 
        5.41189         1.32611       0.0573637 
        5.41803         1.32834       0.0571988 
        5.42416         1.33455       0.0570347 
         5.4303           1.338       0.0568711 
        5.43644         1.34068       0.0567081 
        5.44257         1.34186       0.0565459 
        5.44871         1.35027       0.0563843 
        5.45484         1.35171       0.0562233 
        5.46098         1.35182       0.0560629 
        5.46712         1.36016       0.0559031 
        5.47325         1.36111        0.055744 
        5.47938         1.36434       0.0555857 
        5.48552         1.36741       0.0554279 
        5.49165          1.3717       0.0552706 
        5.49779         1.37357        0.055114 
        5.50393         1.38045       0.0549579 
        5.51006         1.38134       0.0548024 
         5.5162         1.38712       0.0546476 
        5.52234         1.38788       0.0544934 
        5.52847         1.39028       0.0543398 
        5.53461         1.39563       0.0541867 
        5.54075         1.40104       0.0540343 
        5.54688         1.40379       0.0538825 
        5.55302         1.40499       0.0537312 
        5.55915         1.41088       0.0535806 
        5.56529         1.41093       0.0534305 
        5.57143         1.41753        0.053281 
        5.57756         1.41858        0.053132 
         5.5837           1.422       0.0529837 
        5.58983         1.42348        0.052836 
        5.59597         1.42393       0.0526888 
         5.6021         1.43044       0.0525421 
        5.60824         1.43599       0.0523959 
        5.61438         1.43766       0.0522504 
        5.62051         1.44142       0.0521055 
        5.62665         1.44577        0.051961 
        5.63278         1.44575       0.0518172 
        5.63892         1.45186       0.0516738 
        5.64505         1.45137       0.0515311 
        5.65119         1.45557       0.0513889 
        5.65733         1.45904       0.0512472 
        5.66346         1.46365        0.051106 
         5.6696         1.46394       0.0509654 
        5.67573         1.46757       0.0508253 
        5.68187         1.46822       0.0506857 
          5.688         1.47443       0.0505467 
        5.69414         1.47762       0.0504082 
        5.70028          1.4804       0.0502701 
        5.70642         1.48308       0.0501326 
        5.71255         1.48275       0.0499956 
        5.71869         1.48873       0.0498593 
        5.72482         1.49449       0.0497234 
        5.73096         1.49315       0.0495879 
        5.73709         1.49649       0.0494531 
        5.74322         1.49963       0.0493188 
        5.74936         1.50344       0.0491848 
         5.7555         1.50611       0.0490513 
        5.76164         1.50833       0.0489184 
        5.76777          1.5072        0.048786 
        5.77391          1.5133       0.0486541 
        5.78005         1.51479       0.0485225 
        5.78618         1.51827       0.0483917 
        5.79231         1.52056       0.0482614 
        5.79845         1.52256       0.0481313 
        5.80459         1.52901       0.0480017 
        5.81073         1.53114       0.0478727 
        5.81686         1.53328       0.0477442 
          5.823         1.53372       0.0476161 
        5.82914         1.53693       0.0474885 
        5.83527         1.54201       0.0473615 
         5.8414         1.54451       0.0472349 
        5.84754         1.54536       0.0471086 
        5.85368         1.54595       0.0469828 
        5.85981         1.55137       0.0468576 
        5.86595         1.55335       0.0467328 
        5.87208         1.55398       0.0466085 
        5.87822         1.55847       0.0464846 
        5.88435         1.56222       0.0463613 
        5.89049          1.5651       0.0462382 
        5.89662         1.56697       0.0461157 
        5.90276         1.56948       0.0459935 
         5.9089         1.57214       0.0458718 
        5.91503          1.5737       0.0457507 
        5.92117         1.57745       0.0456299 
        5.92731         1.57917       0.0455095 
        5.93344         1.58154       0.0453896 
        5.93958         1.58275       0.0452702 
        5.94572         1.58641       0.0451511 
        5.95186         1.58917       0.0450325 
        5.95799         1.59353       0.0449144 
        5.96412         1.59305       0.0447967 
        5.97026         1.59738       0.0446793 
         5.9764         1.60253       0.0445624 
        5.98253         1.60198       0.0444461 
        5.98866         1.60574         0.04433 
         5.9948            1.61       0.0442143 
        6.00094            1.61       0.0440991 
        6.00707         1.61291       0.0439842 
        6.01321         1.61872       0.0438698 
        6.01935         1.61504       0.0437558 
        6.02548          1.6186       0.0436422 
        6.03162          1.6228       0.0435291 
        6.03775         1.62677       0.0434163 
        6.04389         1.62976        0.043304 
        6.05003         1.63363       0.0431919 
        6.05617         1.63428       0.0430802 
         6.0623         1.63569        0.042969 
        6.06844         1.64128       0.0428582 
        6.07457          1.6402       0.0427479 
         6.0807         1.64522       0.0426379 
        6.08684         1.64885       0.0425283 
        6.09298         1.65107        0.042419 
        6.09912         1.65222       0.0423101 
        6.10525          1.6558       0.0422017 
        6.11138         1.65764       0.0420936 
        6.11752          1.6633       0.0419859 
        6.12366         1.66502       0.0418785 
        6.12979         1.66987       0.0417716 
        6.13593         1.66853        0.041665 
        6.14207         1.67442       0.0415588 
         6.1482         1.67612       0.0414529 
        6.15434         1.68078       0.0413475 
        6.16047         1.68156       0.0412424 
        6.16661          1.6838       0.0411377 
        6.17274         1.68978       0.0410333 
        6.17887         1.69179       0.0409293 
        6.18501         1.69369       0.0408257 
        6.19115          1.6969       0.0407224 
        6.19729         1.70048       0.0406194 
        6.20342         1.70412       0.0405168 
        6.20956          1.7074       0.0404146 
         6.2157         1.70931       0.0403127 
        6.22183         1.71125       0.0402112 
        6.22797          1.7155       0.0401101 
         6.2341         1.71982       0.0400093 
        6.24024          1.7214       0.0399088 
        6.24638         1.72854       0.0398086 
        6.25251         1.72741       0.0397089 
        6.25865         1.73259       0.0396095 
        6.26478         1.73756       0.0395104 
        6.27092         1.73905       0.0394117 
        6.27705         1.74363       0.0393133 
        6.28318         1.73281       0.0392153 
