# k  (h/Mpc)    Pcb(k)  (Mpc/h)^3    Pcb_linear(k)  (Mpc/h)^3
     0.00783031         5208.92         5267.24 
       0.013688          6877.5         6850.54 
       0.019231         7297.31         7294.78 
      0.0249154         7019.52          7114.7 
      0.0312784         6491.96         6538.75 
      0.0375637          5862.9         5871.44 
      0.0433917         5241.79         5312.36 
      0.0492413         4826.85         4859.89 
      0.0555754         4389.07         4484.88 
      0.0619321         4181.23         4185.23 
       0.067871         3851.35         3929.28 
      0.0738098         3587.49         3665.61 
      0.0800417         3268.85         3369.63 
      0.0862327          2998.1         3065.91 
      0.0921407         2748.52         2787.15 
      0.0982031         2485.94         2532.63 
       0.104506         2318.99         2315.08 
       0.110769         2149.05         2147.83 
       0.116806         2009.23         2024.17 
       0.122832         1921.45         1923.66 
       0.129052         1800.24         1828.87 
       0.135211         1708.44          1732.5 
       0.141259         1628.22         1630.69 
       0.147318         1534.14         1523.22 
       0.153489         1415.31         1414.21 
       0.159709         1332.17         1312.24 
       0.165845         1271.22         1224.97 
       0.171974         1190.95         1153.19 
       0.178125         1134.44         1095.26 
       0.184229         1092.31         1047.93 
        0.19034         1025.97         1005.89 
       0.196428         1006.46         965.024 
       0.202534         974.368         922.356 
       0.208729         926.112         876.711 
       0.214876         875.854          830.28 
       0.220989         849.449         785.186 
       0.227147         800.074         743.108 
        0.23329         767.866         705.972 
       0.239377         749.813         674.355 
       0.245482         703.084         647.206 
       0.251667         695.445         623.017 
       0.257832         672.141         600.659 
       0.263955         649.898         578.903 
       0.270079         628.621         556.829 
        0.27624         619.429         534.227 
       0.282372         593.291          511.76 
        0.28843         576.086         490.252 
       0.294538         550.875         469.924 
       0.300721         546.337         451.151 
        0.30691         521.685         434.284 
       0.313033          510.57         419.248 
       0.319153         493.146         405.458 
       0.325316         480.263          392.32 
        0.33145         466.428         379.614 
       0.337538         460.839         367.123 
       0.343633         446.114         354.725 
       0.349808         432.749         342.377 
       0.355968         427.047         330.478 
       0.362074          416.96         319.284 
       0.368217         406.261          308.74 
       0.374374         392.713          298.93 
       0.380519         386.709         289.805 
       0.386598         377.895         281.316 
       0.392688         374.277         273.201 
        0.39888         364.241         265.212 
       0.405048         357.168         257.454 
       0.411186         349.704         249.899 
       0.417313         343.354         242.551 
       0.423458         337.155         235.431 
       0.429607         329.472           228.6 
       0.435692         320.832         222.164 
       0.441815         318.934         216.022 
       0.447964         313.472         210.161 
       0.454126          301.32         204.557 
       0.460267         298.286         199.199 
       0.466387         294.683         194.038 
        0.47254         288.895         188.998 
       0.478662          286.76         184.124 
       0.484765         279.427         179.408 
       0.490885         275.552         174.827 
       0.497035         271.817         170.383 
       0.503198         265.152         166.104 
       0.509342         262.372         162.009 
       0.515458         259.055         158.092 
       0.521598         255.816         154.305 
       0.527764         251.598         150.636 
       0.533884         248.002         147.113 
           0.54          244.74           143.7 
       0.546137          243.45         140.371 
       0.552299         239.197         137.125 
       0.558452         235.423         133.984 
       0.564573         231.431         130.958 
       0.570708         228.195         128.023 
       0.576825         225.379         125.192 
       0.582926         222.546          122.46 
       0.589034         219.066         119.812 
       0.595184         217.286          117.23 
       0.601379         215.403         114.709 
       0.607522         210.638          112.28 
       0.613639         210.225         109.929 
       0.619772         205.458         107.637 
       0.625918         203.842         105.405 
       0.632068         201.615         103.236 
       0.638161         200.234         101.149 
         0.6443         197.202         99.1067 
       0.650464          195.26         97.1152 
       0.656582         193.591          95.194 
       0.662703         190.543         93.3253 
       0.668861         188.528          91.497 
       0.675024         186.479         89.7168 
       0.681124         185.306         88.0025 
       0.687237          182.14         86.3298 
       0.693381         180.023         84.6929 
       0.699536         178.608         83.0956 
       0.705665         179.083         81.5466 
       0.711789         174.798         80.0388 
       0.717957         174.162         78.5593 
        0.72409         171.875         77.1259 
       0.730186         169.159         75.7377 
       0.736317         168.731         74.3767 
       0.742472         167.408         73.0448 
       0.748622         166.277         71.7471 
        0.75476         164.657         70.4841 
       0.760888          162.53         69.2538 
       0.767043         161.201         68.0481 
       0.773185         159.668         66.8738 
       0.779291         157.905          65.734 
       0.785407          156.99         64.6194 
       0.791564         155.331         63.5239 
       0.797719         153.525         62.4545 
       0.803834         152.943         61.4168 
       0.809972         150.742         60.3993 
       0.816124         150.483         59.4028 
       0.822261         148.868         58.4317 
       0.828378         147.519         57.4856 
       0.834502         146.785         56.5598 
       0.840667         145.127         55.6486 
       0.846816         144.045         54.7603 
       0.852925         142.515         53.8971 
       0.859047          141.14         53.0509 
       0.865192          140.78         52.2203 
       0.871341         139.306          51.407 
       0.877463         137.972          50.615 
       0.883569         136.964         49.8418 
       0.889708         136.265         49.0809 
       0.895864         135.024         48.3341 
       0.902008         134.151         47.6045 
       0.908149         133.336         46.8906 
       0.914301         131.826         46.1903 
       0.920448         131.146         45.5051 
       0.926574         130.369         44.8363 
       0.932687         129.523         44.1825 
       0.938823         127.899         43.5395 
       0.944975         127.345         42.9079 
       0.951105         126.325         42.2912 
       0.957225         124.796         41.6879 
       0.963368         124.378         41.0943 
       0.969511         123.733         40.5124 
       0.975621         123.205         39.9449 
       0.981748         122.117          39.387 
       0.987916         121.109         38.8363 
        0.99406         120.629         38.2983 
        1.00019          119.22         37.7716 
        1.00632         118.823         37.2554 
        1.01246         117.712         36.7481 
        1.01859         116.404         36.2512 
        1.02471         116.976         35.7641 
        1.03085         115.708         35.2844 
        1.03698         114.568         34.8145 
        1.04314         113.633         34.3513 
        1.04929         113.211         33.8976 
        1.05541         112.422         33.4541 
        1.06154         111.824         33.0174 
        1.06769         111.147         32.5879 
        1.07382         110.722         32.1675 
        1.07993         110.101         31.7556 
        1.08607         109.111         31.3492 
        1.09222         108.559         30.9495 
        1.09836         107.772         30.5574 
        1.10449         107.149         30.1725 
        1.11063         106.424         29.7939 
        1.11677         105.832          29.422 
         1.1229         105.151         29.0571 
        1.12903         104.034         28.6982 
        1.13518         104.239          28.345 
        1.14131         103.504          27.998 
        1.14745         102.319         27.6571 
        1.15359         102.013         27.3218 
        1.15973         101.498          26.992 
        1.16584         100.774         26.6691 
        1.17197         100.172         26.3511 
        1.17811         99.6542         26.0374 
        1.18424         98.7226         25.7297 
        1.19038         98.4121         25.4261 
        1.19652         97.9648         25.1276 
        1.20267         97.1937         24.8338 
        1.20881         96.6623         24.5449 
        1.21495         95.9897         24.2611 
        1.22108         95.4382         23.9818 
         1.2272         94.8996         23.7076 
        1.23334         94.4346         23.4371 
        1.23949         93.8921         23.1701 
        1.24562         93.6391         22.9082 
        1.25174         92.9773         22.6506 
        1.25789         92.4615         22.3963 
        1.26402         91.9203         22.1464 
        1.27014         91.1017         21.9009 
        1.27628         90.9479         21.6583 
        1.28244         90.0994         21.4191 
        1.28858         89.7337         21.1837 
        1.29471         89.4142         20.9525 
        1.30084         88.8069         20.7249 
        1.30697         88.1168         20.5004 
        1.31312         87.7427         20.2789 
        1.31925         87.5779         20.0614 
        1.32537         86.9914         19.8473 
        1.33151         86.3613         19.6356 
        1.33765         85.9815         19.4272 
        1.34378         85.4564         19.2221 
        1.34992          84.885           19.02 
        1.35606         84.4953         18.8203 
         1.3622         83.8214         18.6238 
        1.36833         83.7371         18.4306 
        1.37445         83.1788         18.2403 
        1.38059         82.6314         18.0521 
        1.38675         82.2882         17.8662 
        1.39288         81.6988         17.6835 
        1.39901          81.547         17.5036 
        1.40515         81.1323         17.3258 
         1.4113          80.574         17.1505 
        1.41742          80.139         16.9783 
        1.42355         79.7862         16.8082 
         1.4297         79.3184         16.6399 
        1.43585         78.9063          16.474 
        1.44198         78.6352          16.311 
        1.44809         78.0166         16.1505 
        1.45423         77.8481         15.9916 
        1.46036         77.3453         15.8351 
        1.46649         76.9424         15.6807 
        1.47263         76.6141         15.5282 
        1.47877         76.3302         15.3778 
        1.48491          75.839         15.2292 
        1.49104         75.3998         15.0829 
        1.49718         74.9673         14.9384 
        1.50333         74.6685         14.7955 
        1.50947         74.1472         14.6548 
         1.5156         73.9111         14.5162 
        1.52172         73.6029         14.3794 
        1.52787          73.287         14.2441 
          1.534         72.9837         14.1107 
        1.54013          72.478         13.9791 
        1.54627         72.2715          13.849 
        1.55241         71.7507         13.7205 
        1.55855         71.2695         13.5939 
        1.56467         70.8443         13.4692 
         1.5708          70.748         13.3457 
        1.57695         70.3605         13.2236 
        1.58308         70.1477         13.1033 
        1.58922         69.8026         12.9844 
        1.59535         69.4676         12.8671 
         1.6015         68.9804          12.751 
        1.60764         68.8924         12.6364 
        1.61376         68.4529         12.5236 
        1.61989         67.8886         12.4121 
        1.62604         67.7253         12.3016 
        1.63218         67.4761         12.1926 
        1.63831         67.0905         12.0852 
        1.64444          66.914          11.979 
        1.65059         66.2509         11.8739 
        1.65673         66.1103         11.7701 
        1.66285         65.8662         11.6679 
        1.66898         65.4137         11.5668 
        1.67512         65.0719         11.4668 
        1.68127         64.7283         11.3678 
         1.6874         64.5802         11.2703 
        1.69353         64.1725         11.1739 
        1.69967         63.9426         11.0785 
        1.70581         63.7638         10.9842 
        1.71193         63.3171         10.8914 
        1.71806         62.8859         10.7994 
        1.72421         62.7185         10.7084 
        1.73035         62.3555         10.6185 
        1.73649         62.0423         10.5296 
        1.74262         61.8163         10.4419 
        1.74876         61.7132          10.355 
        1.75489         61.1634         10.2694 
        1.76101         61.0232         10.1848 
        1.76715          60.631         10.1009 
        1.77329         60.3694          10.018 
        1.77943         60.2085         9.93592 
        1.78557          59.964         9.85491 
        1.79171         59.5211         9.77478 
        1.79785         59.2832         9.69553 
        1.80399         58.9519         9.61718 
        1.81012         58.8064          9.5398 
        1.81625         58.3242         9.46332 
        1.82239         58.1622         9.38755 
        1.82853         57.7607         9.31266 
        1.83466         57.6043         9.23866 
        1.84078         57.1569         9.16554 
        1.84692         57.0157          9.0931 
        1.85306         56.7394         9.02136 
         1.8592          56.492          8.9505 
        1.86533         56.1484         8.88045 
        1.87147         55.9819         8.81107 
        1.87761         55.8066          8.7424 
        1.88375         55.5649         8.67455 
        1.88988         55.4361         8.60749 
        1.89601         54.9847         8.54111 
        1.90215         54.7811         8.47538 
        1.90829         54.5848         8.41037 
        1.91442         54.2715         8.34604 
        1.92056         54.0825         8.28245 
         1.9267         53.6806         8.21945 
        1.93284          53.405         8.15707 
        1.93897         53.2776         8.09546 
        1.94509         53.0228         8.03462 
        1.95123         52.8112         7.97426 
        1.95737         52.5555         7.91447 
        1.96349         52.2519         7.85545 
        1.96964         51.9576         7.79686 
        1.97578         51.8169         7.73885 
        1.98192         51.5847         7.68154 
        1.98805         51.4315         7.62481 
        1.99419         51.0306         7.56865 
        2.00033         50.7829         7.51303 
        2.00647         50.6532         7.45799 
         2.0126         50.3999         7.40359 
        2.01874         50.1973         7.34966 
        2.02488         50.0042         7.29621 
        2.03101         49.7126          7.2434 
        2.03714         49.4289         7.19116 
        2.04328         49.2052         7.13938 
        2.04941         48.9812         7.08815 
        2.05554         48.7357         7.03747 
        2.06167         48.5808         6.98721 
        2.06781         48.3361         6.93744 
        2.07396         48.0654         6.88808 
        2.08009         47.9401         6.83929 
        2.08622         47.6288         6.79103 
        2.09237         47.4732         6.74314 
        2.09851         47.1569          6.6957 
        2.10464         47.0211          6.6488 
        2.11077         46.8136         6.60241 
        2.11691         46.6362         6.55636 
        2.12305         46.3418         6.51075 
        2.12918         46.2038         6.46568 
        2.13531         46.0224         6.42104 
        2.14145         45.8009         6.37671 
         2.1476         45.5739         6.33275 
        2.15372         45.3517         6.28943 
        2.15985         45.2362         6.24648 
        2.16599         45.0275          6.2038 
        2.17213         44.9734         6.16156 
        2.17827         44.4815         6.11974 
         2.1844         44.3437         6.07833 
        2.19054         44.1725          6.0373 
        2.19666         43.9735         5.99671 
         2.2028         43.8459         5.95645 
        2.20893         43.6298         5.91655 
        2.21508         43.4399         5.87696 
        2.22122         43.1984         5.83773 
        2.22736         42.9735         5.79894 
        2.23349         42.8407         5.76051 
        2.23962         42.6175         5.72241 
        2.24577         42.3796         5.68462 
         2.2519         42.1858         5.64722 
        2.25802         42.1537         5.61022 
        2.26417          41.866         5.57346 
        2.27031         41.6921         5.53698 
        2.27644         41.4764         5.50094 
        2.28257         41.3506         5.46523 
        2.28872         41.1162         5.42976 
        2.29486         40.9361         5.39462 
        2.30099         40.8297         5.35985 
        2.30712          40.601         5.32539 
        2.31326         40.4544         5.29116 
         2.3194         40.2785         5.25726 
        2.32553         40.0854         5.22371 
        2.33166         39.8877         5.19047 
         2.3378          39.761         5.15748 
        2.34394          39.523         5.12476 
        2.35007         39.3665         5.09237 
        2.35619         39.2832         5.06031 
        2.36233         39.0314         5.02844 
        2.36848         38.8331         4.99678 
        2.37462         38.7205         4.96546 
        2.38075         38.4575         4.93445 
        2.38689         38.3291         4.90367 
        2.39303         38.2029         4.87316 
        2.39916         38.0006         4.84294 
        2.40529         37.8236         4.81298 
        2.41143         37.6928         4.78325 
        2.41757          37.489         4.75376 
         2.4237         37.3775         4.72458 
        2.42983         37.2127         4.69564 
        2.43598         37.0289         4.66687 
        2.44211         36.9469         4.63839 
        2.44823         36.7265         4.61021 
        2.45437         36.5741         4.58218 
        2.46052         36.3969         4.55437 
        2.46665         36.2539         4.52684 
        2.47279         36.0943         4.49954 
        2.47892          35.893         4.47245 
        2.48507         35.7441         4.44556 
         2.4912         35.5956         4.41895 
        2.49733         35.4013         4.39256 
        2.50347         35.3404         4.36635 
        2.50961         35.1154         4.34034 
        2.51575          35.038         4.31457 
        2.52188         34.8762         4.28903 
        2.52802         34.7452         4.26368 
        2.53416         34.6304         4.23852 
        2.54029          34.358         4.21361 
        2.54641         34.2695         4.18891 
        2.55255         34.2168         4.16438 
        2.55869         33.9529         4.14001 
        2.56483         33.8543         4.11586 
        2.57096         33.7215         4.09194 
        2.57709         33.5037         4.06821 
        2.58323         33.3064         4.04463 
        2.58937         33.2163         4.02123 
        2.59551         33.1009         3.99805 
        2.60164         32.9641         3.97506 
        2.60778         32.7912         3.95222 
        2.61392         32.7021         3.92957 
        2.62006         32.5139          3.9071 
        2.62619         32.4173         3.88484 
        2.63232         32.2697         3.86274 
        2.63846         32.0925         3.84079 
        2.64459         31.9956         3.81905 
        2.65072          31.867         3.79747 
        2.65686         31.7574         3.77605 
          2.663         31.5504         3.75476 
        2.66915         31.4412         3.73364 
        2.67527         31.3401         3.71273 
        2.68141         31.2021         3.69197 
        2.68755         31.0634         3.67135 
        2.69368         30.9208         3.65091 
        2.69981         30.8217         3.63065 
        2.70595         30.6279         3.61049 
        2.71209         30.4757         3.59049 
        2.71823         30.3921         3.57067 
        2.72436         30.3195           3.551 
         2.7305         30.1279         3.53147 
        2.73663          30.048         3.51209 
        2.74276         29.8591         3.49287 
         2.7489         29.7824         3.47378 
        2.75504         29.5732         3.45482 
        2.76118         29.4934         3.43599 
        2.76732         29.3716         3.41733 
        2.77345         29.2419         3.39882 
        2.77959         29.1691         3.38043 
        2.78572         29.0126         3.36219 
        2.79186         28.9282         3.34409 
        2.79798         28.7739         3.32614 
        2.80412         28.6834         3.30829 
        2.81027         28.5176         3.29055 
         2.8164          28.403         3.27298 
        2.82253         28.3354         3.25554 
        2.82867         28.1735         3.23821 
        2.83481         28.0425         3.22101 
        2.84095         27.9231         3.20393 
        2.84708          27.872           3.187 
        2.85322         27.7083         3.17017 
        2.85935         27.6143         3.15347 
        2.86549         27.5155         3.13689 
        2.87162         27.3787         3.12044 
        2.87776         27.2729         3.10411 
        2.88389         27.1112         3.08788 
        2.89003         27.0144         3.07178 
        2.89617         26.9131         3.05579 
        2.90231         26.8186         3.03991 
        2.90844         26.6702         3.02415 
        2.91458         26.6011          3.0085 
        2.92071         26.4656         2.99298 
        2.92684         26.3262         2.97756 
        2.93298         26.2277         2.96225 
         2.9391          26.164         2.94706 
        2.94524         26.0207         2.93197 
        2.95138         25.9193         2.91697 
        2.95752         25.8446         2.90206 
        2.96367         25.7324         2.88726 
         2.9698         25.6487         2.87259 
        2.97594         25.4952         2.85801 
        2.98207         25.3735         2.84353 
        2.98821         25.3001         2.82916 
        2.99434         25.1849          2.8149 
        3.00048         25.1189         2.80072 
        3.00662         25.0046         2.78664 
        3.01275         24.8655         2.77267 
        3.01888         24.8111          2.7588 
        3.02503         24.6667           2.745 
        3.03117         24.5845          2.7313 
        3.03729         24.4609         2.71773 
        3.04342         24.3541         2.70424 
        3.04957         24.3114          2.6908 
         3.0557         24.2039         2.67748 
        3.06183         24.0967         2.66428 
        3.06796         23.9641         2.65115 
        3.07411         23.8677         2.63808 
        3.08025         23.8271         2.62512 
        3.08637         23.6997         2.61227 
         3.0925         23.5639         2.59949 
        3.09865         23.4798         2.58677 
         3.1048         23.3893         2.57414 
        3.11093         23.3027         2.56161 
        3.11706         23.2165         2.54918 
         3.1232         23.1052         2.53681 
        3.12933         23.0038         2.52453 
        3.13547         22.9482         2.51234 
        3.14159         22.8149         2.50024 
        3.14773         22.7444          2.4882 
        3.15388         22.6707         2.47623 
        3.16001         22.5534         2.46436 
        3.16614         22.4594         2.45257 
        3.17228          22.383         2.44085 
        3.17842         22.2999          2.4292 
        3.18455         22.1866         2.41764 
        3.19068           22.13         2.40616 
        3.19682         22.0237         2.39474 
        3.20297         21.9321         2.38338 
         3.2091         21.8445         2.37212 
        3.21524         21.7505         2.36092 
        3.22138          21.661          2.3498 
         3.2275         21.5878         2.33877 
        3.23363         21.4886          2.3278 
        3.23977         21.3996         2.31689 
        3.24591          21.328         2.30606 
        3.25205          21.273         2.29528 
        3.25818         21.1415         2.28458 
        3.26432         21.0597         2.27396 
        3.27046         20.9862          2.2634 
         3.2766         20.9218          2.2529 
        3.28273         20.8339         2.24248 
        3.28887         20.7479         2.23212 
          3.295          20.661         2.22183 
        3.30113         20.5633          2.2116 
        3.30727         20.4647         2.20144 
        3.31341         20.4351         2.19135 
        3.31954         20.3157         2.18132 
        3.32568         20.2336         2.17134 
        3.33182         20.1732         2.16143 
        3.33795         20.0879         2.15159 
        3.34409         20.0138          2.1418 
        3.35022         19.9177         2.13207 
        3.35636         19.8465         2.12242 
         3.3625         19.7613         2.11281 
        3.36864         19.6991         2.10326 
        3.37477         19.6246         2.09378 
        3.38091         19.5267         2.08436 
        3.38704         19.4572           2.075 
        3.39318         19.3895         2.06569 
        3.39931         19.3055         2.05644 
        3.40545         19.2244         2.04725 
        3.41158         19.1573         2.03811 
        3.41772         19.0843         2.02903 
        3.42385         19.0048         2.02001 
        3.42998         18.9275         2.01105 
        3.43612          18.855         2.00214 
        3.44226         18.7681         1.99328 
         3.4484         18.7191         1.98446 
        3.45453         18.6177         1.97571 
        3.46066         18.5682         1.96702 
        3.46681         18.4843         1.95836 
        3.47295         18.3973         1.94976 
        3.47908         18.3484         1.94123 
        3.48521         18.2773         1.93274 
        3.49135         18.2055          1.9243 
        3.49749         18.1182         1.91591 
        3.50362         18.0735         1.90757 
        3.50976         18.0011         1.89928 
        3.51589         17.9328         1.89104 
        3.52203         17.8394         1.88285 
        3.52816         17.7866         1.87472 
        3.53429          17.698         1.86663 
        3.54043         17.6663         1.85858 
        3.54657         17.5802         1.85058 
        3.55271         17.5148         1.84263 
        3.55884         17.4463         1.83474 
        3.56498         17.3567         1.82688 
        3.57112         17.2927         1.81906 
        3.57725         17.2353          1.8113 
        3.58338         17.1661         1.80359 
        3.58952         17.1089         1.79592 
        3.59566         17.0463         1.78828 
         3.6018          16.954          1.7807 
        3.60793         16.9177         1.77316 
        3.61407          16.826         1.76567 
        3.62021         16.7651         1.75822 
        3.62634         16.7177         1.75081 
        3.63247         16.6482         1.74345 
        3.63861         16.5902         1.73613 
        3.64475         16.5301         1.72884 
        3.65089         16.4604          1.7216 
        3.65702         16.4061         1.71441 
        3.66316         16.3285         1.70725 
        3.66929         16.2671         1.70014 
        3.67543         16.2058         1.69307 
        3.68156         16.1669         1.68604 
        3.68769          16.087         1.67905 
        3.69383         16.0323          1.6721 
        3.69997         15.9668         1.66518 
        3.70611         15.9109         1.65831 
        3.71224         15.8498         1.65148 
        3.71838         15.7984         1.64468 
        3.72451           15.74         1.63792 
        3.73065         15.6766         1.63121 
        3.73678         15.6192         1.62453 
        3.74292         15.5549         1.61788 
        3.74906         15.4854         1.61128 
        3.75519         15.4286         1.60471 
        3.76133         15.3799         1.59818 
        3.76746         15.3166         1.59168 
         3.7736          15.263         1.58523 
        3.77974         15.2221          1.5788 
        3.78588         15.1496         1.57241 
        3.79201         15.0871         1.56606 
        3.79814         15.0315         1.55975 
        3.80428         14.9838         1.55347 
        3.81042         14.9149         1.54722 
        3.81655         14.8654         1.54101 
        3.82268         14.7931         1.53484 
        3.82882         14.7502          1.5287 
        3.83496         14.6934         1.52258 
        3.84109         14.6287         1.51651 
        3.84723         14.5799         1.51047 
        3.85337         14.5464         1.50445 
        3.85951         14.4834         1.49847 
        3.86565         14.4249         1.49253 
        3.87178         14.3836         1.48662 
        3.87791         14.3166         1.48074 
        3.88405         14.2757         1.47489 
        3.89019         14.2137         1.46908 
        3.89632         14.1715          1.4633 
        3.90246         14.1049         1.45754 
         3.9086         14.0413         1.45182 
        3.91473         14.0113         1.44613 
        3.92086         13.9462         1.44048 
        3.92699         13.8844         1.43485 
        3.93313         13.8591         1.42925 
        3.93927         13.8083         1.42368 
         3.9454         13.7703         1.41814 
        3.95154         13.6955         1.41263 
        3.95768         13.6475         1.40715 
        3.96382         13.6012          1.4017 
        3.96995         13.5639         1.39627 
        3.97609         13.5064         1.39088 
        3.98222         13.4507         1.38552 
        3.98836         13.3804         1.38019 
         3.9945         13.3392         1.37488 
        4.00063         13.3165          1.3696 
        4.00677         13.2658         1.36435 
        4.01291         13.2074         1.35912 
        4.01904         13.1631         1.35393 
        4.02517         13.0979         1.34877 
        4.03131         13.0682         1.34362 
        4.03745         13.0151          1.3385 
        4.04358         12.9722         1.33341 
        4.04972         12.9256         1.32836 
        4.05585         12.8754         1.32332 
        4.06199         12.8193         1.31831 
        4.06812         12.7814         1.31333 
        4.07426         12.7492         1.30837 
         4.0804         12.6922         1.30344 
        4.08654          12.654         1.29853 
        4.09267         12.5958         1.29365 
         4.0988         12.5616          1.2888 
        4.10494          12.519         1.28398 
        4.11108         12.4561         1.27917 
        4.11721         12.4156         1.27439 
        4.12334         12.3719         1.26964 
        4.12948         12.3211         1.26491 
        4.13561         12.2968          1.2602 
        4.14176         12.2335         1.25551 
        4.14789         12.2037         1.25085 
        4.15403         12.1589         1.24622 
        4.16016         12.1122         1.24161 
         4.1663         12.0665         1.23702 
        4.17243         12.0349         1.23246 
        4.17857         11.9838         1.22791 
        4.18471         11.9469         1.22339 
        4.19084         11.9128          1.2189 
        4.19698         11.8628         1.21443 
        4.20312         11.8152         1.20997 
        4.20925         11.7722         1.20555 
        4.21538         11.7349         1.20114 
        4.22152         11.6888         1.19676 
        4.22766         11.6439          1.1924 
         4.2338         11.6148         1.18806 
        4.23993         11.5636         1.18374 
        4.24607         11.5248         1.17944 
         4.2522         11.4775         1.17517 
        4.25834         11.4425         1.17092 
        4.26447         11.4054         1.16669 
        4.27061         11.3742         1.16248 
        4.27674         11.3288         1.15829 
        4.28288         11.2904         1.15411 
        4.28902         11.2538         1.14997 
        4.29515         11.2023         1.14584 
        4.30129          11.173         1.14173 
        4.30743          11.126         1.13764 
        4.31356         11.1082         1.13357 
        4.31969         11.0593         1.12953 
        4.32583         11.0256          1.1255 
        4.33197         10.9755         1.12149 
         4.3381         10.9489          1.1175 
        4.34424         10.9081         1.11354 
        4.35038         10.8683         1.10958 
        4.35652         10.8415         1.10565 
        4.36265         10.8013         1.10174 
        4.36878         10.7596         1.09785 
        4.37492         10.7196         1.09398 
        4.38106         10.6888         1.09012 
        4.38719         10.6586         1.08629 
        4.39333         10.6108         1.08247 
        4.39946         10.5742         1.07867 
         4.4056         10.5393         1.07489 
        4.41173         10.5102         1.07113 
        4.41786         10.4717         1.06739 
          4.424         10.4277         1.06367 
        4.43014          10.402         1.05995 
        4.43628         10.3803         1.05626 
        4.44241         10.3302         1.05259 
        4.44855          10.292         1.04893 
        4.45469          10.262         1.04529 
        4.46083         10.2249         1.04167 
        4.46696         10.1967         1.03807 
        4.47309          10.159         1.03449 
        4.47923         10.1279         1.03092 
        4.48537         10.1041         1.02737 
         4.4915           10.05         1.02383 
        4.49764         10.0285         1.02031 
        4.50378         9.98963         1.01681 
        4.50991         9.96071         1.01333 
        4.51604         9.93708         1.00986 
        4.52218         9.88784          1.0064 
        4.52832         9.86011         1.00297 
        4.53445         9.83083        0.999549 
        4.54059         9.78211        0.996145 
        4.54673         9.74706        0.992755 
        4.55286         9.72481        0.989382 
          4.559          9.7032        0.986026 
        4.56513         9.66559        0.982687 
        4.57127         9.62739        0.979362 
        4.57741         9.60933         0.97605 
        4.58354         9.56268        0.972756 
        4.58968         9.54343        0.969477 
        4.59582         9.51411        0.966211 
        4.60195         9.47767        0.962963 
        4.60809         9.44956        0.959731 
        4.61422         9.41252        0.956512 
        4.62036         9.38572        0.953308 
        4.62649         9.34932        0.950118 
        4.63263         9.32293        0.946944 
        4.63876         9.29534        0.943784 
         4.6449          9.2644        0.940637 
        4.65104         9.23937        0.937506 
        4.65717         9.19474        0.934391 
        4.66331         9.17335        0.931288 
        4.66944         9.15014        0.928198 
        4.67558         9.11856        0.925127 
        4.68171         9.09208        0.922065 
        4.68785         9.05659        0.919016 
        4.69399         9.02867        0.915983 
        4.70012         8.99821        0.912968 
        4.70625         8.96873        0.909963 
        4.71239         8.94847         0.90697 
        4.71853         8.91814        0.903991 
        4.72467         8.88718        0.901025 
         4.7308         8.86057        0.898074 
        4.73694         8.82942        0.895137 
        4.74308         8.80346        0.892211 
        4.74922         8.78176        0.889298 
        4.75535          8.7431        0.886401 
        4.76148         8.72217        0.883517 
        4.76762         8.69667        0.880642 
        4.77376         8.66231        0.877781 
        4.77989         8.63953        0.874937 
        4.78602         8.61212        0.872103 
        4.79216         8.58811         0.86928 
         4.7983         8.55795         0.86647 
        4.80443         8.54181        0.863676 
        4.81056         8.50494        0.860893 
         4.8167         8.48316        0.858118 
        4.82284         8.45991        0.855357 
        4.82898         8.42327         0.85261 
        4.83511         8.40524        0.849876 
        4.84125         8.37709        0.847151 
        4.84739         8.35168        0.844439 
        4.85352         8.32873        0.841742 
        4.85965         8.31178        0.839055 
        4.86579         8.28656        0.836379 
        4.87193         8.25204        0.833714 
        4.87807         8.22269        0.831061 
         4.8842         8.20179        0.828421 
        4.89034         8.17391        0.825791 
        4.89647         8.15182        0.823173 
        4.90261         8.13435        0.820567 
        4.90874          8.1055        0.817974 
        4.91488         8.09073         0.81539 
        4.92102         8.06066        0.812816 
        4.92715         8.03245        0.810255 
        4.93329          8.0174        0.807706 
        4.93942         7.98927        0.805165 
        4.94556           7.958        0.802636 
         4.9517         7.93714        0.800118 
        4.95783         7.91496        0.797612 
        4.96397         7.89202        0.795116 
        4.97011         7.87018         0.79263 
        4.97624         7.84782        0.790156 
        4.98238         7.82643        0.787694 
        4.98851         7.80193        0.785241 
        4.99465         7.77432        0.782798 
        5.00078         7.75661        0.780367 
        5.00691         7.73789        0.777946 
        5.01305         7.70896        0.775535 
        5.01919         7.68369        0.773131 
        5.02533         7.66487        0.770739 
        5.03146         7.64454         0.76836 
         5.0376          7.6185         0.76599 
        5.04374         7.60062        0.763628 
        5.04987         7.57928        0.761276 
        5.05601         7.55193        0.758937 
        5.06215         7.53546        0.756604 
        5.06829         7.51943        0.754282 
        5.07442         7.48801        0.751972 
        5.08055         7.46747        0.749673 
        5.08668         7.46063         0.74738 
        5.09282         7.43403        0.745096 
        5.09896         7.40868        0.742825 
        5.10509         7.39269        0.740563 
        5.11123         7.36943        0.738309 
        5.11736         7.34987        0.736065 
         5.1235         7.32141        0.733829 
        5.12964         7.31129        0.731604 
        5.13577         7.29263        0.729386 
        5.14191         7.26952        0.727179 
        5.14804         7.24552        0.724983 
        5.15418         7.23113        0.722795 
        5.16032         7.20297        0.720614 
        5.16645         7.19179        0.718443 
        5.17259         7.17663        0.716281 
        5.17872          7.1529        0.714129 
        5.18486         7.12957        0.711984 
          5.191         7.11139        0.709848 
        5.19713         7.09897        0.707724 
        5.20327         7.07697        0.705607 
        5.20941         7.05136        0.703496 
        5.21555         7.04267        0.701394 
        5.22168         7.02259        0.699304 
        5.22781         7.00265        0.697222 
        5.23395         6.98048        0.695148 
        5.24009          6.9601        0.693081 
        5.24622         6.93886        0.691024 
        5.25236         6.92266        0.688976 
         5.2585         6.90959        0.686934 
        5.26463         6.89401        0.684901 
        5.27077         6.86619        0.682877 
         5.2769         6.85901        0.680862 
        5.28304         6.84214        0.678855 
        5.28917         6.81838        0.676856 
         5.2953         6.80081        0.674866 
        5.30144         6.79121        0.672883 
        5.30757         6.76558        0.670907 
        5.31371         6.75062        0.668939 
        5.31985         6.73795        0.666978 
        5.32599         6.71349        0.665026 
        5.33213         6.70219        0.663081 
        5.33826         6.68679        0.661145 
         5.3444         6.67129        0.659218 
        5.35053         6.64942        0.657297 
        5.35667         6.63914        0.655384 
        5.36281         6.61349        0.653478 
        5.36894         6.60285        0.651581 
        5.37507         6.58883        0.649692 
        5.38121         6.57204        0.647809 
        5.38735         6.55499        0.645933 
        5.39348         6.53767        0.644067 
        5.39961         6.52767        0.642208 
        5.40575         6.51335        0.640354 
        5.41189         6.49536        0.638508 
        5.41803         6.47934        0.636669 
        5.42416         6.46533        0.634839 
         5.4303         6.44764        0.633014 
        5.43644         6.43086        0.631198 
        5.44257         6.41947         0.62939 
        5.44871         6.40607        0.627587 
        5.45484         6.39433        0.625792 
        5.46098          6.3817        0.624003 
        5.46712         6.36113        0.622221 
        5.47325         6.34648        0.620448 
        5.47938         6.33359        0.618682 
        5.48552         6.31821        0.616923 
        5.49165         6.30462         0.61517 
        5.49779         6.28708        0.613423 
        5.50393         6.27555        0.611683 
        5.51006           6.261        0.609949 
         5.5162          6.2494        0.608223 
        5.52234         6.23193        0.606504 
        5.52847         6.21569         0.60479 
        5.53461         6.20588        0.603084 
        5.54075         6.18843        0.601385 
        5.54688           6.177        0.599692 
        5.55302         6.16192        0.598005 
        5.55915          6.1598        0.596325 
        5.56529         6.13788        0.594652 
        5.57143         6.12975        0.592985 
        5.57756         6.11384        0.591324 
         5.5837         6.10025         0.58967 
        5.58983         6.08683        0.588024 
        5.59597          6.0784        0.586382 
         5.6021         6.06408        0.584747 
        5.60824         6.05711        0.583117 
        5.61438         6.04004        0.581495 
        5.62051         6.02661        0.579878 
        5.62665         6.01423        0.578268 
        5.63278         6.00598        0.576664 
        5.63892         5.99586        0.575066 
        5.64505         5.98165        0.573474 
        5.65119         5.96305        0.571889 
        5.65733         5.95322        0.570309 
        5.66346         5.94111        0.568735 
         5.6696         5.93525        0.567167 
        5.67573         5.92361        0.565605 
        5.68187         5.91378        0.564049 
          5.688         5.89666        0.562499 
        5.69414         5.88619        0.560955 
        5.70028         5.88069        0.559415 
        5.70642         5.86971        0.557882 
        5.71255         5.85385        0.556355 
        5.71869         5.84951        0.554834 
        5.72482         5.83707        0.553319 
        5.73096         5.82688        0.551809 
        5.73709         5.81432        0.550306 
        5.74322         5.80599        0.548808 
        5.74936         5.79513        0.547314 
         5.7555         5.78405        0.545826 
        5.76164         5.77259        0.544344 
        5.76777         5.76776        0.542869 
        5.77391         5.75576        0.541397 
        5.78005         5.74441        0.539931 
        5.78618         5.73595        0.538472 
        5.79231         5.72644        0.537019 
        5.79845           5.715        0.535569 
        5.80459         5.70811        0.534124 
        5.81073         5.69808        0.532686 
        5.81686         5.69111        0.531254 
          5.823         5.68253        0.529825 
        5.82914         5.67516        0.528402 
        5.83527         5.66473        0.526986 
         5.8414         5.65816        0.525575 
        5.84754          5.6472        0.524167 
        5.85368         5.63788        0.522765 
        5.85981         5.63167        0.521368 
        5.86595         5.62504        0.519977 
        5.87208         5.61326        0.518591 
        5.87822         5.60638         0.51721 
        5.88435         5.59436        0.515835 
        5.89049         5.59194        0.514463 
        5.89662         5.57922        0.513097 
        5.90276         5.57812        0.511735 
         5.9089         5.56307        0.510378 
        5.91503         5.56117        0.509028 
        5.92117         5.55392        0.507681 
        5.92731         5.54086        0.506339 
        5.93344         5.54118        0.505003 
        5.93958         5.53213        0.503671 
        5.94572         5.52619        0.502344 
        5.95186         5.51601        0.501021 
        5.95799          5.5049        0.499705 
        5.96412         5.50111        0.498392 
        5.97026         5.49411        0.497084 
         5.9764         5.48729        0.495781 
        5.98253         5.48532        0.494484 
        5.98866         5.47345         0.49319 
         5.9948         5.47256          0.4919 
        6.00094         5.46668        0.490615 
        6.00707         5.46101        0.489335 
        6.01321         5.45759         0.48806 
        6.01935          5.4458        0.486789 
        6.02548         5.44619        0.485523 
        6.03162         5.43745        0.484261 
        6.03775         5.42937        0.483005 
        6.04389         5.42291        0.481752 
        6.05003         5.42163        0.480503 
        6.05617         5.41712        0.479258 
         6.0623         5.41281        0.478019 
        6.06844         5.40754        0.476784 
        6.07457          5.4031        0.475554 
         6.0807         5.39415        0.474328 
        6.08684         5.39307        0.473107 
        6.09298         5.38726        0.471888 
        6.09912         5.38443        0.470675 
        6.10525         5.37951        0.469466 
        6.11138         5.37401        0.468261 
        6.11752         5.37433         0.46706 
        6.12366          5.3688        0.465864 
        6.12979         5.36257        0.464673 
        6.13593         5.36012        0.463485 
        6.14207         5.35578        0.462301 
         6.1482         5.35073        0.461121 
        6.15434         5.35232        0.459946 
        6.16047         5.35133        0.458775 
        6.16661         5.34026        0.457608 
        6.17274         5.34294        0.456444 
        6.17887         5.33854        0.455286 
        6.18501         5.33474        0.454131 
        6.19115         5.33394        0.452979 
        6.19729         5.33003        0.451832 
        6.20342         5.32738        0.450689 
        6.20956         5.32453         0.44955 
         6.2157         5.31997        0.448414 
        6.22183         5.31813        0.447283 
        6.22797         5.31689        0.446156 
         6.2341         5.31833        0.445033 
        6.24024         5.31639        0.443913 
        6.24638         5.31399        0.442797 
        6.25251         5.30872        0.441685 
        6.25865         5.31334        0.440577 
        6.26478         5.31032        0.439473 
        6.27092         5.30743        0.438373 
        6.27705         5.30714        0.437277 
        6.28318         5.30731        0.436185 
