#  a  GeffG(a,k)  D1(a,k)  D1mnu(a,k) ( D1_transfer(a,k) D1mnu_transfer(a,k) )  D2(a,k)  D3a(a,k)  D3b(a,k)  (source terms)  (Output for k = 0.1 h/Mpc)
       0.047619                1        0.952795     5.42123e-06        0.952795        0.916012       -0.388598       -0.287803        0.205573        0.994123        0.994123        0.994123        0.994123 
      0.0485219                1        0.970713     0.000250603        0.970713        0.935252       -0.403468       -0.304477        0.217484        0.994123        0.994123        0.994123        0.994123 
      0.0494419                1        0.988922      0.00095005        0.988923        0.968597       -0.418898       -0.322104        0.230074        0.994123        0.994123        0.994123        0.994123 
      0.0503793                1         1.00752      0.00199661         1.00752         1.02703        -0.43491       -0.340737        0.243384        0.994123        0.994123        0.994123        0.994123 
      0.0513344                1          1.0264        0.003235          1.0264          1.1121       -0.451524       -0.360437        0.257454        0.994123        0.994123        0.994123        0.994123 
      0.0523077                1          1.0456      0.00448685          1.0456         1.21608       -0.468766       -0.381263         0.27233        0.994123        0.994123        0.994123        0.994123 
      0.0532995                1         1.06516      0.00558085         1.06516         1.33137       -0.486658       -0.403283        0.288058        0.994123        0.994123        0.994123        0.994123 
        0.05431                1         1.08509      0.00637768         1.08509         1.45118       -0.505226       -0.426565        0.304687        0.994123        0.994123        0.994123        0.994123 
      0.0553397                1         1.10541      0.00678891         1.10541          1.5694       -0.524495       -0.451182         0.32227        0.994123        0.994123        0.994123        0.994123 
      0.0563889                1         1.12614      0.00678666         1.12614         1.68056       -0.544492       -0.477212        0.340861        0.994123        0.994123        0.994123        0.994123 
      0.0574581                1         1.14729      0.00640383         1.14729         1.77983       -0.565245       -0.504737         0.36052        0.994123        0.994123        0.994123        0.994123 
      0.0585475                1         1.16887      0.00572569         1.16887          1.8629       -0.586783       -0.533842        0.381307        0.994123        0.994123        0.994123        0.994123 
      0.0596575                1         1.19089      0.00487493         1.19089           1.926       -0.609136        -0.56462        0.403288        0.994123        0.994123        0.994123        0.994123 
      0.0607886                1         1.21334      0.00399271         1.21334         1.96581       -0.632335       -0.597166        0.426532        0.994123        0.994123        0.994123        0.994123 
      0.0619411                1         1.23623       0.0032188         1.23623         1.97947       -0.656411       -0.631584        0.451111        0.994123        0.994123        0.994123        0.994123 
      0.0631155                1         1.25955      0.00267347         1.25955         1.96451       -0.681398       -0.667979        0.477103        0.994123        0.994123        0.994123        0.994123 
      0.0643122                1          1.2833      0.00244338          1.2833         1.91881       -0.707331       -0.706468        0.504589        0.994123        0.994123        0.994123        0.994123 
      0.0655315                1         1.30747      0.00257281         1.30747         1.84063       -0.734246        -0.74717        0.533654        0.994123        0.994123        0.994123        0.994123 
       0.066774                1         1.33206      0.00306089         1.33206          1.7285       -0.762179       -0.790212         0.56439        0.994123        0.994123        0.994123        0.994123 
        0.06804                1         1.35705      0.00386463         1.35705          1.5847        -0.79117       -0.835729        0.596893        0.994123        0.994123        0.994123        0.994123 
        0.06933                1         1.38249      0.00490669         1.38249         1.42177       -0.821258       -0.883863        0.631264        0.994123        0.994123        0.994123        0.994123 
      0.0706445                1         1.40839      0.00608657         1.40839         1.25293       -0.852484       -0.934765         0.66761        0.994123        0.994123        0.994123        0.994123 
      0.0719839                1         1.43479      0.00729371         1.43479         1.09003       -0.884892       -0.988593        0.706044        0.994123        0.994123        0.994123        0.994123 
      0.0733487                1         1.46171      0.00842049         1.46171        0.943647       -0.918526        -1.04552        0.746687        0.994123        0.994123        0.994123        0.994123 
      0.0747394                1         1.48915      0.00937407         1.48915        0.823152       -0.953433        -1.10571        0.789665        0.994123        0.994123        0.994123        0.994123 
      0.0761564                1         1.51713       0.0100855         1.51713        0.736847       -0.989659        -1.16936        0.835111        0.994123        0.994123        0.994123        0.994123 
      0.0776003                1         1.54565       0.0105154         1.54565        0.692021        -1.02726        -1.23667        0.883166        0.994123        0.994123        0.994123        0.994123 
      0.0790716                1         1.57471       0.0106567         1.57471        0.695039        -1.06627        -1.30784         0.93398        0.994123        0.994123        0.994123        0.994123 
      0.0805708                1         1.60432        0.010533         1.60432        0.751411        -1.10677         -1.3831         0.98771        0.994123        0.994123        0.994123        0.994123 
      0.0820984                1         1.63446        0.010194         1.63446        0.865862        -1.14879        -1.46268         1.04452        0.994123        0.994123        0.994123        0.994123 
       0.083655                1         1.66513       0.0097099         1.66513         1.04236         -1.1924        -1.54683         1.10459        0.994123        0.994123        0.994123        0.994123 
       0.085241                1         1.69634      0.00916228         1.69634         1.27739        -1.23765         -1.6358         1.16811        0.994123        0.994123        0.994123        0.994123 
      0.0868572                1         1.72811      0.00863636         1.72811         1.55295        -1.28461        -1.72987         1.23526        0.994123        0.994123        0.994123        0.994123 
       0.088504                1         1.76047      0.00821255         1.76047         1.85089        -1.33335        -1.82934         1.30627        0.994123        0.994123        0.994123        0.994123 
       0.090182                1         1.79345      0.00795952         1.79345         2.15494        -1.38392         -1.9345         1.38134        0.994123        0.994123        0.994123        0.994123 
      0.0918918                1         1.82706      0.00792877         1.82706         2.45049        -1.43639        -2.04568          1.4607        0.994123        0.994123        0.994123        0.994123 
      0.0936341                1         1.86131      0.00815127         1.86131         2.72453        -1.49085        -2.16322         1.54461        0.994123        0.994123        0.994123        0.994123 
      0.0954093                1         1.89621      0.00863608         1.89621         2.96551        -1.54735        -2.28749         1.63331        0.994123        0.994123        0.994123        0.994123 
      0.0972183                1         1.93175      0.00937111         1.93175          3.1632        -1.60598        -2.41886         1.72708        0.994123        0.994123        0.994123        0.994123 
      0.0990615                1         1.96794       0.0103255         1.96795         3.30862        -1.66681        -2.55774         1.82621        0.994123        0.994123        0.994123        0.994123 
        0.10094                1         2.00478       0.0114533         2.00478         3.39453        -1.72992        -2.70455           1.931        0.994123        0.994123        0.994123        0.994123 
       0.102853                1         2.04226       0.0126983         2.04226          3.4277        -1.79541        -2.85974         2.04176        0.994123        0.994123        0.994123        0.994123 
       0.104804                1         2.08044       0.0139995         2.08044         3.42716        -1.86335        -3.02377         2.15884        0.994123        0.994123        0.994123        0.994123 
       0.106791                1         2.11932       0.0152953         2.11932         3.41055        -1.93384        -3.19716          2.2826        0.994123        0.994123        0.994123        0.994123 
       0.108815                1         2.15893       0.0165293         2.15893          3.3937        -2.00697        -3.38041         2.41339        0.994123        0.994123        0.994123        0.994123 
       0.110878                1         2.19928       0.0176536         2.19928         3.39077        -2.08284         -3.5741         2.55163        0.994123        0.994123        0.994123        0.994123 
       0.112981                1         2.24038       0.0186319         2.24038         3.41435        -2.16154         -3.7788         2.69773        0.994123        0.994123        0.994123        0.994123 
       0.115123                1         2.28222       0.0194418         2.28222         3.47557        -2.24318        -3.99512         2.85213        0.994123        0.994123        0.994123        0.994123 
       0.117305                1         2.32481       0.0200748         2.32481         3.58421        -2.32787        -4.22373         3.01529        0.994123        0.994123        0.994123        0.994123 
        0.11953                1         2.36815       0.0205368         2.36815         3.74319        -2.41572         -4.4653          3.1877        0.994123        0.994123        0.994123        0.994123 
       0.121796                1         2.41227       0.0208463         2.41227         3.94545        -2.50683        -4.72056         3.36988        0.994123        0.994123        0.994123        0.994123 
       0.124105                1         2.45721       0.0210326         2.45721         4.18358        -2.60134        -4.99027         3.56237        0.994123        0.994123        0.994123        0.994123 
       0.126458                1         2.50297       0.0211333         2.50297         4.45079        -2.69935        -5.27523         3.76575        0.994123        0.994123        0.994123        0.994123 
       0.128856                1         2.54957       0.0211912         2.54957         4.74094          -2.801        -5.57629         3.98061        0.994123        0.994123        0.994123        0.994123 
       0.131299                1         2.59701       0.0212515         2.59701         5.04841        -2.90642        -5.89434          4.2076        0.994123        0.994123        0.994123        0.994123 
       0.133788                1          2.6453       0.0213587          2.6453         5.36814        -3.01574        -6.23031         4.44738        0.994123        0.994123        0.994123        0.994123 
       0.136325                1         2.69443       0.0215544         2.69443          5.6966         -3.1291         -6.5852         4.70066        0.994123        0.994123        0.994123        0.994123 
       0.138909                1         2.74445       0.0218745         2.74445         6.03304        -3.24664        -6.96004         4.96818        0.994123        0.994123        0.994123        0.994123 
       0.141543                1         2.79536       0.0223481         2.79536         6.37712        -3.36852        -7.35593         5.25072        0.994123        0.994123        0.994123        0.994123 
       0.144227                1          2.8472       0.0229961          2.8472         6.72845        -3.49487        -7.77402          5.5491        0.994123        0.994123        0.994123        0.994123 
       0.146961                1         2.89996       0.0238306         2.89996         7.08667        -3.62586        -8.21552          5.8642        0.994123        0.994123        0.994123        0.994123 
       0.149748                1         2.95365       0.0248549         2.95365         7.45141        -3.76166        -8.68171         6.19691        0.994123        0.994123        0.994123        0.994123 
       0.152587                1         3.00827       0.0260642         3.00827         7.82174        -3.90242        -9.17392          6.5482        0.994123        0.994123        0.994123        0.994123 
        0.15548                1         3.06385       0.0274461         3.06385         8.19382        -4.04832        -9.69357         6.91907        0.994123        0.994123        0.994123        0.994123 
       0.158428                1         3.12041       0.0289821         3.12041         8.56331        -4.19954        -10.2421         7.31058        0.994123        0.994123        0.994123        0.994123 
       0.161431                1         3.17797       0.0306491         3.17797          8.9263        -4.35626        -10.8212         7.72384        0.994123        0.994123        0.994123        0.994123 
       0.164492                1         3.23654       0.0324205         3.23654         9.27932        -4.51866        -11.4323         8.16002        0.994123        0.994123        0.994123        0.994123 
       0.167611                1         3.29612       0.0342684         3.29612         9.61936        -4.68694        -12.0773         8.62034        0.994123        0.994123        0.994123        0.994123 
       0.170789                1         3.35672       0.0361647         3.35672         9.94836         -4.8613        -12.7579         9.10608        0.994123        0.994123        0.994123        0.994123 
       0.174027                1         3.41837       0.0380826         3.41837         10.2757        -5.04194         -13.476         9.61861        0.994123        0.994123        0.994123        0.994123 
       0.177326                1         3.48108       0.0399979         3.48108         10.6103        -5.22907        -14.2336         10.1593        0.994123        0.994123        0.994123        0.994123 
       0.180688                1         3.54487       0.0418901         3.54487         10.9604        -5.42291        -15.0328         10.7297        0.994123        0.994123        0.994123        0.994123 
       0.184114                1         3.60974       0.0437428         3.60974         11.3329        -5.62367        -15.8757         11.3314        0.994123        0.994123        0.994123        0.994123 
       0.187605                1         3.67568       0.0455445         3.67568         11.7279        -5.83158        -16.7647         11.9659        0.994123        0.994123        0.994123        0.994123 
       0.191162                1         3.74274       0.0472888         3.74274         12.1329        -6.04687        -17.7021         12.6349        0.994123        0.994123        0.994123        0.994123 
       0.194786                1         3.81094       0.0489742         3.81094         12.5354        -6.26978        -18.6905         13.3404        0.994123        0.994123        0.994123        0.994123 
       0.198479                1         3.88027       0.0506041         3.88027         12.9239        -6.50056        -19.7324          14.084        0.994123        0.994123        0.994123        0.994123 
       0.202242                1         3.95075       0.0521863         3.95075         13.2892        -6.73944        -20.8305         14.8679        0.994123        0.994123        0.994123        0.994123 
       0.206077                1         4.02239       0.0537324         4.02239         13.6341        -6.98669        -21.9879         15.6939        0.994123        0.994123        0.994123        0.994123 
       0.209984                1         4.09521       0.0552574         4.09521         13.9694        -7.24257        -23.2074         16.5644        0.994123        0.994123        0.994123        0.994123 
       0.213965                1         4.16921       0.0567786         4.16921         14.3054        -7.50734        -24.4921         17.4814        0.994123        0.994123        0.994123        0.994123 
       0.218022                1         4.24439       0.0583152         4.24439          14.651        -7.78127        -25.8454         18.4474        0.994123        0.994123        0.994123        0.994123 
       0.222156                1         4.32077       0.0598873         4.32077         15.0291        -8.06463        -27.2706         19.4647        0.994123        0.994123        0.994123        0.994123 
       0.226368                1         4.39837       0.0615152         4.39837         15.4818        -8.35771        -28.7713         20.5359        0.994123        0.994123        0.994123        0.994123 
        0.23066                1         4.47719       0.0632189         4.47719         16.0485        -8.66079        -30.3511         21.6637        0.994123        0.994123        0.994123        0.994123 
       0.235033                1         4.55725       0.0650176         4.55725         16.7624        -8.97416        -32.0139         22.8506        0.994123        0.994123        0.994123        0.994123 
       0.239489                1         4.63855       0.0669288         4.63855         17.5894        -9.29812        -33.7638         24.0998        0.994123        0.994123        0.994123        0.994123 
        0.24403                1         4.72111       0.0689681         4.72111         18.4169        -9.63296        -35.6048          25.414        0.994123        0.994123        0.994123        0.994123 
       0.248656                1         4.80492       0.0711492         4.80492         19.1385        -9.97898        -37.5412         26.7963        0.994123        0.994123        0.994123        0.994123 
       0.253371                1         4.88999       0.0734833         4.88999         19.6747        -10.3365        -39.5776           28.25        0.994123        0.994123        0.994123        0.994123 
       0.258175                1         4.97632       0.0759792         4.97632         20.1002        -10.7058        -41.7185         29.7784        0.994123        0.994123        0.994123        0.994123 
        0.26307                1         5.06394       0.0786431         5.06394         20.5621        -11.0872        -43.9688          31.385        0.994123        0.994123        0.994123        0.994123 
       0.268057                1         5.15283       0.0814791         5.15283         21.1918        -11.4811        -46.3335         33.0731        0.994123        0.994123        0.994123        0.994123 
        0.27314                1         5.24301        0.084489         5.24301         22.0207        -11.8877        -48.8177         34.8466        0.994123        0.994123        0.994123        0.994123 
       0.278318                1         5.33447       0.0876723         5.33447         22.9261        -12.3074        -51.4266         36.7093        0.994123        0.994123        0.994123        0.994123 
       0.283595                1          5.4272       0.0910271          5.4272          23.783        -12.7404        -54.1659          38.665        0.994123        0.994123        0.994123        0.994123 
       0.288972                1         5.52121       0.0945499         5.52121         24.5225        -13.1871        -57.0411         40.7178        0.994123        0.994123        0.994123        0.994123 
       0.294451                1          5.6165       0.0982358          5.6165         25.2302        -13.6478         -60.058         42.8718        0.994123        0.994123        0.994123        0.994123 
       0.300034                1         5.71309        0.102079         5.71309         26.0139        -14.1229        -63.2226         45.1314        0.994123        0.994123        0.994123        0.994123 
       0.305722                1         5.81096        0.106074         5.81096         26.9376        -14.6126        -66.5411         47.5008        0.994123        0.994123        0.994123        0.994123 
       0.311519                1          5.9101        0.110213          5.9101         27.9339        -15.1172        -70.0198         49.9847        0.994123        0.994123        0.994123        0.994123 
       0.317425                1         6.01051         0.11449         6.01051         28.9124        -15.6371         -73.665         52.5875        0.994123        0.994123        0.994123        0.994123 
       0.323443                1         6.11217        0.118899         6.11217           29.83        -16.1726        -77.4835         55.3141        0.994123        0.994123        0.994123        0.994123 
       0.329576                1         6.21508        0.123433         6.21508         30.7494        -16.7239        -81.4818         58.1692        0.994123        0.994123        0.994123        0.994123 
       0.335824                1         6.31923        0.128086         6.31923         31.7419        -17.2914         -85.667         61.1578        0.994123        0.994123        0.994123        0.994123 
       0.342191                1         6.42462        0.132855         6.42462         32.8307        -17.8753        -90.0459         64.2847        0.994123        0.994123        0.994123        0.994123 
       0.348679                1         6.53124        0.137734         6.53124         33.9845        -18.4759        -94.6256         67.5552        0.994123        0.994123        0.994123        0.994123 
        0.35529                1         6.63905        0.142721         6.63905         35.1719        -19.0935        -99.4133         70.9743        0.994123        0.994123        0.994123        0.994123 
       0.362026                1         6.74804        0.147814         6.74804         36.3699        -19.7283        -104.416         74.5473        0.994123        0.994123        0.994123        0.994123 
        0.36889                1          6.8582        0.153011          6.8582         37.5701        -20.3806        -109.642         78.2794        0.994123        0.994123        0.994123        0.994123 
       0.375884                1          6.9695        0.158312          6.9695         38.7669        -21.0506        -115.098         82.1758        0.994123        0.994123        0.994123        0.994123 
       0.383011                1         7.08194        0.163718         7.08194         39.9759        -21.7386        -120.791          86.242        0.994123        0.994123        0.994123        0.994123 
       0.390273                1         7.19548         0.16923         7.19548         41.2654        -22.4446        -126.729         90.4832        0.994123        0.994123        0.994123        0.994123 
       0.397672                1         7.31009        0.174851         7.31009         42.7045         -23.169         -132.92         94.9048        0.994123        0.994123        0.994123        0.994123 
       0.405212                1         7.42575        0.180584         7.42575         44.2957        -23.9118         -139.37         99.5122        0.994123        0.994123        0.994123        0.994123 
       0.412895                1         7.54244        0.186432         7.54244         45.9272        -24.6732        -146.088          104.31        0.994123        0.994123        0.994123        0.994123 
       0.420723                1         7.66012          0.1924         7.66012         47.4905        -25.4534         -153.08         109.305        0.994123        0.994123        0.994123        0.994123 
         0.4287                1         7.77876        0.198493         7.77876         48.9901        -26.2525        -160.354         114.501        0.994123        0.994123        0.994123        0.994123 
       0.436828                1         7.89834        0.204714         7.89834         50.5241        -27.0705        -167.917         119.904        0.994123        0.994123        0.994123        0.994123 
        0.44511                1          8.0188        0.211071          8.0188         52.1742        -27.9076        -175.775         125.518        0.994123        0.994123        0.994123        0.994123 
       0.453549                1         8.14011        0.217568         8.14011         53.9642        -28.7636        -183.937         131.348        0.994123        0.994123        0.994123        0.994123 
       0.462148                1         8.26224         0.22421         8.26224         55.8992        -29.6387        -192.408           137.4        0.994123        0.994123        0.994123        0.994123 
       0.470911                1         8.38514        0.231003         8.38514         57.9508        -30.5329        -201.194         143.677        0.994123        0.994123        0.994123        0.994123 
       0.479839                1         8.50877        0.237952         8.50877         60.0569        -31.4461        -210.302         150.185        0.994123        0.994123        0.994123        0.994123 
       0.488937                1         8.63307        0.245063         8.63307         62.1742        -32.3782        -219.738         156.926        0.994123        0.994123        0.994123        0.994123 
       0.498207                1         8.75802        0.252339         8.75802         64.3083        -33.3291        -229.506         163.906        0.994123        0.994123        0.994123        0.994123 
       0.507653                1         8.88358        0.259787         8.88358         66.4757        -34.2987        -239.613         171.128        0.994123        0.994123        0.994123        0.994123 
       0.517278                1          9.0097        0.267409          9.0097         68.7129        -35.2869        -250.063         178.596        0.994123        0.994123        0.994123        0.994123 
       0.527085                1         9.13629         0.27521         9.13629         71.0605        -36.2934         -260.86         186.311        0.994124        0.994123        0.994123        0.994123 
       0.537079                1         9.26332        0.283192         9.26332         73.5469         -37.318        -272.009         194.278        0.994124        0.994123        0.994123        0.994123 
       0.547261                1         9.39073         0.29136         9.39073         76.1877        -38.3605        -283.512         202.499        0.994124        0.994123        0.994123        0.994123 
       0.557637                1          9.5185        0.299715         9.51849         78.9694        -39.4206        -295.373         210.976        0.994124        0.994123        0.994123        0.994123 
        0.56821                1         9.64655        0.308259         9.64655         81.8699         -40.498        -307.594         219.711        0.994124        0.994123        0.994123        0.994123 
       0.578983                1         9.77484        0.316995         9.77484         84.8631        -41.5923        -320.178         228.704        0.994124        0.994123        0.994123        0.994123 
       0.589961                1         9.90328        0.325921         9.90328         87.9312        -42.7031        -333.124         237.958        0.994124        0.994123        0.994123        0.994123 
       0.601146                1         10.0318        0.335041         10.0318         91.0685        -43.8301        -346.435         247.473        0.994124        0.994123        0.994123        0.994123 
       0.612544                1         10.1605        0.344352         10.1605          94.293        -44.9727         -360.11         257.248        0.994124        0.994123        0.994123        0.994123 
       0.624157                1         10.2891        0.353855         10.2891         97.6333        -46.1306        -374.148         267.284        0.994124        0.994123        0.994123        0.994123 
       0.635991                1         10.4176         0.36355         10.4176         101.121        -47.3032        -388.549         277.579        0.994124        0.994123        0.994123        0.994123 
       0.648049                1         10.5461        0.373434         10.5461          104.79          -48.49        -403.312         288.133        0.994124        0.994123        0.994123        0.994123 
       0.660336                1         10.6743        0.383506         10.6743         108.661        -49.6904        -418.432         298.943        0.994124        0.994123        0.994123        0.994123 
       0.672856                1         10.8024        0.393763         10.8024         112.709        -50.9039        -433.908         310.008        0.994124        0.994123        0.994123        0.994123 
       0.685613                1         10.9301        0.404204         10.9301         116.902        -52.1299        -449.735         321.325        0.994124        0.994123        0.994123        0.994123 
       0.698612                1         11.0575        0.414825         11.0575         121.219        -53.3677        -465.909         332.891        0.994124        0.994123        0.994123        0.994123 
       0.711858                1         11.1845        0.425623         11.1845         125.648        -54.6166        -482.425         344.702        0.994124        0.994123        0.994123        0.994123 
       0.725354                1          11.311        0.436595          11.311         130.198        -55.8761        -499.277         356.753        0.994124        0.994123        0.994123        0.994123 
       0.739107                1          11.437        0.447736          11.437         134.904        -57.1454        -516.459         369.041        0.994124        0.994123        0.994123        0.994123 
        0.75312                1         11.5625        0.459042         11.5625         139.841        -58.4238        -533.964         381.561        0.994124        0.994123        0.994123        0.994123 
       0.767399                1         11.6873        0.470509         11.6873         145.036        -59.7106        -551.784         394.306        0.994124        0.994123        0.994123        0.994123 
       0.781949                1         11.8114        0.482132         11.8114         150.448         -61.005         -569.91         407.272        0.994124        0.994123        0.994123        0.994123 
       0.796775                1         11.9348        0.493906         11.9348             156        -62.3064        -588.334         420.451        0.994124        0.994123        0.994123        0.994123 
       0.811881                1         12.0574        0.505825         12.0574         161.683         -63.614        -607.047         433.837        0.994124        0.994123        0.994123        0.994123 
       0.827274                1         12.1792        0.517885         12.1792         167.544        -64.9269        -626.038         447.423        0.994124        0.994123        0.994123        0.994123 
       0.842959                1         12.3001         0.53008         12.3001         173.638        -66.2445        -645.296         461.201        0.994124        0.994123        0.994123        0.994123 
       0.858941                1         12.4201        0.542403         12.4201         179.968         -67.566        -664.812         475.164        0.994124        0.994123        0.994123        0.994123 
       0.875227                1         12.5391         0.55485         12.5391          186.51        -68.8906        -684.573         489.303        0.994124        0.994123        0.994123        0.994123 
       0.891821                1         12.6572        0.567413         12.6571         193.248        -70.2174        -704.567          503.61        0.994124        0.994123        0.994123        0.994123 
        0.90873                1         12.7741        0.580087         12.7741         200.194        -71.5459        -724.782         518.076        0.994124        0.994123        0.994123        0.994123 
       0.925959                1           12.89        0.592865           12.89         207.368        -72.8751        -745.206         532.692        0.994124        0.994123        0.994123        0.994123 
       0.943515                1         13.0046        0.605741         13.0047         214.768        -74.2043        -765.826         547.449        0.994124        0.994123        0.994123        0.994123 
       0.961404                1         13.1186        0.618709         13.1183         222.347        -75.5328        -786.628         562.338        0.994124        0.994123        0.994123        0.994123 
       0.979632                1         13.2295         0.63176         13.2306         230.064        -76.8599        -807.599         577.348        0.994124        0.994123        0.994123        0.994123 
       0.998205                1         13.3405         0.64489         13.3418         237.916        -78.1847        -828.725          592.47        0.994124        0.994123        0.994123        0.994123 
        1.01713                1         13.3552        0.658091         13.3523         238.666        -79.5066        -849.993         607.694        0.994124        0.994123        0.994123        0.994123 
        1.03642                1         13.3516        0.671357         13.3523         238.666        -80.8249        -871.388         623.011        0.994124        0.994123        0.994123        0.994123 
        1.05607                1         13.3525         0.68468         13.3523         238.666        -82.1388        -892.897         638.409        0.994124        0.994123        0.994123        0.994123 
        1.07609                1         13.3523        0.698054         13.3523         238.666        -83.4477        -914.504          653.88        0.994124        0.994123        0.994123        0.994123 
        1.09649                1         13.3523        0.711472         13.3523         238.666         -84.751        -936.197         669.413        0.994124        0.994123        0.994123        0.994123 
        1.11728                1         13.3523        0.724928         13.3523         238.666        -86.0479        -957.961         684.997        0.994124        0.994123        0.994123        0.994123 
        1.13846                1         13.3523        0.738414         13.3523         238.666        -87.3379        -979.782         700.623        0.994124        0.994123        0.994123        0.994123 
        1.16005                1         13.3523        0.751923         13.3523         238.666        -88.6203        -1001.65          716.28        0.994124        0.994123        0.994123        0.994123 
        1.18204                1         13.3523         0.76545         13.3523         238.666        -89.8946        -1023.54          731.96        0.994124        0.994123        0.994123        0.994123 
        1.20445                1         13.3523        0.778988         13.3523         238.666        -91.1602        -1045.45         747.651        0.994124        0.994123        0.994123        0.994123 
        1.22729                1         13.3523        0.792529         13.3523         238.666        -92.4165        -1067.36         763.345        0.994124        0.994123        0.994123        0.994123 
        1.25056                1         13.3523        0.806068         13.3523         238.666        -93.6631        -1089.26         779.031        0.994124        0.994123        0.994123        0.994123 
        1.27427                1         13.3523        0.819598         13.3523         238.666        -94.8995        -1111.13         794.701        0.994124        0.994123        0.994123        0.994123 
        1.29843                1         13.3523        0.833112         13.3523         238.666        -96.1251        -1132.97         810.345        0.994124        0.994123        0.994123        0.994123 
        1.32305                1         13.3523        0.846605         13.3523         238.666        -97.3395        -1154.75         825.954        0.994124        0.994123        0.994123        0.994123 
        1.34813                1         13.3523         0.86007         13.3523         238.666        -98.5424        -1176.48         841.519        0.994124        0.994123        0.994123        0.994123 
        1.37369                1         13.3523        0.873501         13.3523         238.666        -99.7332        -1198.12         857.031        0.994124        0.994123        0.994123        0.994123 
        1.39974                1         13.3523        0.886893         13.3523         238.666        -100.912        -1219.69         872.483        0.994124        0.994123        0.994123        0.994123 
        1.42628                1         13.3523        0.900239         13.3523         238.666        -102.077        -1241.15         887.866        0.994124        0.994123        0.994123        0.994123 
        1.45332                1         13.3523        0.913535         13.3523         238.666         -103.23        -1262.51         903.173        0.994124        0.994123        0.994123        0.994123 
        1.48087                1         13.3523        0.926774         13.3523         238.666        -104.369        -1283.75         918.395        0.994124        0.994123        0.994123        0.994123 
        1.50895                1         13.3523        0.939951         13.3523         238.666        -105.495        -1304.86         933.525        0.994124        0.994123        0.994123        0.994123 
        1.53756                1         13.3523        0.953062         13.3523         238.666        -106.606        -1325.83         948.557        0.994124        0.994123        0.994123        0.994123 
        1.56671                1         13.3523          0.9661         13.3523         238.666        -107.704        -1346.65         963.484        0.994124        0.994123        0.994123        0.994123 
        1.59641                1         13.3523        0.979061         13.3523         238.666        -108.787        -1367.32         978.298        0.994124        0.994123        0.994123        0.994123 
        1.62668                1         13.3523        0.991941         13.3523         238.666        -109.855        -1387.82         992.995        0.994124        0.994123        0.994123        0.994123 
        1.65752                1         13.3523         1.00473         13.3523         238.666        -110.909        -1408.14         1007.57        0.994124        0.994123        0.994123        0.994123 
        1.68895                1         13.3523         1.01744         13.3523         238.666        -111.948        -1428.29         1022.01        0.994124        0.994123        0.994123        0.994123 
        1.72097                1         13.3523         1.03005         13.3523         238.666        -112.971        -1448.24         1036.32        0.994124        0.994123        0.994123        0.994123 
         1.7536                1         13.3523         1.04255         13.3523         238.666         -113.98           -1468         1050.49        0.994124        0.994123        0.994123        0.994123 
        1.78685                1         13.3523         1.05496         13.3523         238.666        -114.973        -1487.56         1064.51        0.994124        0.994123        0.994123        0.994123 
        1.82073                1         13.3523         1.06726         13.3523         238.666        -115.951         -1506.9         1078.39        0.994124        0.994123        0.994123        0.994123 
        1.85525                1         13.3523         1.07945         13.3523         238.666        -116.913        -1526.04         1092.11        0.994124        0.994123        0.994123        0.994123 
        1.89042                1         13.3523         1.09153         13.3523         238.666         -117.86        -1544.95         1105.68        0.994124        0.994123        0.994123        0.994123 
        1.92626                1         13.3523         1.10349         13.3523         238.666        -118.791        -1563.64         1119.08        0.994124        0.994123        0.994123        0.994123 
        1.96279                1         13.3523         1.11533         13.3523         238.666        -119.707         -1582.1         1132.33        0.994124        0.994123        0.994123        0.994123 
              2                1         13.3523         1.11539         13.3523         238.666        -119.711        -1582.19         1132.39        0.994124        0.994123        0.994123        0.994123 
