# k  (h/Mpc)    P(k)  (Mpc/h)^3    P_linear(k)  (Mpc/h)^3
     0.00783031         2179.86         2206.52 
       0.013688         2678.52            2680 
       0.019231          2660.5         2659.66 
      0.0249154         2377.92         2395.58 
      0.0312784         2004.22         2006.47 
      0.0375637         1662.46         1656.18 
      0.0433917         1409.18         1411.43 
      0.0492413         1247.83          1245.6 
      0.0555754         1126.24         1132.99 
      0.0619321         1062.29         1056.17 
       0.067871         984.668         989.513 
      0.0738098         906.637          911.79 
      0.0800417         808.279         815.376 
      0.0862327         711.093         713.154 
      0.0921407         623.624         621.893 
      0.0982031         544.612         544.665 
       0.104506         492.696         486.589 
       0.110769         454.565         449.599 
       0.116806         429.288         427.705 
       0.122832         415.117         411.975 
       0.129052         394.537         395.044 
       0.135211         372.534         373.049 
       0.141259         347.888         345.608 
       0.147318         318.943         314.697 
       0.153489         287.146         283.679 
       0.159709         261.529         256.634 
       0.165845         243.604         236.164 
       0.171974         227.219         222.009 
       0.178125         218.168         212.715 
       0.184229          211.56         206.112 
        0.19034         201.888         199.787 
       0.196428         196.151         192.052 
       0.202534         188.159         182.186 
       0.208729         175.614         170.452 
       0.214876         162.826         158.267 
       0.220989         153.634         146.934 
       0.227147         142.818         137.303 
        0.23329          135.61         129.875 
       0.239377         130.909         124.469 
       0.245482         124.795         120.397 
       0.251667         122.582         116.848 
       0.257832         118.641         113.148 
       0.263955         114.208         108.885 
       0.270079         109.351         103.959 
        0.27624         105.335          98.587 
       0.282372         100.209         93.2576 
        0.28843         95.0299         88.4048 
       0.294538         90.7008         84.2077 
       0.300721         88.2059         80.7325 
        0.30691         84.4492         77.9256 
       0.313033         82.0237         75.5674 
       0.319153         78.5362         73.3638 
       0.325316         77.3841         71.0709 
        0.33145         74.4253          68.612 
       0.337538         72.2847         65.9928 
       0.343633         69.3688         63.3013 
       0.349808         66.9845         60.6374 
       0.355968         64.7934         58.1816 
       0.362074         62.5159         56.0171 
       0.368217         60.5771         54.1248 
       0.374374         58.7187         52.4659 
       0.380519          57.322         50.9586 
       0.386598         55.7991         49.5318 
       0.392688         54.6062         48.0944 
        0.39888         52.9328          46.592 
       0.405048         51.5526         45.0677 
       0.411186         50.1629           43.55 
       0.417313         48.4383         42.0845 
       0.423458         47.1027          40.708 
       0.429607          45.776         39.4388 
       0.435692         44.3244         38.2942 
       0.441815         43.5641          37.238 
       0.447964         42.7895         36.2401 
       0.454126         41.0788         35.2735 
       0.460267         40.3724         34.3264 
       0.466387         39.1886         33.3854 
        0.47254         38.5114         32.4414 
       0.478662         37.7935         31.5197 
       0.484765         36.6138         30.6332 
       0.490885         35.7567         29.7858 
       0.497035         35.2533         28.9808 
       0.503198         34.2844         28.2245 
       0.509342         33.4003         27.5145 
       0.515458         32.6886         26.8391 
       0.521598         32.1179         26.1815 
       0.527764         31.4217         25.5359 
       0.533884         30.8742         24.9086 
           0.54         30.1683         24.2943 
       0.546137         29.6706         23.6911 
       0.552299          29.154         23.1034 
       0.558452         28.2478         22.5388 
       0.564573         27.8115         22.0028 
       0.570708         27.3396         21.4898 
       0.576825         26.6685         20.9988 
       0.582926         26.1476          20.526 
       0.589034         25.4604         20.0664 
       0.595184         25.1267         19.6165 
       0.601379         24.6278         19.1754 
       0.607522         24.1759         18.7495 
       0.613639         23.9195         18.3362 
       0.619772         23.2873          17.933 
       0.625918         23.1362         17.5411 
       0.632068         22.7554         17.1616 
       0.638161         22.2458         16.7988 
         0.6443          21.799         16.4461 
       0.650464         21.3964         16.1035 
       0.656582         21.2526         15.7737 
       0.662703         20.8388         15.4527 
       0.668861         20.4376         15.1376 
       0.675024         20.0676         14.8299 
       0.681124         19.7174         14.5331 
       0.687237         19.3839         14.2435 
       0.693381         19.1943         13.9606 
       0.699536          18.689         13.6855 
       0.705665         18.5956         13.4197 
       0.711789         18.1923         13.1618 
       0.717957         17.9296         12.9092 
        0.72409         17.6569         12.6649 
       0.730186         17.4102         12.4283 
       0.736317         17.2092         12.1962 
       0.742472         16.9147          11.969 
       0.748622         16.7177         11.7475 
        0.75476          16.399          11.532 
       0.760888         16.1621         11.3222 
       0.767043         15.9641         11.1168 
       0.773185         15.6655         10.9171 
       0.779291         15.5728         10.7235 
       0.785407         15.3723         10.5345 
       0.791564         15.0952          10.349 
       0.797719         14.7651         10.1682 
       0.803834         14.7312          9.9929 
       0.809972         14.5898         9.82115 
       0.816124         14.2524         9.65308 
       0.822261         14.0908         9.48938 
       0.828378         13.9387         9.32996 
       0.834502         13.8089         9.17405 
       0.840667         13.5962         9.02069 
       0.846816         13.3453         8.87127 
       0.852925         13.2199         8.72619 
       0.859047         13.0687         8.58405 
       0.865192         12.9423         8.44464 
       0.871341         12.8234         8.30825 
       0.877463         12.5958         8.17552 
       0.883569         12.4257         8.04605 
       0.889708         12.2269         7.91874 
       0.895864         12.1247         7.79388 
       0.902008         12.0302           7.672 
       0.908149         11.8935         7.55282 
       0.914301         11.7848         7.43598 
       0.920448         11.5697         7.32175 
       0.926574          11.454         7.21033 
       0.932687         11.3286         7.10147 
       0.938823         11.1765         6.99448 
       0.944975         11.0443         6.88946 
       0.951105         10.9404         6.78698 
       0.957225         10.8542         6.68677 
       0.963368         10.7375         6.58825 
       0.969511         10.6309         6.49173 
       0.975621         10.5142         6.39766 
       0.981748           10.38         6.30523 
       0.987916         10.3081         6.21405 
        0.99406         10.1553         6.12502 
        1.00019         10.0019         6.03792 
        1.00632         9.97844         5.95259 
        1.01246         9.86774          5.8688 
        1.01859          9.7115         5.78676 
        1.02471         9.66122          5.7064 
        1.03085         9.55906         5.62729 
        1.03698         9.41263         5.54986 
        1.04314           9.357         5.47356 
        1.04929         9.23608         5.39888 
        1.05541         9.13103          5.3259 
        1.06154         9.06816          5.2541 
        1.06769         9.02128         5.18351 
        1.07382         8.88669         5.11446 
        1.07993         8.80964         5.04683 
        1.08607         8.73377         4.98015 
        1.09222          8.6578         4.91461 
        1.09836         8.55381         4.85033 
        1.10449         8.48379         4.78728 
        1.11063         8.39124         4.72529 
        1.11677         8.34885         4.66442 
         1.1229         8.28878         4.60474 
        1.12903         8.18033         4.54605 
        1.13518         8.08074         4.48834 
        1.14131         8.02839         4.43167 
        1.14745         7.94909         4.37601 
        1.15359         7.89715          4.3213 
        1.15973          7.8202          4.2675 
        1.16584         7.70798         4.21487 
        1.17197         7.66154         4.16305 
        1.17811          7.6231         4.11195 
        1.18424         7.54827         4.06185 
        1.19038          7.5144         4.01245 
        1.19652         7.42401         3.96389 
        1.20267         7.34837         3.91614 
        1.20881         7.32397         3.86918 
        1.21495         7.25955         3.82307 
        1.22108         7.17014         3.77772 
         1.2272         7.12244         3.73321 
        1.23334         7.04552         3.68932 
        1.23949         6.98489         3.64604 
        1.24562         6.95065         3.60356 
        1.25174         6.89486         3.56183 
        1.25789         6.83935         3.52064 
        1.26402         6.80429         3.48017 
        1.27014         6.74074         3.44044 
        1.27628         6.66006         3.40121 
        1.28244         6.59866         3.36252 
        1.28858         6.59512         3.32448 
        1.29471         6.51536         3.28712 
        1.30084         6.45162         3.25037 
        1.30697         6.44545         3.21413 
        1.31312         6.34054         3.17839 
        1.31925         6.29875          3.1433 
        1.32537         6.25928         3.10879 
        1.33151         6.23279         3.07466 
        1.33765         6.16547         3.04108 
        1.34378         6.12017         3.00806 
        1.34992         6.08007         2.97551 
        1.35606         6.02848         2.94337 
         1.3622         5.99545         2.91177 
        1.36833         5.94009          2.8807 
        1.37445         5.90374         2.85011 
        1.38059         5.88195         2.81987 
        1.38675          5.8264            2.79 
        1.39288         5.79706         2.76067 
        1.39901         5.72752         2.73179 
        1.40515         5.70073         2.70325 
         1.4113         5.65975         2.67513 
        1.41742         5.61988         2.64752 
        1.42355         5.56885         2.62025 
         1.4297         5.53947         2.59328 
        1.43585         5.51332          2.5667 
        1.44198          5.4862          2.5406 
        1.44809         5.43484          2.5149 
        1.45423         5.39121         2.48947 
        1.46036         5.34978         2.46444 
        1.46649         5.32204         2.43974 
        1.47263         5.27365         2.41536 
        1.47877          5.2404         2.39133 
        1.48491         5.21195         2.36759 
        1.49104         5.17708         2.34422 
        1.49718         5.14665         2.32114 
        1.50333         5.11691         2.29834 
        1.50947         5.07201          2.2759 
         1.5156         5.04589         2.25379 
        1.52172         5.01785         2.23197 
        1.52787         4.98543          2.2104 
          1.534         4.94419         2.18914 
        1.54013          4.9232         2.16818 
        1.54627         4.87807         2.14745 
        1.55241         4.85009           2.127 
        1.55855         4.83094         2.10684 
        1.56467         4.79257           2.087 
         1.5708         4.77172         2.06736 
        1.57695         4.72941         2.04794 
        1.58308         4.69296         2.02882 
        1.58922         4.68305         2.00992 
        1.59535         4.65867         1.99128 
         1.6015         4.61574         1.97284 
        1.60764          4.5834         1.95465 
        1.61376         4.56679         1.93674 
        1.61989         4.53918         1.91904 
        1.62604         4.50684         1.90152 
        1.63218         4.49668         1.88423 
        1.63831         4.46201         1.86719 
        1.64444         4.43894         1.85036 
        1.65059         4.38923          1.8337 
        1.65673         4.39157         1.81726 
        1.66285          4.3459         1.80107 
        1.66898         4.32421         1.78507 
        1.67512         4.30199         1.76923 
        1.68127         4.27437         1.75357 
         1.6874          4.2601         1.73814 
        1.69353         4.22126          1.7229 
        1.69967         4.20743         1.70781 
        1.70581         4.18512          1.6929 
        1.71193         4.15602         1.67823 
        1.71806         4.13928          1.6637 
        1.72421         4.11124         1.64932 
        1.73035         4.09674         1.63512 
        1.73649         4.07004         1.62109 
        1.74262         4.04307         1.60724 
        1.74876         4.02896         1.59354 
        1.75489         4.00814         1.58003 
        1.76101          3.9741         1.56668 
        1.76715         3.96357         1.55347 
        1.77329         3.94112         1.54039 
        1.77943         3.90672         1.52745 
        1.78557         3.89786         1.51469 
        1.79171         3.87572         1.50207 
        1.79785         3.85394         1.48958 
        1.80399         3.83022         1.47725 
        1.81012         3.81186         1.46507 
        1.81625         3.79362         1.45303 
        1.82239         3.77599         1.44111 
        1.82853         3.75009         1.42933 
        1.83466         3.73652         1.41769 
        1.84078         3.72128          1.4062 
        1.84692         3.70815         1.39481 
        1.85306         3.67547         1.38354 
         1.8592         3.65376         1.37241 
        1.86533         3.63814          1.3614 
        1.87147         3.62398         1.35051 
        1.87761         3.60234         1.33973 
        1.88375          3.5832         1.32908 
        1.88988         3.56661         1.31855 
        1.89601         3.54857         1.30814 
        1.90215         3.53121         1.29783 
        1.90829         3.50953         1.28763 
        1.91442         3.49655         1.27754 
        1.92056         3.47785         1.26757 
         1.9267         3.45729          1.2577 
        1.93284          3.4446         1.24793 
        1.93897          3.4267         1.23828 
        1.94509         3.41246         1.22875 
        1.95123         3.39366         1.21929 
        1.95737         3.37016         1.20993 
        1.96349         3.36299          1.2007 
        1.96964         3.34975         1.19153 
        1.97578         3.32228         1.18245 
        1.98192         3.31587         1.17349 
        1.98805         3.30028         1.16462 
        1.99419         3.28177         1.15584 
        2.00033         3.27165         1.14714 
        2.00647         3.25214         1.13854 
         2.0126         3.24246         1.13004 
        2.01874         3.21717         1.12162 
        2.02488         3.21071         1.11327 
        2.03101         3.18531         1.10502 
        2.03714         3.17344         1.09687 
        2.04328         3.15928         1.08879 
        2.04941         3.13959         1.08079 
        2.05554          3.1304         1.07288 
        2.06167         3.11903         1.06504 
        2.06781         3.10286         1.05728 
        2.07396         3.09407         1.04958 
        2.08009         3.07804         1.04198 
        2.08622         3.06049         1.03445 
        2.09237         3.04559         1.02699 
        2.09851          3.0382          1.0196 
        2.10464         3.02543         1.01229 
        2.11077         3.00551         1.00507 
        2.11691         2.99313        0.997898 
        2.12305         2.98409        0.990797 
        2.12918         2.97483        0.983782 
        2.13531         2.96033        0.976834 
        2.14145         2.94676        0.969937 
         2.1476         2.92895        0.963099 
        2.15372         2.91585        0.956361 
        2.15985         2.91332        0.949681 
        2.16599         2.89136        0.943045 
        2.17213         2.87832         0.93648 
        2.17827          2.8722        0.929979 
         2.1844         2.85698        0.923545 
        2.19054          2.8453        0.917169 
        2.19666         2.83039        0.910863 
         2.2028         2.81809        0.904611 
        2.20893         2.80868        0.898414 
        2.21508         2.79444        0.892268 
        2.22122         2.78223        0.886178 
        2.22736         2.77289        0.880157 
        2.23349          2.7643        0.874193 
        2.23962         2.75012        0.868282 
        2.24577         2.74018        0.862419 
         2.2519          2.7322         0.85662 
        2.25802         2.71811        0.850882 
        2.26417         2.70957        0.845182 
        2.27031         2.69496        0.839528 
        2.27644         2.68241        0.833942 
        2.28257         2.66909        0.828408 
        2.28872         2.66727        0.822913 
        2.29486         2.65031         0.81747 
        2.30099         2.63762        0.812086 
        2.30712         2.62791        0.806749 
        2.31326         2.61586         0.80145 
         2.3194         2.60887        0.796202 
        2.32553         2.59982         0.79101 
        2.33166          2.5912        0.785867 
         2.3378         2.57899        0.780762 
        2.34394         2.56876          0.7757 
        2.35007         2.55682        0.770691 
        2.35619          2.5498        0.765732 
        2.36233         2.53964        0.760804 
        2.36848         2.52613         0.75591 
        2.37462         2.52266         0.75107 
        2.38075          2.5081        0.746276 
        2.38689          2.5039         0.74152 
        2.39303         2.48994        0.736806 
        2.39916         2.48156        0.732138 
        2.40529         2.47205        0.727511 
        2.41143         2.46175        0.722921 
        2.41757         2.45414        0.718368 
         2.4237         2.44689        0.713862 
        2.42983         2.42787        0.709396 
        2.43598         2.42573        0.704956 
        2.44211         2.41183        0.700561 
        2.44823         2.40745        0.696214 
        2.45437         2.39529        0.691892 
        2.46052         2.39097        0.687602 
        2.46665         2.38168        0.683357 
        2.47279         2.37023        0.679149 
        2.47892         2.36331        0.674973 
        2.48507         2.35442        0.670829 
         2.4912         2.34044        0.666727 
        2.49733         2.33883        0.662662 
        2.50347         2.32869        0.658623 
        2.50961         2.32213        0.654618 
        2.51575           2.311        0.650648 
        2.52188         2.30455        0.646716 
        2.52802         2.29359        0.642812 
        2.53416         2.28546        0.638939 
        2.54029         2.27906        0.635104 
        2.54641         2.26768        0.631303 
        2.55255         2.26499        0.627528 
        2.55869         2.25539        0.623779 
        2.56483         2.24741        0.620065 
        2.57096         2.23962        0.616386 
        2.57709         2.23205        0.612735 
        2.58323         2.22411         0.60911 
        2.58937         2.21332        0.605512 
        2.59551         2.20903        0.601949 
        2.60164          2.1974        0.598414 
        2.60778         2.19297        0.594905 
        2.61392         2.18228        0.591425 
        2.62006         2.18104        0.587973 
        2.62619         2.17152        0.584553 
        2.63232         2.16183         0.58116 
        2.63846         2.15625        0.577789 
        2.64459         2.14859         0.57445 
        2.65072         2.14482        0.571137 
        2.65686          2.1363        0.567849 
          2.663         2.12845        0.564582 
        2.66915         2.11813        0.561341 
        2.67527         2.11613        0.558133 
        2.68141         2.10718        0.554949 
        2.68755          2.0989        0.551785 
        2.69368         2.09238         0.54865 
        2.69981         2.08708        0.545543 
        2.70595         2.07645        0.542452 
        2.71209         2.07374        0.539385 
        2.71823         2.06679        0.536346 
        2.72436         2.05443        0.533332 
         2.7305         2.04987        0.530338 
        2.73663         2.04367        0.527368 
        2.74276         2.03952        0.524425 
         2.7489         2.03274          0.5215 
        2.75504         2.02806        0.518596 
        2.76118         2.01769        0.515712 
        2.76732         2.01691        0.512855 
        2.77345         2.00852        0.510019 
        2.77959         2.00087        0.507205 
        2.78572         1.99351        0.504413 
        2.79186         1.98928        0.501642 
        2.79798         1.98315        0.498895 
        2.80412         1.97854        0.496164 
        2.81027          1.9705         0.49345 
         2.8164         1.96577        0.490762 
        2.82253         1.95881        0.488094 
        2.82867         1.95348        0.485444 
        2.83481         1.94733        0.482814 
        2.84095         1.93921        0.480203 
        2.84708         1.93205        0.477615 
        2.85322         1.92712        0.475042 
        2.85935         1.92468        0.472489 
        2.86549         1.91989        0.469957 
        2.87162         1.91524        0.467443 
        2.87776         1.90685        0.464947 
        2.88389         1.90436        0.462468 
        2.89003         1.89738        0.460009 
        2.89617          1.8902        0.457567 
        2.90231         1.88665        0.455142 
        2.90844         1.88026        0.452735 
        2.91458         1.87465        0.450346 
        2.92071         1.86957        0.447977 
        2.92684         1.86578        0.445623 
        2.93298          1.8585        0.443286 
         2.9391         1.85526         0.44097 
        2.94524          1.8473        0.438666 
        2.95138          1.8447        0.436378 
        2.95752         1.83717        0.434104 
        2.96367         1.83594        0.431846 
         2.9698         1.82732        0.429609 
        2.97594         1.82235        0.427385 
        2.98207         1.81813        0.425178 
        2.98821          1.8144        0.422988 
        2.99434         1.80849        0.420813 
        3.00048         1.80355        0.418652 
        3.00662         1.79726        0.416506 
        3.01275         1.79662        0.414378 
        3.01888         1.78812        0.412264 
        3.02503         1.78665        0.410161 
        3.03117         1.77824        0.408075 
        3.03729         1.77379        0.406008 
        3.04342         1.77047        0.403953 
        3.04957          1.7648        0.401907 
         3.0557         1.76161        0.399879 
        3.06183         1.75954        0.397869 
        3.06796         1.75173         0.39587 
        3.07411         1.74883        0.393881 
        3.08025         1.74281        0.391909 
        3.08637         1.73995        0.389953 
         3.0925         1.73815        0.388009 
        3.09865         1.73045        0.386073 
         3.1048         1.72681        0.384152 
        3.11093          1.7246        0.382247 
        3.11706         1.71902        0.380356 
         3.1232         1.71492        0.378476 
        3.12933         1.71174        0.376608 
        3.13547          1.7095        0.374754 
        3.14159         1.70366        0.372915 
        3.14773          1.7002        0.371085 
        3.15388         1.69591        0.369265 
        3.16001         1.68981        0.367461 
        3.16614         1.68767         0.36567 
        3.17228         1.68155        0.363888 
        3.17842         1.68071        0.362119 
        3.18455         1.67641        0.360363 
        3.19068         1.67306        0.358619 
        3.19682         1.66913        0.356884 
        3.20297          1.6661         0.35516 
         3.2091         1.66398        0.353449 
        3.21524         1.65828         0.35175 
        3.22138         1.65347        0.350061 
         3.2275         1.64964        0.348386 
        3.23363         1.64834        0.346722 
        3.23977         1.64459        0.345067 
        3.24591         1.64067        0.343422 
        3.25205         1.63798        0.341787 
        3.25818         1.63173        0.340164 
        3.26432         1.63188        0.338552 
        3.27046         1.63013         0.33695 
         3.2766         1.62373        0.335358 
        3.28273         1.61944        0.333778 
        3.28887            1.62        0.332207 
          3.295         1.61662        0.330647 
        3.30113         1.60963        0.329097 
        3.30727         1.60881        0.327556 
        3.31341         1.60407        0.326026 
        3.31954         1.60257        0.324506 
        3.32568         1.59979        0.322994 
        3.33182         1.59905        0.321492 
        3.33795         1.59368        0.320001 
        3.34409         1.59345        0.318518 
        3.35022         1.58651        0.317045 
        3.35636         1.58467        0.315582 
         3.3625         1.58181        0.314127 
        3.36864         1.58178        0.312681 
        3.37477         1.57796        0.311245 
        3.38091         1.57655        0.309819 
        3.38704         1.57326        0.308402 
        3.39318         1.57074        0.306993 
        3.39931         1.56918        0.305592 
        3.40545         1.56552        0.304201 
        3.41158         1.56387        0.302819 
        3.41772         1.56094        0.301445 
        3.42385         1.55895         0.30008 
        3.42998         1.55545        0.298724 
        3.43612         1.55278        0.297376 
        3.44226          1.5505        0.296035 
         3.4484         1.54879        0.294701 
        3.45453         1.54635        0.293378 
        3.46066         1.54473        0.292064 
        3.46681         1.54295        0.290754 
        3.47295         1.53858        0.289454 
        3.47908         1.53801        0.288164 
        3.48521         1.53565        0.286882 
        3.49135          1.5332        0.285605 
        3.49749          1.5322        0.284337 
        3.50362         1.53068        0.283077 
        3.50976          1.5289        0.281825 
        3.51589         1.52657         0.28058 
        3.52203         1.52619        0.279343 
        3.52816         1.52109        0.278115 
        3.53429          1.5214        0.276893 
        3.54043         1.51907        0.275677 
        3.54657         1.51628        0.274468 
        3.55271         1.51635        0.273268 
        3.55884          1.5128        0.272076 
        3.56498         1.51031        0.270889 
        3.57112         1.51055        0.269709 
        3.57725         1.50906        0.268538 
        3.58338          1.5104        0.267374 
        3.58952         1.50596        0.266216 
        3.59566         1.50454        0.265064 
         3.6018         1.50315        0.263919 
        3.60793         1.50368        0.262782 
        3.61407         1.49838        0.261652 
        3.62021         1.49835        0.260528 
        3.62634         1.49755         0.25941 
        3.63247         1.49677          0.2583 
        3.63861         1.49485        0.257196 
        3.64475         1.49381        0.256097 
        3.65089         1.49045        0.255005 
        3.65702         1.49179        0.253921 
        3.66316         1.49062        0.252842 
        3.66929         1.48931         0.25177 
        3.67543         1.48738        0.250704 
        3.68156         1.48586        0.249645 
        3.68769         1.48604        0.248591 
        3.69383         1.48476        0.247543 
        3.69997         1.48252        0.246501 
        3.70611         1.48563        0.245465 
        3.71224         1.48238        0.244435 
        3.71838         1.48191        0.243411 
        3.72451         1.48162        0.242394 
        3.73065         1.47879        0.241383 
        3.73678         1.47895        0.240377 
        3.74292         1.47887        0.239376 
        3.74906         1.47847        0.238381 
        3.75519         1.47768        0.237392 
        3.76133         1.47804        0.236408 
        3.76746         1.47479        0.235431 
         3.7736         1.47573        0.234459 
        3.77974         1.47407        0.233492 
        3.78588         1.47486         0.23253 
        3.79201         1.47129        0.231575 
        3.79814         1.47241        0.230625 
        3.80428         1.47205         0.22968 
        3.81042          1.4729        0.228739 
        3.81655         1.47271        0.227805 
        3.82268         1.47401        0.226877 
        3.82882         1.47085        0.225953 
        3.83496          1.4717        0.225033 
        3.84109         1.47155         0.22412 
        3.84723         1.47163        0.223211 
        3.85337          1.4697        0.222307 
        3.85951         1.47008        0.221407 
        3.86565         1.46945        0.220514 
        3.87178         1.47151        0.219626 
        3.87791         1.46849        0.218743 
        3.88405         1.47104        0.217863 
        3.89019          1.4705        0.216989 
        3.89632         1.46942         0.21612 
        3.90246         1.46969        0.215256 
         3.9086         1.47023        0.214395 
        3.91473          1.4712        0.213541 
        3.92086         1.47033        0.212692 
        3.92699         1.47071        0.211846 
        3.93313         1.46884        0.211005 
        3.93927         1.47226        0.210168 
         3.9454         1.47121        0.209337 
        3.95154         1.47148        0.208509 
        3.95768         1.47087        0.207685 
        3.96382          1.4725        0.206867 
        3.96995         1.47133        0.206053 
        3.97609          1.4714        0.205243 
        3.98222         1.47218        0.204438 
        3.98836         1.47362        0.203637 
         3.9945          1.4735        0.202841 
        4.00063         1.47404        0.202049 
        4.00677          1.4752         0.20126 
        4.01291         1.47465        0.200476 
        4.01904         1.47604        0.199697 
        4.02517         1.47614        0.198922 
        4.03131         1.47756         0.19815 
        4.03745         1.47778        0.197382 
        4.04358         1.47734        0.196619 
        4.04972         1.47975        0.195861 
        4.05585         1.47998        0.195105 
        4.06199         1.48144        0.194354 
        4.06812         1.48108        0.193607 
        4.07426         1.48097        0.192864 
         4.0804         1.48197        0.192124 
        4.08654          1.4828        0.191388 
        4.09267          1.4827        0.190657 
         4.0988         1.48407         0.18993 
        4.10494         1.48572        0.189207 
        4.11108         1.48452        0.188486 
        4.11721         1.48622         0.18777 
        4.12334         1.48766        0.187058 
        4.12948         1.48962        0.186349 
        4.13561         1.48892        0.185643 
        4.14176         1.49325        0.184941 
        4.14789         1.49137        0.184243 
        4.15403         1.49186        0.183549 
        4.16016         1.49409        0.182858 
         4.1663         1.49621        0.182171 
        4.17243         1.49496        0.181488 
        4.17857         1.49748        0.180807 
        4.18471         1.49971        0.180131 
        4.19084         1.50024        0.179457 
        4.19698         1.49799        0.178788 
        4.20312         1.49958        0.178121 
        4.20925         1.50221        0.177458 
        4.21538         1.50433          0.1768 
        4.22152         1.50359        0.176143 
        4.22766         1.50675         0.17549 
         4.2338         1.50493        0.174841 
        4.23993         1.50845        0.174195 
        4.24607         1.50926        0.173552 
         4.2522          1.5114        0.172912 
        4.25834          1.5127        0.172276 
        4.26447         1.51466        0.171643 
        4.27061         1.51475        0.171013 
        4.27674         1.51688        0.170386 
        4.28288           1.518        0.169762 
        4.28902         1.52034        0.169142 
        4.29515         1.52173        0.168525 
        4.30129         1.51982         0.16791 
        4.30743         1.52518        0.167298 
        4.31356         1.52664         0.16669 
        4.31969         1.52484        0.166086 
        4.32583         1.52708        0.165484 
        4.33197         1.52921        0.164884 
         4.3381         1.52944        0.164288 
        4.34424         1.53123        0.163695 
        4.35038         1.53334        0.163104 
        4.35652         1.53584        0.162516 
        4.36265         1.53663        0.161932 
        4.36878         1.53504        0.161351 
        4.37492         1.53894        0.160772 
        4.38106         1.54084        0.160196 
        4.38719          1.5431        0.159623 
        4.39333         1.54536        0.159053 
        4.39946         1.54451        0.158486 
         4.4056         1.54756        0.157921 
        4.41173         1.55009        0.157359 
        4.41786         1.54984        0.156801 
          4.424         1.55192        0.156245 
        4.43014         1.55299         0.15569 
        4.43628         1.55304        0.155139 
        4.44241         1.55653        0.154591 
        4.44855         1.55851        0.154045 
        4.45469         1.55783        0.153501 
        4.46083          1.5627        0.152961 
        4.46696         1.56337        0.152424 
        4.47309         1.56257        0.151888 
        4.47923         1.56605        0.151355 
        4.48537         1.56724        0.150826 
         4.4915         1.57005        0.150298 
        4.49764         1.57007        0.149773 
        4.50378         1.57177         0.14925 
        4.50991         1.57533        0.148731 
        4.51604         1.57536        0.148213 
        4.52218         1.57812        0.147698 
        4.52832          1.5778        0.147185 
        4.53445         1.58072        0.146675 
        4.54059         1.58198        0.146168 
        4.54673         1.58358        0.145662 
        4.55286          1.5855        0.145159 
          4.559         1.58684        0.144658 
        4.56513         1.58737         0.14416 
        4.57127          1.5905        0.143665 
        4.57741         1.59229        0.143171 
        4.58354         1.59059         0.14268 
        4.58968         1.59334        0.142191 
        4.59582         1.59783        0.141704 
        4.60195         1.59922         0.14122 
        4.60809         1.60105        0.140738 
        4.61422         1.60233        0.140258 
        4.62036         1.60249        0.139781 
        4.62649          1.6064        0.139306 
        4.63263         1.60686        0.138833 
        4.63876         1.60742        0.138362 
         4.6449         1.61095        0.137893 
        4.65104         1.61212        0.137426 
        4.65717         1.61146        0.136962 
        4.66331         1.61458          0.1365 
        4.66944         1.61446         0.13604 
        4.67558         1.61763        0.135582 
        4.68171         1.61855        0.135127 
        4.68785         1.61952        0.134672 
        4.69399         1.62258        0.134221 
        4.70012         1.62381        0.133772 
        4.70625         1.62364        0.133324 
        4.71239         1.62799        0.132879 
        4.71853         1.63098        0.132435 
        4.72467          1.6292        0.131994 
         4.7308         1.63025        0.131555 
        4.73694         1.63433        0.131117 
        4.74308         1.63522        0.130682 
        4.74922         1.63784        0.130248 
        4.75535         1.63888        0.129817 
        4.76148         1.63875        0.129388 
        4.76762         1.64078         0.12896 
        4.77376         1.64334        0.128535 
        4.77989         1.64465        0.128111 
        4.78602         1.64642         0.12769 
        4.79216         1.64583         0.12727 
         4.7983         1.64847        0.126852 
        4.80443         1.65065        0.126436 
        4.81056         1.65301        0.126022 
         4.8167         1.65337         0.12561 
        4.82284         1.65557        0.125199 
        4.82898         1.65658         0.12479 
        4.83511         1.65754        0.124384 
        4.84125         1.65961        0.123978 
        4.84739         1.66229        0.123575 
        4.85352         1.66365        0.123174 
        4.85965          1.6629        0.122775 
        4.86579         1.66469        0.122377 
        4.87193         1.66543        0.121981 
        4.87807         1.66803        0.121586 
         4.8842         1.66989        0.121194 
        4.89034         1.67005        0.120803 
        4.89647         1.67353        0.120414 
        4.90261         1.67184        0.120027 
        4.90874         1.67589        0.119641 
        4.91488         1.67599        0.119257 
        4.92102         1.67662        0.118875 
        4.92715         1.67879        0.118494 
        4.93329         1.67988        0.118116 
        4.93942         1.68036        0.117738 
        4.94556         1.68255        0.117362 
         4.9517         1.68356        0.116988 
        4.95783         1.68293        0.116616 
        4.96397          1.6857        0.116245 
        4.97011         1.68779        0.115876 
        4.97624         1.68756        0.115509 
        4.98238         1.68787        0.115143 
        4.98851         1.68938        0.114779 
        4.99465         1.69225        0.114416 
        5.00078         1.69367        0.114055 
        5.00691         1.69437        0.113696 
        5.01305         1.69518        0.113338 
        5.01919         1.69761        0.112981 
        5.02533         1.70014        0.112626 
        5.03146         1.69854        0.112273 
         5.0376         1.70024        0.111921 
        5.04374         1.70108         0.11157 
        5.04987         1.70115        0.111221 
        5.05601         1.70377        0.110874 
        5.06215         1.70543        0.110528 
        5.06829         1.70745        0.110184 
        5.07442         1.70858        0.109841 
        5.08055         1.70765          0.1095 
        5.08668         1.70932         0.10916 
        5.09282         1.71076        0.108821 
        5.09896         1.71183        0.108484 
        5.10509         1.71259        0.108148 
        5.11123         1.71215        0.107814 
        5.11736         1.71561        0.107481 
         5.1235         1.71581         0.10715 
        5.12964         1.71733         0.10682 
        5.13577         1.71837        0.106491 
        5.14191         1.71908        0.106164 
        5.14804          1.7185        0.105838 
        5.15418         1.72027        0.105513 
        5.16032         1.71994         0.10519 
        5.16645          1.7255        0.104868 
        5.17259         1.72448        0.104548 
        5.17872         1.72313        0.104229 
        5.18486          1.7233        0.103911 
          5.191         1.72726        0.103594 
        5.19713         1.72596        0.103279 
        5.20327         1.72756        0.102966 
        5.20941         1.72995        0.102653 
        5.21555         1.72834        0.102341 
        5.22168          1.7306        0.102032 
        5.22781         1.72926        0.101723 
        5.23395         1.73429        0.101416 
        5.24009         1.73369         0.10111 
        5.24622         1.73323        0.100805 
        5.25236         1.73567        0.100501 
         5.2585         1.73752        0.100199 
        5.26463         1.73689       0.0998978 
        5.27077         1.73625        0.099598 
         5.2769         1.74016       0.0992996 
        5.28304         1.73888       0.0990022 
        5.28917         1.73862       0.0987062 
         5.2953         1.74122       0.0984115 
        5.30144         1.73961       0.0981178 
        5.30757         1.74202       0.0978253 
        5.31371         1.74231       0.0975338 
        5.31985         1.74484       0.0972436 
        5.32599         1.74373       0.0969545 
        5.33213         1.74466       0.0966666 
        5.33826         1.74669       0.0963801 
         5.3444         1.74569       0.0960947 
        5.35053         1.74821       0.0958104 
        5.35667         1.74934       0.0955273 
        5.36281         1.75049       0.0952452 
        5.36894         1.74943       0.0949644 
        5.37507         1.75157       0.0946849 
        5.38121         1.75121       0.0944062 
        5.38735         1.75388       0.0941287 
        5.39348         1.75361       0.0938525 
        5.39961          1.7536       0.0935775 
        5.40575         1.75499       0.0933032 
        5.41189         1.75524       0.0930301 
        5.41803         1.75574       0.0927581 
        5.42416          1.7569       0.0924874 
         5.4303         1.75608       0.0922175 
        5.43644         1.75723       0.0919489 
        5.44257          1.7594       0.0916814 
        5.44871         1.75857       0.0914148 
        5.45484         1.76133       0.0911493 
        5.46098         1.75884       0.0908849 
        5.46712         1.76144       0.0906214 
        5.47325         1.76243       0.0903591 
        5.47938         1.76274       0.0900981 
        5.48552         1.76234        0.089838 
        5.49165         1.76567       0.0895788 
        5.49779         1.76536       0.0893206 
        5.50393         1.76321       0.0890633 
        5.51006          1.7664        0.088807 
         5.5162         1.76713       0.0885519 
        5.52234         1.76656       0.0882978 
        5.52847           1.768       0.0880446 
        5.53461         1.76968       0.0877923 
        5.54075         1.76965       0.0875412 
        5.54688         1.77136       0.0872911 
        5.55302         1.77034       0.0870418 
        5.55915         1.77256       0.0867936 
        5.56529         1.77257       0.0865464 
        5.57143         1.77255          0.0863 
        5.57756         1.77445       0.0860546 
         5.5837         1.77487       0.0858103 
        5.58983         1.77462        0.085567 
        5.59597         1.77709       0.0853246 
         5.6021         1.77396        0.085083 
        5.60824         1.77751       0.0848423 
        5.61438         1.77685       0.0846026 
        5.62051         1.77852       0.0843639 
        5.62665         1.78053        0.084126 
        5.63278         1.78036       0.0838891 
        5.63892         1.78123       0.0836531 
        5.64505         1.78307       0.0834181 
        5.65119         1.78191        0.083184 
        5.65733         1.78229       0.0829507 
        5.66346         1.78405       0.0827183 
         5.6696         1.78464       0.0824868 
        5.67573         1.78636       0.0822562 
        5.68187         1.78593       0.0820265 
          5.688         1.78759       0.0817977 
        5.69414         1.78559       0.0815697 
        5.70028         1.78893       0.0813425 
        5.70642         1.79016       0.0811162 
        5.71255          1.7906       0.0808908 
        5.71869         1.78983       0.0806664 
        5.72482         1.79318       0.0804428 
        5.73096         1.79261         0.08022 
        5.73709         1.79272       0.0799982 
        5.74322         1.79528       0.0797772 
        5.74936         1.79526       0.0795567 
         5.7555         1.79661       0.0793371 
        5.76164         1.79705       0.0791186 
        5.76777         1.79886       0.0789009 
        5.77391         1.79743       0.0786838 
        5.78005         1.80097       0.0784675 
        5.78618         1.80273       0.0782523 
        5.79231         1.80301        0.078038 
        5.79845         1.80239       0.0778242 
        5.80459         1.80514        0.077611 
        5.81073          1.8056        0.077399 
        5.81686         1.80555       0.0771878 
          5.823         1.80562       0.0769771 
        5.82914         1.80798       0.0767673 
        5.83527         1.80998       0.0765585 
         5.8414         1.80941       0.0763504 
        5.84754         1.81209       0.0761429 
        5.85368         1.81349       0.0759362 
        5.85981         1.81231       0.0757303 
        5.86595         1.81545       0.0755253 
        5.87208          1.8158       0.0753209 
        5.87822          1.8195       0.0751175 
        5.88435         1.81755       0.0749147 
        5.89049          1.8207       0.0747126 
        5.89662         1.82038       0.0745112 
        5.90276         1.82282       0.0743105 
         5.9089         1.82275       0.0741106 
        5.91503         1.82443       0.0739116 
        5.92117         1.82608       0.0737132 
        5.92731         1.82882       0.0735154 
        5.93344         1.82949       0.0733185 
        5.93958         1.82897       0.0731223 
        5.94572         1.83023       0.0729268 
        5.95186         1.83277       0.0727319 
        5.95799         1.83387        0.072538 
        5.96412         1.83634       0.0723447 
        5.97026         1.83729       0.0721519 
         5.9764           1.839         0.07196 
        5.98253         1.83994        0.071769 
        5.98866         1.84078       0.0715784 
         5.9948         1.84446       0.0713884 
        6.00094         1.84608       0.0711993 
        6.00707         1.84601       0.0710108 
        6.01321         1.84879        0.070823 
        6.01935         1.84984       0.0706358 
        6.02548         1.85094       0.0704494 
        6.03162         1.85507       0.0702637 
        6.03775         1.85506       0.0700787 
        6.04389         1.85693       0.0698943 
        6.05003         1.85958       0.0697103 
        6.05617         1.86326       0.0695271 
         6.0623         1.86281       0.0693447 
        6.06844         1.86447       0.0691629 
        6.07457         1.86802       0.0689818 
         6.0807         1.86852       0.0688014 
        6.08684         1.87191       0.0686217 
        6.09298         1.87249       0.0684424 
        6.09912         1.87586       0.0682638 
        6.10525         1.87665       0.0680859 
        6.11138         1.87871       0.0679086 
        6.11752          1.8817       0.0677319 
        6.12366         1.88263       0.0675559 
        6.12979         1.88674       0.0673806 
        6.13593         1.88749       0.0672059 
        6.14207         1.89012       0.0670316 
         6.1482         1.89219       0.0668581 
        6.15434         1.89435       0.0666852 
        6.16047         1.89714        0.066513 
        6.16661         1.90025       0.0663413 
        6.17274         1.90217       0.0661702 
        6.17887           1.903       0.0659998 
        6.18501         1.90628       0.0658299 
        6.19115         1.91044       0.0656606 
        6.19729         1.91158       0.0654918 
        6.20342         1.91448       0.0653237 
        6.20956         1.91714       0.0651562 
         6.2157         1.91916       0.0649892 
        6.22183         1.92405       0.0648228 
        6.22797         1.92452       0.0646572 
         6.2341         1.92731        0.064492 
        6.24024         1.92957       0.0643274 
        6.24638         1.93546       0.0641633 
        6.25251         1.93629       0.0639999 
        6.25865         1.93803        0.063837 
        6.26478         1.94127       0.0636747 
        6.27092         1.94544        0.063513 
        6.27705         1.95015       0.0633519 
        6.28318         1.94998       0.0631913 
