# k  (h/Mpc)    P(k)  (Mpc/h)^3    P_linear(k)  (Mpc/h)^3
     0.00783031         17583.3         17845.4 
       0.013688           23159           22931 
       0.019231         24048.5         24058.1 
      0.0249154         22422.1         23041.5 
      0.0312784         20323.5         20710.3 
      0.0375637           18055         18211.4 
      0.0433917         15720.3         16223.7 
      0.0492413         14403.9         14694.8 
      0.0555754         12840.9         13498.9 
      0.0619321         12400.6         12590.3 
       0.067871         11237.4         11821.5 
      0.0738098         10456.5         11008.3 
      0.0800417         9411.19         10065.4 
      0.0862327         8622.01         9079.01 
      0.0921407         7934.92         8171.28 
      0.0982031         7130.47         7352.62 
       0.104506         6712.12         6672.19 
       0.110769         6212.87         6172.13 
       0.116806         5855.91         5822.63 
       0.122832         5579.54         5550.87 
       0.129052         5189.97         5294.12 
       0.135211         4936.55         5020.79 
       0.141259         4749.97         4716.94 
       0.147318         4496.25         4385.27 
       0.153489         4131.88         4044.22 
       0.159709         3921.14         3726.75 
       0.165845          3803.3         3460.87 
       0.171974         3593.12         3250.24 
       0.178125         3424.27         3088.57 
       0.184229         3273.52         2962.63 
        0.19034         3130.59         2852.54 
       0.196428          3068.2         2742.46 
       0.202534         2945.71         2621.66 
       0.208729         2833.07         2486.67 
       0.214876          2738.1         2345.82 
       0.220989         2648.42         2208.13 
       0.227147         2548.51         2080.94 
        0.23329         2455.15         1971.47 
       0.239377         2430.68         1881.63 
       0.245482         2293.26         1807.53 
       0.251667          2284.2         1743.36 
       0.257832         2198.08         1684.13 
       0.263955         2127.16         1624.95 
       0.270079         2062.88         1562.61 
        0.27624         2036.65         1496.75 
       0.282372         1957.29         1430.06 
        0.28843         1963.44         1366.01 
       0.294538         1877.44         1306.08 
       0.300721         1861.25         1251.92 
        0.30691          1801.4         1204.61 
       0.313033         1763.41         1163.54 
       0.319153         1751.48         1126.47 
       0.325316         1691.14         1091.08 
        0.33145         1659.47         1056.26 
       0.337538         1628.18         1021.22 
       0.343633          1602.8         985.697 
       0.349808         1558.03         949.891 
       0.355968         1543.74         915.282 
       0.362074         1534.88         883.003 
       0.368217         1484.49         853.016 
       0.374374         1442.11         825.634 
       0.380519          1446.4          800.57 
       0.386598         1405.94         777.447 
       0.392688         1396.38         755.343 
        0.39888         1362.67         733.364 
       0.405048         1353.37         711.731 
       0.411186         1331.91         690.418 
       0.417313         1304.06         669.501 
       0.423458          1284.4         649.205 
       0.429607          1271.1         629.832 
       0.435692         1250.46         611.713 
       0.441815            1241         594.608 
       0.447964            1216          578.45 
       0.454126         1210.77         563.068 
       0.460267         1182.58         548.356 
       0.466387         1163.37         534.146 
        0.47254         1168.62         520.169 
       0.478662         1148.57         506.546 
       0.484765         1125.17         493.313 
       0.490885         1118.76         480.452 
       0.497035         1094.28         467.993 
       0.503198         1090.55         456.033 
       0.509342         1074.34         444.663 
       0.515458         1071.51         433.848 
       0.521598         1049.49         423.422 
       0.527764         1030.72         413.316 
       0.533884         1028.47           403.6 
           0.54         1023.68         394.167 
       0.546137         1005.81         384.944 
       0.552299         999.166          375.92 
       0.558452         987.295         367.174 
       0.564573         975.641         358.754 
       0.570708         967.164         350.613 
       0.576825         944.708         342.784 
       0.582926         949.672         335.242 
       0.589034         937.151          327.94 
       0.595184         929.758         320.822 
       0.601379         919.464         313.873 
       0.607522         905.585          307.18 
       0.613639          905.32         300.696 
       0.619772         890.395         294.365 
       0.625918         881.838         288.192 
       0.632068         872.848          282.19 
       0.638161         868.789          276.42 
         0.6443         854.556         270.784 
       0.650464         853.669         265.298 
       0.656582          846.35         260.013 
       0.662703         841.464         254.874 
       0.668861         828.203         249.845 
       0.675024         818.886         244.944 
       0.681124         817.081         240.222 
       0.687237         810.236         235.613 
       0.693381         802.596         231.104 
       0.699536         786.753         226.706 
       0.705665         788.365         222.445 
       0.711789         782.057         218.299 
       0.717957         774.927         214.232 
        0.72409         769.858         210.294 
       0.730186         759.371         206.479 
       0.736317           757.1         202.739 
       0.742472          750.48         199.079 
       0.748622         743.627         195.513 
        0.75476         732.366         192.043 
       0.760888         729.235         188.663 
       0.767043         723.495         185.352 
       0.773185         718.153         182.128 
       0.779291         713.721             179 
       0.785407         705.209         175.942 
       0.791564         699.457         172.937 
       0.797719         697.542         170.005 
       0.803834         689.738          167.16 
       0.809972         683.679          164.37 
       0.816124         683.336         161.638 
       0.822261          672.61         158.977 
       0.828378         668.496         156.384 
       0.834502         662.486         153.846 
       0.840667         656.508          151.35 
       0.846816         652.089         148.916 
       0.852925         647.723         146.551 
       0.859047         646.724         144.234 
       0.865192         637.073         141.959 
       0.871341         633.373         139.733 
       0.877463          632.07         137.565 
       0.883569         624.913         135.448 
       0.889708         622.371         133.366 
       0.895864         618.599         131.323 
       0.902008         613.638         129.327 
       0.908149         604.597         127.375 
       0.914301         603.966          125.46 
       0.920448         600.093         123.586 
       0.926574         590.378         121.758 
       0.932687         588.404          119.97 
       0.938823         583.694         118.213 
       0.944975         581.647         116.487 
       0.951105         576.302         114.802 
       0.957225         571.459         113.153 
       0.963368         566.709         111.532 
       0.969511         564.762         109.942 
       0.975621         560.043         108.392 
       0.981748         555.174         106.868 
       0.987916         551.325         105.365 
        0.99406          543.95         103.896 
        1.00019         542.548         102.458 
        1.00632         538.733         101.049 
        1.01246          534.94         99.6639 
        1.01859         532.344         98.3077 
        1.02471         527.391         96.9786 
        1.03085         523.974         95.6697 
        1.03698         521.355         94.3879 
        1.04314         515.549         93.1243 
        1.04929         511.064         91.8869 
        1.05541         511.629         90.6772 
        1.06154         505.376         89.4863 
        1.06769         501.506         88.3153 
        1.07382         498.138         87.1692 
        1.07993         494.917         86.0461 
        1.08607         493.926         84.9384 
        1.09222         487.681         83.8492 
        1.09836         483.052         82.7805 
        1.10449         481.595         81.7318 
        1.11063         474.171         80.7002 
        1.11677         475.135          79.687 
         1.1229         472.267         78.6931 
        1.12903         467.667         77.7153 
        1.13518         463.004         76.7535 
        1.14131         461.482         75.8086 
        1.14745         457.415         74.8802 
        1.15359         454.516         73.9674 
        1.15973         452.066         73.0694 
        1.16584         449.696         72.1905 
        1.17197         445.396          71.325 
        1.17811         442.524          70.471 
        1.18424         438.368         69.6336 
        1.19038         435.403         68.8075 
        1.19652         434.056         67.9951 
        1.20267         431.366          67.196 
        1.20881         427.471         66.4099 
        1.21495         424.383         65.6377 
        1.22108         421.008          64.878 
         1.2272          418.63         64.1321 
        1.23334         416.451         63.3963 
        1.23949         412.353         62.6704 
        1.24562         410.188         61.9579 
        1.25174         407.727         61.2577 
        1.25789         402.462         60.5661 
        1.26402         400.802         59.8866 
        1.27014         397.862         59.2192 
        1.27628         394.949           58.56 
        1.28244         394.777         57.9096 
        1.28858          389.94         57.2701 
        1.29471         389.232         56.6417 
        1.30084         385.145         56.0233 
        1.30697          384.05         55.4133 
        1.31312         379.823         54.8115 
        1.31925          377.39         54.2206 
        1.32537         376.008         53.6391 
        1.33151         372.174          53.064 
        1.33765         370.114         52.4978 
        1.34378          368.46          51.941 
        1.34992         365.414         51.3919 
        1.35606         362.508         50.8496 
         1.3622         360.827         50.3162 
        1.36833         358.852         49.7917 
        1.37445         355.884          49.275 
        1.38059         353.851         48.7641 
        1.38675         350.702         48.2592 
        1.39288         348.656         47.7636 
        1.39901         346.892         47.2752 
        1.40515         344.654         46.7925 
         1.4113         342.582         46.3168 
        1.41742         340.027         45.8495 
        1.42355         337.091         45.3879 
         1.4297         335.643         44.9312 
        1.43585         333.567         44.4811 
        1.44198         331.889         44.0388 
        1.44809         327.386         43.6035 
        1.45423         326.138         43.1724 
        1.46036         324.774          42.748 
        1.46649         322.556         42.3291 
        1.47263         320.702         41.9156 
        1.47877          317.16         41.5078 
        1.48491         315.472         41.1048 
        1.49104         313.801          40.708 
        1.49718         311.928         40.3161 
        1.50333         310.334         39.9289 
        1.50947         308.141         39.5475 
         1.5156         304.983         39.1717 
        1.52172         304.199         38.8008 
        1.52787         302.337         38.4339 
          1.534         300.785         38.0723 
        1.54013         297.614         37.7157 
        1.54627         296.185          37.363 
        1.55241         294.069         37.0148 
        1.55855         291.451         36.6716 
        1.56467         290.484         36.3337 
         1.5708         288.908         35.9991 
        1.57695         286.025         35.6682 
        1.58308          285.11         35.3423 
        1.58922         281.732         35.0202 
        1.59535         281.219         34.7023 
         1.6015         279.197         34.3879 
        1.60764         276.863         34.0776 
        1.61376         275.581          33.772 
        1.61989         273.572         33.4698 
        1.62604         271.478         33.1708 
        1.63218         270.225         32.8755 
        1.63831         269.021         32.5846 
        1.64444         266.468         32.2971 
        1.65059         265.672         32.0124 
        1.65673         263.172         31.7314 
        1.66285          261.51         31.4546 
        1.66898         260.286          31.181 
        1.67512         258.337         30.9102 
        1.68127          256.04         30.6424 
         1.6874          254.81         30.3783 
        1.69353         253.395         30.1175 
        1.69967         251.851         29.8592 
        1.70581         249.883          29.604 
        1.71193         248.253         29.3528 
        1.71806         246.962          29.104 
        1.72421         245.371         28.8576 
        1.73035         244.301         28.6143 
        1.73649         243.269         28.3739 
        1.74262         240.131         28.1364 
        1.74876         239.191         27.9015 
        1.75489         237.959         27.6698 
        1.76101         236.139         27.4408 
        1.76715         235.075          27.214 
        1.77329         233.763         26.9896 
        1.77943         231.779         26.7676 
        1.78557         229.935         26.5484 
        1.79171         229.689         26.3317 
        1.79785         227.334         26.1173 
        1.80399         226.739         25.9054 
        1.81012         224.535         25.6961 
        1.81625         222.691         25.4893 
        1.82239         222.186         25.2844 
        1.82853         220.254         25.0819 
        1.83466         219.553         24.8818 
        1.84078         217.737         24.6841 
        1.84692         216.957         24.4882 
        1.85306          214.72         24.2942 
         1.8592         214.181         24.1026 
        1.86533         212.786         23.9133 
        1.87147         211.586         23.7257 
        1.87761         210.453         23.5401 
        1.88375         208.713         23.3566 
        1.88988         207.005         23.1754 
        1.89601         206.748         22.9959 
        1.90215         205.395         22.8183 
        1.90829         203.964         22.6426 
        1.91442         202.996         22.4687 
        1.92056         201.665         22.2968 
         1.9267         199.725         22.1266 
        1.93284         198.728          21.958 
        1.93897          197.71         21.7915 
        1.94509         196.349         21.6272 
        1.95123         195.053          21.464 
        1.95737         194.315         21.3025 
        1.96349         192.743         21.1431 
        1.96964         191.545         20.9848 
        1.97578         190.527          20.828 
        1.98192         189.509         20.6732 
        1.98805         187.955           20.52 
        1.99419         187.139         20.3683 
        2.00033          186.01         20.2181 
        2.00647         185.158         20.0694 
         2.0126         183.483         19.9225 
        2.01874         182.972         19.7768 
        2.02488         181.521         19.6325 
        2.03101         180.346         19.4898 
        2.03714         179.573         19.3488 
        2.04328         178.321         19.2089 
        2.04941         177.445         19.0706 
        2.05554         176.206         18.9337 
        2.06167          175.55          18.798 
        2.06781         174.629         18.6636 
        2.07396         173.303         18.5303 
        2.08009         172.033         18.3986 
        2.08622         170.882         18.2683 
        2.09237         169.969          18.139 
        2.09851         169.007          18.011 
        2.10464         168.541         17.8844 
        2.11077         167.079         17.7591 
        2.11691         166.059         17.6348 
        2.12305         164.957         17.5117 
        2.12918         164.122           17.39 
        2.13531         163.429         17.2695 
        2.14145         162.117         17.1499 
         2.1476         161.349         17.0313 
        2.15372          160.37         16.9144 
        2.15985         159.755         16.7984 
        2.16599         158.731         16.6832 
        2.17213         157.707         16.5693 
        2.17827         156.578         16.4564 
         2.1844         155.867         16.3447 
        2.19054         154.874         16.2339 
        2.19666         153.859         16.1244 
         2.2028         153.139         16.0158 
        2.20893         152.331         15.9081 
        2.21508         151.259         15.8013 
        2.22122         150.447         15.6954 
        2.22736         149.705         15.5908 
        2.23349         148.805         15.4871 
        2.23962         147.847         15.3843 
        2.24577         146.971         15.2824 
         2.2519         146.397         15.1815 
        2.25802         145.475         15.0817 
        2.26417           144.5         14.9825 
        2.27031         143.713         14.8841 
        2.27644         142.861         14.7869 
        2.28257         142.213         14.6906 
        2.28872         141.337         14.5949 
        2.29486         140.294         14.5002 
        2.30099         139.753         14.4064 
        2.30712         138.986         14.3135 
        2.31326         138.072         14.2212 
         2.3194         137.354         14.1297 
        2.32553         136.591         14.0393 
        2.33166          135.83         13.9496 
         2.3378         134.989         13.8607 
        2.34394         134.363         13.7724 
        2.35007         133.461         13.6851 
        2.35619         132.468         13.5987 
        2.36233          131.92         13.5127 
        2.36848         131.363         13.4274 
        2.37462         130.619         13.3429 
        2.38075         129.822         13.2593 
        2.38689         129.155         13.1763 
        2.39303         128.209         13.0941 
        2.39916         127.444         13.0126 
        2.40529         127.385         12.9319 
        2.41143         126.332         12.8517 
        2.41757         125.729         12.7723 
         2.4237         124.823         12.6936 
        2.42983         124.375         12.6156 
        2.43598         123.522          12.538 
        2.44211         122.862         12.4613 
        2.44823         122.237         12.3853 
        2.45437         121.598         12.3098 
        2.46052         120.823         12.2349 
        2.46665         120.266         12.1607 
        2.47279         119.468         12.0871 
        2.47892          118.96         12.0141 
        2.48507         118.164         11.9416 
         2.4912         117.477         11.8699 
        2.49733         116.936         11.7988 
        2.50347         116.278         11.7282 
        2.50961          115.67         11.6581 
        2.51575          115.04         11.5887 
        2.52188         114.435         11.5199 
        2.52802         113.697         11.4516 
        2.53416         112.985         11.3838 
        2.54029         112.494         11.3167 
        2.54641         111.967         11.2501 
        2.55255         111.159          11.184 
        2.55869         110.878         11.1184 
        2.56483         110.185         11.0533 
        2.57096         109.475         10.9889 
        2.57709         108.932         10.9249 
        2.58323         108.394         10.8614 
        2.58937         107.856         10.7984 
        2.59551         107.344          10.736 
        2.60164         106.515          10.674 
        2.60778         106.248         10.6125 
        2.61392         105.438         10.5515 
        2.62006         105.056          10.491 
        2.62619         104.424          10.431 
        2.63232         103.849         10.3715 
        2.63846         103.355         10.3124 
        2.64459          102.89         10.2539 
        2.65072         102.168         10.1957 
        2.65686         101.549         10.1381 
          2.663         101.175         10.0807 
        2.66915         100.752         10.0239 
        2.67527         100.265         9.96758 
        2.68141         99.6738         9.91168 
        2.68755         99.1538         9.85616 
        2.69368         98.5566         9.80111 
        2.69981         98.1193         9.74656 
        2.70595         97.5463         9.69229 
        2.71209         96.9944         9.63842 
        2.71823         96.7273         9.58505 
        2.72436         96.0375          9.5321 
         2.7305         95.6514         9.47951 
        2.73663          95.084         9.42733 
        2.74276         94.5849          9.3756 
         2.7489         94.0387         9.32422 
        2.75504         93.5549         9.27317 
        2.76118         93.0353         9.22248 
        2.76732          92.728         9.17225 
        2.77345         92.2263         9.12241 
        2.77959         91.6855         9.07292 
        2.78572         91.3086         9.02382 
        2.79186         90.7562         8.97509 
        2.79798         90.3633         8.92678 
        2.80412         89.7823         8.87873 
        2.81027         89.4374         8.83099 
         2.8164         88.9828         8.78369 
        2.82253         88.2786         8.73675 
        2.82867          87.849         8.69012 
        2.83481         87.5187         8.64383 
        2.84095         87.0919         8.59787 
        2.84708         86.5882         8.55231 
        2.85322         86.1971         8.50702 
        2.85935          85.805         8.46207 
        2.86549         85.4335         8.41747 
        2.87162         84.9787         8.37319 
        2.87776         84.5673         8.32925 
        2.88389         83.9724         8.28558 
        2.89003         83.6555         8.24226 
        2.89617         83.2964         8.19922 
        2.90231         82.8379          8.1565 
        2.90844         82.2578         8.11408 
        2.91458         81.9185         8.07198 
        2.92071         81.6151         8.03023 
        2.92684         81.1658         7.98872 
        2.93298         80.8049         7.94753 
         2.9391         80.3161         7.90669 
        2.94524         79.9746         7.86607 
        2.95138         79.5565         7.82572 
        2.95752         79.0521         7.78562 
        2.96367         78.6958          7.7458 
         2.9698         78.4394         7.70633 
        2.97594         77.9309          7.6671 
        2.98207         77.6175         7.62815 
        2.98821         77.2096         7.58951 
        2.99434         76.7787         7.55113 
        3.00048          76.382         7.51299 
        3.00662         76.0654         7.47511 
        3.01275         75.8071         7.43755 
        3.01888         75.2685         7.40023 
        3.02503         75.0749         7.36311 
        3.03117         74.5755         7.32627 
        3.03729         74.3069         7.28977 
        3.04342          73.782         7.25348 
        3.04957         73.5046         7.21735 
         3.0557         73.1615         7.18153 
        3.06183         72.7107         7.14602 
        3.06796         72.5009          7.1107 
        3.07411         72.1097         7.07555 
        3.08025         71.7886          7.0407 
        3.08637         71.4324         7.00614 
         3.0925         70.9827         6.97177 
        3.09865         70.6967         6.93757 
         3.1048         70.3811          6.9036 
        3.11093          70.041         6.86993 
        3.11706         69.7728         6.83649 
         3.1232         69.3878         6.80325 
        3.12933         68.9975         6.77021 
        3.13547         68.7426         6.73743 
        3.14159         68.4238          6.7049 
        3.14773         68.0199         6.67253 
        3.15388         67.7467         6.64033 
        3.16001         67.3987         6.60841 
        3.16614         67.0654         6.57672 
        3.17228         66.8005          6.5452 
        3.17842         66.3805         6.51389 
        3.18455         66.1555         6.48281 
        3.19068         65.7777         6.45194 
        3.19682         65.4432         6.42123 
        3.20297         65.2497         6.39071 
         3.2091         64.8855         6.36042 
        3.21524         64.5745         6.33032 
        3.22138         64.2701         6.30043 
         3.2275          63.988         6.27077 
        3.23363         63.6832         6.24129 
        3.23977         63.3385         6.21197 
        3.24591         63.0142         6.18284 
        3.25205         62.8182         6.15388 
        3.25818          62.501         6.12512 
        3.26432         62.2345         6.09656 
        3.27046         61.9525         6.06817 
         3.2766          61.531         6.03996 
        3.28273         61.3151         6.01194 
        3.28887         61.0077          5.9841 
          3.295         60.7578         5.95645 
        3.30113         60.4045         5.92897 
        3.30727         60.1643         5.90165 
        3.31341         59.9181         5.87452 
        3.31954         59.6553         5.84756 
        3.32568         59.3814         5.82075 
        3.33182         58.9654         5.79412 
        3.33795         58.8003         5.76767 
        3.34409         58.5393         5.74136 
        3.35022         58.2267         5.71523 
        3.35636         57.9716         5.68927 
         3.3625         57.7435         5.66345 
        3.36864         57.5053          5.6378 
        3.37477         57.1458         5.61232 
        3.38091         57.0096         5.58701 
        3.38704         56.6806         5.56185 
        3.39318         56.4804         5.53683 
        3.39931         56.1308         5.51197 
        3.40545         55.9354         5.48728 
        3.41158         55.6607         5.46273 
        3.41772         55.4215         5.43833 
        3.42385         55.0481          5.4141 
        3.42998         54.8645         5.39001 
        3.43612         54.5897         5.36607 
        3.44226         54.3346         5.34226 
         3.4484         54.1165         5.31856 
        3.45453         53.8126         5.29506 
        3.46066         53.6687         5.27171 
        3.46681         53.4147         5.24845 
        3.47295          53.193         5.22533 
        3.47908          52.917         5.20242 
        3.48521          52.666         5.17963 
        3.49135         52.4533         5.15694 
        3.49749         52.1755          5.1344 
        3.50362         51.9504           5.112 
        3.50976         51.7276         5.08974 
        3.51589         51.5166         5.06761 
        3.52203         51.2973         5.04561 
        3.52816         51.0709         5.02377 
        3.53429         50.8111         5.00204 
        3.54043          50.631         4.98041 
        3.54657         50.3487         4.95892 
        3.55271         50.1622         4.93757 
        3.55884         49.9284         4.91637 
        3.56498         49.6883         4.89525 
        3.57112         49.4246         4.87426 
        3.57725         49.2532         4.85341 
        3.58338         49.0598         4.83271 
        3.58952         48.7776         4.81209 
        3.59566         48.5556         4.79158 
         3.6018         48.3541         4.77121 
        3.60793         48.1428         4.75097 
        3.61407         48.0218         4.73086 
        3.62021         47.7091         4.71084 
        3.62634         47.5748         4.69095 
        3.63247          47.307         4.67118 
        3.63861         47.0883         4.65152 
        3.64475         46.8972         4.63194 
        3.65089         46.6718          4.6125 
        3.65702         46.5024          4.5932 
        3.66316         46.2656         4.57397 
        3.66929         46.1281         4.55488 
        3.67543         45.8358         4.53589 
        3.68156         45.6995         4.51701 
        3.68769         45.5061         4.49823 
        3.69383         45.3305         4.47956 
        3.69997          45.118         4.46099 
        3.70611         44.8785         4.44254 
        3.71224         44.7339         4.42418 
        3.71838         44.5078         4.40593 
        3.72451         44.3023          4.3878 
        3.73065         44.1075         4.36977 
        3.73678         43.9055         4.35184 
        3.74292         43.7745         4.33399 
        3.74906         43.5818         4.31625 
        3.75519         43.3876         4.29861 
        3.76133         43.1446         4.28108 
        3.76746         42.9677         4.26364 
         3.7736         42.8429         4.24631 
        3.77974         42.6473         4.22906 
        3.78588         42.4553          4.2119 
        3.79201         42.2739         4.19486 
        3.79814         42.1152         4.17791 
        3.80428         41.8622         4.16105 
        3.81042         41.7352         4.14427 
        3.81655         41.5994         4.12759 
        3.82268         41.3936         4.11103 
        3.82882         41.1894         4.09454 
        3.83496         41.0503         4.07813 
        3.84109          40.859         4.06182 
        3.84723         40.7081          4.0456 
        3.85337         40.5048         4.02946 
        3.85951         40.3545          4.0134 
        3.86565         40.1699         3.99744 
        3.87178         39.9407         3.98159 
        3.87791         39.8329         3.96582 
        3.88405         39.6909         3.95012 
        3.89019         39.5306          3.9345 
        3.89632          39.293         3.91898 
        3.90246         39.1883         3.90354 
         3.9086         39.0045         3.88817 
        3.91473         38.8359         3.87291 
        3.92086         38.6917         3.85774 
        3.92699         38.4947         3.84263 
        3.93313         38.3663         3.82759 
        3.93927         38.1609         3.81265 
         3.9454         38.0289         3.79779 
        3.95154         37.8987         3.78299 
        3.95768         37.7279         3.76828 
        3.96382         37.5646         3.75365 
        3.96995         37.3724         3.73909 
        3.97609         37.2163         3.72462 
        3.98222         37.1255         3.71023 
        3.98836         36.9999         3.69591 
         3.9945         36.8232         3.68167 
        4.00063         36.6758          3.6675 
        4.00677         36.4714          3.6534 
        4.01291         36.3586         3.63937 
        4.01904         36.1878         3.62545 
        4.02517         36.0685         3.61159 
        4.03131         35.9001         3.59778 
        4.03745         35.7707         3.58405 
        4.04358         35.6016          3.5704 
        4.04972         35.4643         3.55682 
        4.05585         35.3392         3.54331 
        4.06199           35.14         3.52987 
        4.06812         34.9938          3.5165 
        4.07426         34.8763          3.5032 
         4.0804         34.7716         3.48996 
        4.08654         34.6394         3.47679 
        4.09267         34.4869         3.46371 
         4.0988         34.3602          3.4507 
        4.10494         34.2029         3.43774 
        4.11108         34.0458         3.42484 
        4.11721         33.9189         3.41202 
        4.12334         33.7812         3.39927 
        4.12948         33.6384         3.38658 
        4.13561         33.5033         3.37394 
        4.14176         33.3718         3.36137 
        4.14789          33.223         3.34886 
        4.15403          33.107         3.33643 
        4.16016         32.9671         3.32406 
         4.1663         32.8493         3.31175 
        4.17243         32.6954         3.29951 
        4.17857         32.6186         3.28732 
        4.18471         32.4501          3.2752 
        4.19084         32.3109         3.26313 
        4.19698         32.1605         3.25114 
        4.20312          32.084         3.23919 
        4.20925         31.8999         3.22732 
        4.21538         31.7727         3.21551 
        4.22152           31.65         3.20374 
        4.22766         31.5397         3.19203 
         4.2338         31.4614          3.1804 
        4.23993         31.2897         3.16882 
        4.24607         31.1398         3.15729 
         4.2522         31.0515         3.14582 
        4.25834         30.9477         3.13441 
        4.26447         30.8253         3.12307 
        4.27061         30.6904         3.11177 
        4.27674         30.5681         3.10053 
        4.28288         30.4762         3.08934 
        4.28902         30.3299         3.07821 
        4.29515         30.1898         3.06715 
        4.30129         30.0683         3.05613 
        4.30743         29.9687         3.04515 
        4.31356         29.8487         3.03424 
        4.31969         29.6949          3.0234 
        4.32583         29.6064          3.0126 
        4.33197         29.5158         3.00184 
         4.3381         29.4045         2.99114 
        4.34424          29.273          2.9805 
        4.35038         29.1518          2.9699 
        4.35652         29.0267         2.95935 
        4.36265         28.9276         2.94887 
        4.36878         28.8348         2.93844 
        4.37492         28.7367         2.92804 
        4.38106         28.6048          2.9177 
        4.38719         28.4895         2.90742 
        4.39333         28.3548         2.89719 
        4.39946         28.2783           2.887 
         4.4056         28.1484         2.87686 
        4.41173         28.0549         2.86678 
        4.41786         27.9582         2.85675 
          4.424         27.8234         2.84676 
        4.43014         27.7359          2.8368 
        4.43628         27.6538          2.8269 
        4.44241         27.5198         2.81705 
        4.44855         27.4202         2.80725 
        4.45469         27.3354         2.79748 
        4.46083         27.2271         2.78778 
        4.46696         27.1057         2.77813 
        4.47309         27.0357         2.76851 
        4.47923         26.8916         2.75893 
        4.48537         26.7908         2.74941 
         4.4915         26.7022         2.73993 
        4.49764         26.5833         2.73049 
        4.50378          26.495          2.7211 
        4.50991          26.391         2.71176 
        4.51604         26.2908         2.70247 
        4.52218         26.1991          2.6932 
        4.52832         26.1051         2.68398 
        4.53445         26.0104         2.67482 
        4.54059         25.8834         2.66569 
        4.54673         25.8252          2.6566 
        4.55286          25.702         2.64756 
          4.559         25.6063         2.63856 
        4.56513         25.5095          2.6296 
        4.57127         25.4474         2.62069 
        4.57741         25.3493         2.61181 
        4.58354         25.2276         2.60298 
        4.58968           25.12         2.59418 
        4.59582         25.0642         2.58543 
        4.60195         24.9511         2.57672 
        4.60809         24.8537         2.56805 
        4.61422         24.7717         2.55942 
        4.62036          24.702         2.55083 
        4.62649         24.5846         2.54228 
        4.63263         24.5112         2.53377 
        4.63876         24.4153          2.5253 
         4.6449         24.3264         2.51686 
        4.65104          24.249         2.50847 
        4.65717         24.1469         2.50012 
        4.66331         24.0766          2.4918 
        4.66944         23.9907         2.48352 
        4.67558         23.8869         2.47528 
        4.68171         23.8159         2.46708 
        4.68785         23.7239          2.4589 
        4.69399         23.6198         2.45077 
        4.70012         23.5403         2.44269 
        4.70625         23.4788         2.43463 
        4.71239         23.3981         2.42661 
        4.71853          23.316         2.41863 
        4.72467         23.2005         2.41068 
         4.7308         23.1402         2.40277 
        4.73694         23.0395         2.39489 
        4.74308         22.9517         2.38705 
        4.74922         22.8642         2.37924 
        4.75535         22.7948         2.37147 
        4.76148         22.7215         2.36375 
        4.76762         22.6406         2.35604 
        4.77376         22.5443         2.34837 
        4.77989         22.4474         2.34075 
        4.78602         22.3991         2.33315 
        4.79216         22.3324         2.32558 
         4.7983         22.2505         2.31805 
        4.80443          22.136         2.31056 
        4.81056         22.0812          2.3031 
         4.8167         21.9721         2.29567 
        4.82284         21.9247         2.28826 
        4.82898         21.8332          2.2809 
        4.83511         21.7839         2.27357 
        4.84125         21.6911         2.26627 
        4.84739         21.6143           2.259 
        4.85352         21.5493         2.25177 
        4.85965         21.4777         2.24457 
        4.86579         21.4112          2.2374 
        4.87193         21.3046         2.23025 
        4.87807         21.2506         2.22314 
         4.8842         21.1422         2.21607 
        4.89034         21.1033         2.20902 
        4.89647          21.043           2.202 
        4.90261         20.9505         2.19502 
        4.90874         20.8849         2.18807 
        4.91488          20.806         2.18114 
        4.92102         20.7436         2.17424 
        4.92715         20.6561         2.16738 
        4.93329         20.5973         2.16055 
        4.93942         20.5317         2.15374 
        4.94556         20.4507         2.14696 
         4.9517         20.3903         2.14022 
        4.95783         20.3337          2.1335 
        4.96397         20.2466         2.12681 
        4.97011         20.1839         2.12015 
        4.97624         20.1046         2.11352 
        4.98238         20.0423         2.10692 
        4.98851         19.9916         2.10035 
        4.99465         19.9216          2.0938 
        5.00078         19.8223         2.08729 
        5.00691         19.7842          2.0808 
        5.01305         19.7053         2.07434 
        5.01919         19.6403          2.0679 
        5.02533         19.5772         2.06149 
        5.03146         19.5014         2.05511 
         5.0376         19.4384         2.04876 
        5.04374         19.3666         2.04243 
        5.04987         19.3238         2.03613 
        5.05601         19.2443         2.02986 
        5.06215         19.2054         2.02361 
        5.06829         19.1156         2.01739 
        5.07442         19.0671          2.0112 
        5.08055         19.0013         2.00504 
        5.08668         18.9578          1.9989 
        5.09282          18.879         1.99278 
        5.09896         18.8292         1.98669 
        5.10509         18.7493         1.98063 
        5.11123         18.6914          1.9746 
        5.11736         18.6273         1.96858 
         5.1235          18.571         1.96259 
        5.12964          18.538         1.95663 
        5.13577          18.453         1.95069 
        5.14191         18.3955         1.94478 
        5.14804         18.3487         1.93889 
        5.15418          18.267         1.93303 
        5.16032         18.2211         1.92719 
        5.16645         18.1477         1.92137 
        5.17259         18.1138         1.91558 
        5.17872         18.0365         1.90981 
        5.18486         17.9786         1.90406 
          5.191         17.9425         1.89834 
        5.19713         17.8849         1.89265 
        5.20327         17.8165         1.88698 
        5.20941         17.7545         1.88133 
        5.21555          17.696         1.87569 
        5.22168         17.6574         1.87009 
        5.22781         17.5982         1.86452 
        5.23395         17.5525         1.85896 
        5.24009         17.4715         1.85342 
        5.24622         17.4288         1.84791 
        5.25236         17.3844         1.84242 
         5.2585         17.3276         1.83695 
        5.26463         17.2659         1.83151 
        5.27077         17.2351         1.82609 
         5.2769         17.1667         1.82069 
        5.28304         17.1043         1.81531 
        5.28917         17.0615         1.80996 
         5.2953         17.0235         1.80462 
        5.30144         16.9576         1.79931 
        5.30757         16.8983         1.79402 
        5.31371         16.8463         1.78875 
        5.31985         16.8146          1.7835 
        5.32599         16.7565         1.77827 
        5.33213         16.7002         1.77306 
        5.33826         16.6454         1.76787 
         5.3444         16.6093         1.76271 
        5.35053         16.5525         1.75756 
        5.35667         16.5042         1.75244 
        5.36281           16.46         1.74733 
        5.36894         16.4097         1.74225 
        5.37507         16.3589         1.73719 
        5.38121         16.3223         1.73215 
        5.38735         16.2625         1.72712 
        5.39348          16.226         1.72213 
        5.39961         16.1673         1.71715 
        5.40575         16.1221         1.71218 
        5.41189         16.0734         1.70724 
        5.41803          16.034         1.70231 
        5.42416         15.9987         1.69741 
         5.4303         15.9345         1.69252 
        5.43644         15.9081         1.68766 
        5.44257         15.8538         1.68282 
        5.44871         15.8084         1.67799 
        5.45484         15.7516         1.67318 
        5.46098         15.7029         1.66839 
        5.46712         15.6706         1.66362 
        5.47325         15.6292         1.65887 
        5.47938         15.5916         1.65414 
        5.48552         15.5385         1.64943 
        5.49165         15.4873         1.64473 
        5.49779         15.4402         1.64005 
        5.50393         15.4151         1.63539 
        5.51006          15.366         1.63075 
         5.5162         15.3241         1.62613 
        5.52234         15.2827         1.62152 
        5.52847         15.2618         1.61693 
        5.53461         15.2112         1.61236 
        5.54075         15.1624         1.60781 
        5.54688         15.1245         1.60328 
        5.55302         15.0777         1.59876 
        5.55915         15.0366         1.59426 
        5.56529              15         1.58978 
        5.57143         14.9591         1.58532 
        5.57756           14.93         1.58087 
         5.5837         14.8875         1.57644 
        5.58983         14.8427         1.57203 
        5.59597         14.7962         1.56764 
         5.6021         14.7681         1.56326 
        5.60824         14.7316         1.55889 
        5.61438         14.7012         1.55455 
        5.62051         14.6601         1.55022 
        5.62665          14.632         1.54591 
        5.63278         14.5838         1.54161 
        5.63892         14.5441         1.53733 
        5.64505         14.5198         1.53307 
        5.65119         14.4794         1.52882 
        5.65733         14.4443         1.52459 
        5.66346         14.3987         1.52038 
         5.6696          14.373         1.51618 
        5.67573         14.3294           1.512 
        5.68187          14.306         1.50783 
          5.688         14.2525         1.50368 
        5.69414         14.2277         1.49954 
        5.70028         14.1954         1.49542 
        5.70642         14.1626         1.49132 
        5.71255         14.1227         1.48723 
        5.71869         14.0911         1.48316 
        5.72482         14.0713          1.4791 
        5.73096         14.0361         1.47506 
        5.73709         14.0027         1.47103 
        5.74322         13.9535         1.46702 
        5.74936         13.9348         1.46302 
         5.7555         13.8917         1.45904 
        5.76164           13.87         1.45507 
        5.76777         13.8403         1.45112 
        5.77391          13.808         1.44718 
        5.78005         13.7671         1.44325 
        5.78618          13.744         1.43935 
        5.79231         13.7213         1.43546 
        5.79845         13.6887         1.43157 
        5.80459         13.6563          1.4277 
        5.81073         13.6362         1.42386 
        5.81686         13.5924         1.42002 
          5.823         13.5678          1.4162 
        5.82914         13.5324         1.41239 
        5.83527          13.503          1.4086 
         5.8414         13.4891         1.40482 
        5.84754         13.4487         1.40105 
        5.85368          13.433         1.39729 
        5.85981         13.4004         1.39356 
        5.86595         13.3792         1.38983 
        5.87208          13.339         1.38612 
        5.87822         13.3251         1.38243 
        5.88435         13.2847         1.37874 
        5.89049         13.2609         1.37507 
        5.89662         13.2343         1.37141 
        5.90276         13.2259         1.36777 
         5.9089         13.1912         1.36414 
        5.91503         13.1687         1.36052 
        5.92117         13.1415         1.35692 
        5.92731         13.1172         1.35332 
        5.93344         13.0897         1.34975 
        5.93958         13.0768         1.34618 
        5.94572         13.0479         1.34263 
        5.95186          13.018         1.33909 
        5.95799         12.9973         1.33556 
        5.96412         12.9689         1.33205 
        5.97026         12.9589         1.32855 
         5.9764         12.9227         1.32506 
        5.98253         12.9065         1.32159 
        5.98866           12.88         1.31812 
         5.9948         12.8548         1.31467 
        6.00094         12.8415         1.31123 
        6.00707         12.8177         1.30781 
        6.01321          12.805         1.30439 
        6.01935         12.7666         1.30099 
        6.02548         12.7605          1.2976 
        6.03162         12.7359         1.29422 
        6.03775         12.7228         1.29086 
        6.04389         12.6996         1.28751 
        6.05003         12.6834         1.28416 
        6.05617         12.6611         1.28083 
         6.0623         12.6435         1.27751 
        6.06844         12.6312         1.27421 
        6.07457         12.6072         1.27092 
         6.0807         12.5818         1.26764 
        6.08684         12.5693         1.26437 
        6.09298         12.5527         1.26111 
        6.09912         12.5409         1.25786 
        6.10525          12.518         1.25462 
        6.11138         12.5037          1.2514 
        6.11752         12.4917         1.24818 
        6.12366          12.482         1.24498 
        6.12979         12.4585         1.24179 
        6.13593         12.4497         1.23861 
        6.14207           12.43         1.23544 
         6.1482         12.4043         1.23229 
        6.15434          12.395         1.22914 
        6.16047         12.3806         1.22601 
        6.16661         12.3749         1.22288 
        6.17274         12.3535         1.21977 
        6.17887         12.3449         1.21667 
        6.18501         12.3358         1.21358 
        6.19115         12.3155          1.2105 
        6.19729         12.3023         1.20742 
        6.20342         12.2823         1.20436 
        6.20956         12.2809         1.20132 
         6.2157         12.2695         1.19828 
        6.22183         12.2457         1.19525 
        6.22797         12.2417         1.19223 
         6.2341         12.2356         1.18923 
        6.24024         12.2293         1.18623 
        6.24638         12.2081         1.18324 
        6.25251         12.2087         1.18027 
        6.25865         12.1991          1.1773 
        6.26478         12.1805         1.17435 
        6.27092         12.1755          1.1714 
        6.27705         12.1745         1.16847 
        6.28318         12.1455         1.16555 
