# k  (h/Mpc)    Pcb(k)  (Mpc/h)^3    Pcb_linear(k)  (Mpc/h)^3
     0.00783031         4637.22         4690.45 
       0.013688         5864.29         5848.36 
       0.019231         5943.96          5937.6 
      0.0249154         5431.94         5491.51 
      0.0312784         4736.86         4755.13 
      0.0375637         4065.29         4056.01 
      0.0433917         3520.37         3545.13 
      0.0492413         3176.24         3180.15 
      0.0555754         2871.81         2912.27 
      0.0619321         2725.08         2712.34 
       0.067871         2504.92         2534.86 
      0.0738098         2308.22         2336.92 
      0.0800417         2065.86          2103.7 
      0.0862327         1847.03         1864.53 
      0.0921407         1652.65         1653.69 
      0.0982031         1467.49          1474.2 
       0.104506         1354.48         1335.22 
       0.110769         1256.21         1240.43 
       0.116806         1181.69         1177.06 
       0.122832         1135.77         1125.79 
       0.129052         1066.66         1071.38 
       0.135211         1005.57         1007.89 
       0.141259         945.798         935.784 
       0.147318         877.157         859.184 
       0.153489         798.449         784.558 
       0.159709         741.852         719.727 
       0.165845         702.369         669.368 
       0.171974         658.488          632.13 
       0.178125         630.837         604.523 
       0.184229         608.869         582.102 
        0.19034         573.566         560.135 
       0.196428         559.266         535.753 
       0.202534         538.174         507.953 
       0.208729         506.143         477.476 
       0.214876         474.379          447.27 
       0.220989         454.989          419.61 
       0.227147         427.427         395.734 
        0.23329         409.055         376.342 
       0.239377         397.917         360.895 
       0.245482         374.494         347.909 
       0.251667          369.41         335.816 
       0.257832         357.052          323.61 
       0.263955         343.701         310.721 
       0.270079         330.381         297.065 
        0.27624         322.852         283.086 
       0.282372         309.089         269.638 
        0.28843         297.031         257.421 
       0.294538         284.232         246.536 
       0.300721         279.976         236.985 
        0.30691          267.34         228.643 
       0.313033         260.796         221.147 
       0.319153         250.113         213.993 
       0.325316         244.731         206.801 
        0.33145         236.263         199.543 
       0.337538         232.145          192.27 
       0.343633         224.078         185.099 
       0.349808         217.004         178.144 
       0.355968          212.57         171.676 
       0.362074         206.454         165.812 
       0.368217         200.865         160.427 
       0.374374         194.789         155.463 
       0.380519         190.877         150.796 
       0.386598         185.939         146.345 
       0.392688         182.991         141.973 
        0.39888         178.165         137.577 
       0.405048          174.04         133.275 
       0.411186         170.158         129.114 
       0.417313          165.99         125.129 
       0.423458         162.443         121.349 
       0.429607         158.482         117.792 
       0.435692          153.43         114.479 
       0.441815         152.282         111.326 
       0.447964         149.733         108.301 
       0.454126          143.24         105.369 
       0.460267         141.611         102.527 
       0.466387         139.219         99.7684 
        0.47254         136.604         97.0657 
       0.478662         134.972         94.4601 
       0.484765          131.21          91.961 
       0.490885         128.938         89.5615 
       0.497035         127.336         87.2546 
       0.503198         123.847         85.0436 
       0.509342         121.473         82.9311 
       0.515458         119.717         80.9063 
       0.521598         118.118         78.9384 
       0.527764         116.246         77.0187 
       0.533884         114.345         75.1685 
           0.54          112.26         73.3752 
       0.546137         111.218         71.6315 
       0.552299         109.511         69.9375 
       0.558452         106.913         68.3045 
       0.564573         105.018         66.7378 
       0.570708         103.749         65.2236 
       0.576825         102.158         63.7652 
       0.582926         100.229         62.3568 
       0.589034          98.354         60.9881 
       0.595184         97.2492         59.6498 
       0.601379         96.1119         58.3412 
       0.607522         93.7876         57.0816 
       0.613639         93.6149         55.8642 
       0.619772         91.4211         54.6797 
       0.625918         90.6445          53.528 
       0.632068         89.5262           52.41 
       0.638161         88.3604         51.3354 
         0.6443         87.1194         50.2848 
       0.650464         85.9827          49.261 
       0.656582         84.9952         48.2737 
       0.662703         83.3649         47.3134 
       0.668861         82.4808         46.3734 
       0.675024         81.4842         45.4579 
       0.681124         80.3654         44.5761 
       0.687237              79          43.716 
       0.693381         78.2765          42.875 
       0.699536         77.1147         42.0553 
       0.705665         77.4725         41.2613 
       0.711789         75.3643         40.4891 
       0.717957         74.8315         39.7319 
        0.72409         73.8125         38.9987 
       0.730186         72.6083         38.2886 
       0.736317         72.4275         37.5925 
       0.742472         71.4126         36.9111 
       0.748622         70.7897         36.2474 
        0.75476         69.9708         35.6016 
       0.760888         68.9823         34.9726 
       0.767043         68.2958         34.3565 
       0.773185         67.4659         33.7568 
       0.779291         67.0881         33.1751 
       0.785407         66.4529         32.6065 
       0.791564         65.5168         32.0479 
       0.797719         64.5371         31.5028 
       0.803834          64.354         30.9741 
       0.809972         63.2785         30.4558 
       0.816124         62.6157         29.9484 
       0.822261         62.2017          29.454 
       0.828378         61.7168         28.9724 
       0.834502         61.0073         28.5013 
       0.840667         60.5005         28.0377 
       0.846816         59.7012         27.5859 
       0.852925         59.1941          27.147 
       0.859047         58.4284         26.7168 
       0.865192         58.1397         26.2946 
       0.871341          57.845         25.8814 
       0.877463         56.7187         25.4791 
       0.883569         56.3768         25.0864 
       0.889708         56.0801         24.7001 
       0.895864         55.5448          24.321 
       0.902008         55.0575         23.9508 
       0.908149         54.6254         23.5886 
       0.914301         54.2489         23.2334 
       0.920448         53.5932          22.886 
       0.926574          53.191         22.5469 
       0.932687         52.7733         22.2155 
       0.938823         51.9932         21.8897 
       0.944975         51.8781         21.5697 
       0.951105         51.3712         21.2574 
       0.957225         50.7328         20.9518 
       0.963368         50.6677         20.6513 
       0.969511         50.2535         20.3567 
       0.975621         49.8395         20.0696 
       0.981748         49.2538         19.7873 
       0.987916         49.0097         19.5087 
        0.99406         48.6872         19.2366 
        1.00019         48.0706         18.9703 
        1.00632         47.8672         18.7093 
        1.01246         47.4925         18.4529 
        1.01859         46.8867         18.2017 
        1.02471          46.964         17.9557 
        1.03085          46.459         17.7133 
        1.03698         45.9356          17.476 
        1.04314         45.5416         17.2421 
        1.04929         45.3383          17.013 
        1.05541         44.8344         16.7891 
        1.06154         44.7701         16.5687 
        1.06769         44.3619         16.3519 
        1.07382         44.0625         16.1398 
        1.07993         43.9077         15.9319 
        1.08607         43.3711         15.7269 
        1.09222          43.238         15.5254 
        1.09836         42.8477         15.3276 
        1.10449         42.5637         15.1335 
        1.11063         42.0458         14.9427 
        1.11677         41.8749         14.7552 
         1.1229         41.7361         14.5713 
        1.12903         41.1537         14.3904 
        1.13518         41.1017         14.2124 
        1.14131         40.9676         14.0376 
        1.14745         40.4687         13.8658 
        1.15359         40.3981          13.697 
        1.15973         39.9194         13.5309 
        1.16584         39.6281         13.3683 
        1.17197         39.5958         13.2082 
        1.17811         39.1922         13.0502 
        1.18424         38.8329         12.8953 
        1.19038         38.8052         12.7425 
        1.19652         38.5748         12.5923 
        1.20267         38.2989         12.4445 
        1.20881         37.9992         12.2991 
        1.21495         37.7365         12.1563 
        1.22108         37.5155         12.0158 
         1.2272         37.1174         11.8779 
        1.23334         37.0205         11.7419 
        1.23949         36.8555         11.6077 
        1.24562         36.6323         11.4759 
        1.25174         36.4562         11.3465 
        1.25789         36.1863         11.2186 
        1.26402         35.9799          11.093 
        1.27014         35.6408         10.9696 
        1.27628         35.4935         10.8478 
        1.28244         35.2872         10.7276 
        1.28858         35.1638         10.6093 
        1.29471          34.958         10.4932 
        1.30084         34.7477         10.3789 
        1.30697          34.481         10.2661 
        1.31312         34.1828         10.1549 
        1.31925         34.1086         10.0456 
        1.32537         33.9487         9.93815 
        1.33151         33.6914         9.83185 
        1.33765         33.6443         9.72718 
        1.34378         33.4442         9.62426 
        1.34992         33.0039         9.52276 
        1.35606         32.9051         9.42252 
         1.3622         32.7223         9.32392 
        1.36833         32.5512         9.22697 
        1.37445         32.5458         9.13146 
        1.38059         32.3162         9.03703 
        1.38675         32.0038         8.94371 
        1.39288         31.9394          8.8521 
        1.39901         31.6583         8.76182 
        1.40515         31.5491         8.67261 
         1.4113         31.4208         8.58469 
        1.41742         31.0921         8.49833 
        1.42355          31.066           8.413 
         1.4297         30.8565          8.3286 
        1.43585         30.8144         8.24541 
        1.44198         30.5127         8.16367 
        1.44809          30.387         8.08321 
        1.45423         30.2822         8.00354 
        1.46036         30.1793          7.9251 
        1.46649         29.9469          7.8477 
        1.47263         29.7837         7.77127 
        1.47877          29.678          7.6959 
        1.48491         29.5063         7.62142 
        1.49104         29.4286          7.5481 
        1.49718         29.1468         7.47568 
        1.50333          29.099         7.40411 
        1.50947         28.9635         7.33363 
         1.5156         28.7543         7.26418 
        1.52172         28.5534         7.19563 
        1.52787         28.5756         7.12784 
          1.534          28.325           7.061 
        1.54013          28.125          6.9951 
        1.54627         28.0928         6.92993 
        1.55241         27.9014         6.86558 
        1.55855         27.7487         6.80215 
        1.56467         27.6375          6.7397 
         1.5708         27.5535         6.67786 
        1.57695         27.2674         6.61671 
        1.58308         27.3424         6.55648 
        1.58922         27.1303         6.49695 
        1.59535         26.9555          6.4382 
         1.6015         26.8452         6.38009 
        1.60764         26.7929         6.32273 
        1.61376         26.6006         6.26625 
        1.61989          26.391         6.21041 
        1.62604         26.3818         6.15513 
        1.63218         26.1874         6.10056 
        1.63831         26.1372         6.04679 
        1.64444         25.9696         5.99365 
        1.65059          25.818         5.94102 
        1.65673         25.7286         5.88909 
        1.66285         25.6074         5.83793 
        1.66898         25.4997         5.78736 
        1.67512         25.4209          5.7373 
        1.68127         25.2239         5.68779 
         1.6874          25.132         5.63898 
        1.69353         25.0685         5.59078 
        1.69967         24.8785         5.54303 
        1.70581         24.7926         5.49586 
        1.71193         24.6632         5.44942 
        1.71806         24.5642         5.40342 
        1.72421         24.4428         5.35787 
        1.73035         24.3564          5.3129 
        1.73649         24.2347         5.26845 
        1.74262         24.1543         5.22455 
        1.74876         24.0531         5.18113 
        1.75489         23.9107         5.13829 
        1.76101         23.8316         5.09596 
        1.76715         23.7344         5.05404 
        1.77329         23.6534         5.01255 
        1.77943         23.5072         4.97151 
        1.78557         23.4256         4.93099 
        1.79171         23.3419         4.89092 
        1.79785           23.19         4.85129 
        1.80399         23.0878         4.81211 
        1.81012          23.057         4.77342 
        1.81625          22.926         4.73517 
        1.82239          22.892         4.69729 
        1.82853         22.6803         4.65984 
        1.83466         22.5769         4.62284 
        1.84078         22.4377         4.58629 
        1.84692           22.45         4.55007 
        1.85306         22.3008          4.5142 
         1.8592         22.2171         4.47878 
        1.86533          22.121         4.44376 
        1.87147         22.0234         4.40908 
        1.87761         22.0036         4.37475 
        1.88375         21.8514         4.34083 
        1.88988         21.8068         4.30731 
        1.89601         21.6492         4.27413 
        1.90215         21.5752         4.24128 
        1.90829         21.5285         4.20878 
        1.91442          21.409         4.17663 
        1.92056         21.3319         4.14484 
         1.9267         21.2424         4.11336 
        1.93284         21.1254         4.08218 
        1.93897         21.0663         4.05139 
        1.94509         20.9785         4.02098 
        1.95123         20.8539         3.99081 
        1.95737          20.792         3.96094 
        1.96349         20.7066         3.93144 
        1.96964          20.604         3.90217 
        1.97578         20.5625         3.87318 
        1.98192         20.4118         3.84454 
        1.98805         20.3846         3.81619 
        1.99419         20.2792         3.78813 
        2.00033         20.1703         3.76034 
        2.00647          20.109         3.73284 
         2.0126         19.9869         3.70566 
        2.01874         19.9314         3.67871 
        2.02488         19.8925           3.652 
        2.03101         19.8274         3.62562 
        2.03714          19.721         3.59951 
        2.04328         19.6091         3.57364 
        2.04941         19.5326         3.54805 
        2.05554         19.5165         3.52272 
        2.06167         19.4258         3.49761 
        2.06781         19.3497         3.47274 
        2.07396         19.2634         3.44808 
        2.08009          19.194         3.42371 
        2.08622         19.0997          3.3996 
        2.09237         19.0273         3.37567 
        2.09851          18.949         3.35197 
        2.10464         18.8836         3.32854 
        2.11077         18.7708         3.30537 
        2.11691         18.7547         3.28236 
        2.12305          18.635         3.25957 
        2.12918         18.5709         3.23706 
        2.13531         18.5182         3.21476 
        2.14145         18.4189         3.19262 
         2.1476         18.3574         3.17066 
        2.15372         18.3018         3.14902 
        2.15985         18.1856         3.12756 
        2.16599          18.154         3.10624 
        2.17213          18.093         3.08514 
        2.17827         18.0175         3.06425 
         2.1844         17.9339         3.04357 
        2.19054          17.861         3.02307 
        2.19666         17.8198          3.0028 
         2.2028         17.7679         2.98269 
        2.20893         17.6462         2.96275 
        2.21508         17.6017         2.94298 
        2.22122         17.5026         2.92338 
        2.22736         17.4527         2.90401 
        2.23349         17.3791         2.88481 
        2.23962         17.3102         2.86578 
        2.24577         17.2254         2.84691 
         2.2519         17.2072         2.82823 
        2.25802         17.1562         2.80975 
        2.26417          17.085         2.79138 
        2.27031          17.005         2.77317 
        2.27644         16.9438         2.75517 
        2.28257         16.8699         2.73733 
        2.28872          16.799         2.71961 
        2.29486         16.7621         2.70206 
        2.30099          16.687          2.6847 
        2.30712         16.6536         2.66749 
        2.31326          16.575         2.65039 
         2.3194         16.4989         2.63346 
        2.32553         16.4398         2.61671 
        2.33166         16.3405         2.60011 
         2.3378         16.3023         2.58363 
        2.34394          16.241         2.56729 
        2.35007         16.1669         2.55111 
        2.35619         16.1007         2.53509 
        2.36233         16.0531         2.51918 
        2.36848         16.0198         2.50337 
        2.37462         15.9969         2.48773 
        2.38075         15.8948         2.47223 
        2.38689         15.8581         2.45686 
        2.39303         15.7783         2.44162 
        2.39916         15.7225         2.42653 
        2.40529         15.6644         2.41157 
        2.41143         15.6087         2.39672 
        2.41757         15.5623         2.38199 
         2.4237         15.4853         2.36742 
        2.42983         15.4395         2.35296 
        2.43598          15.384         2.33859 
        2.44211          15.309         2.32437 
        2.44823         15.2522          2.3103 
        2.45437         15.2328          2.2963 
        2.46052         15.1735         2.28241 
        2.46665         15.0978         2.26866 
        2.47279         15.0364         2.25503 
        2.47892         15.0041          2.2415 
        2.48507         14.9637         2.22807 
         2.4912         14.8994         2.21478 
        2.49733         14.8353          2.2016 
        2.50347         14.8062          2.1885 
        2.50961         14.7404         2.17552 
        2.51575         14.6909         2.16264 
        2.52188         14.6112         2.14989 
        2.52802         14.5822         2.13723 
        2.53416         14.5069         2.12466 
        2.54029         14.4606         2.11222 
        2.54641         14.4432         2.09988 
        2.55255         14.3559         2.08763 
        2.55869         14.2929         2.07546 
        2.56483         14.2622          2.0634 
        2.57096         14.2015         2.05145 
        2.57709         14.1673         2.03959 
        2.58323          14.127         2.02782 
        2.58937         14.0527         2.01613 
        2.59551         14.0139         2.00455 
        2.60164         13.9784         1.99307 
        2.60778         13.9273         1.98166 
        2.61392          13.896         1.97035 
        2.62006         13.8041         1.95913 
        2.62619         13.7868         1.94801 
        2.63232         13.7024         1.93697 
        2.63846         13.6827         1.92601 
        2.64459         13.6214         1.91515 
        2.65072         13.5855         1.90437 
        2.65686          13.518         1.89367 
          2.663         13.4868         1.88304 
        2.66915         13.4421         1.87249 
        2.67527         13.4015         1.86205 
        2.68141         13.3311         1.85168 
        2.68755         13.3035         1.84138 
        2.69368         13.2577         1.83117 
        2.69981         13.2096         1.82105 
        2.70595         13.1693         1.81098 
        2.71209         13.1205         1.80098 
        2.71823         13.0538         1.79108 
        2.72436           13.02         1.78126 
         2.7305         12.9801          1.7715 
        2.73663         12.9426         1.76182 
        2.74276         12.9135         1.75222 
         2.7489         12.8792         1.74269 
        2.75504         12.8155         1.73321 
        2.76118         12.7738         1.72381 
        2.76732         12.7209         1.71449 
        2.77345         12.6822         1.70524 
        2.77959         12.6344         1.69605 
        2.78572         12.5918         1.68694 
        2.79186         12.5474          1.6779 
        2.79798         12.4998         1.66893 
        2.80412         12.4335         1.66001 
        2.81027         12.4033         1.65115 
         2.8164         12.3737         1.64237 
        2.82253         12.3354         1.63366 
        2.82867         12.2992           1.625 
        2.83481         12.2647         1.61641 
        2.84095         12.2136         1.60788 
        2.84708         12.1817         1.59942 
        2.85322         12.1325         1.59101 
        2.85935         12.0777         1.58267 
        2.86549         12.0425         1.57439 
        2.87162         12.0154         1.56617 
        2.87776          11.988         1.55801 
        2.88389         11.9375          1.5499 
        2.89003         11.8838         1.54186 
        2.89617          11.863         1.53387 
        2.90231         11.8046         1.52593 
        2.90844         11.7926         1.51806 
        2.91458         11.7472         1.51024 
        2.92071         11.6928         1.50248 
        2.92684         11.6727         1.49478 
        2.93298         11.6225         1.48713 
         2.9391         11.6004         1.47954 
        2.94524         11.5447           1.472 
        2.95138         11.5318          1.4645 
        2.95752         11.4863         1.45706 
        2.96367         11.4387         1.44966 
         2.9698         11.4162         1.44233 
        2.97594         11.3666         1.43504 
        2.98207         11.3133         1.42781 
        2.98821         11.2981         1.42063 
        2.99434         11.2429          1.4135 
        3.00048         11.2048         1.40641 
        3.00662          11.188         1.39938 
        3.01275         11.1373          1.3924 
        3.01888          11.116         1.38546 
        3.02503         11.0646         1.37857 
        3.03117         11.0403         1.37172 
        3.03729         11.0082         1.36494 
        3.04342         10.9685          1.3582 
        3.04957         10.9201         1.35148 
         3.0557          10.885         1.34483 
        3.06183         10.8621         1.33823 
        3.06796         10.8157         1.33167 
        3.07411         10.7817         1.32513 
        3.08025         10.7487         1.31866 
        3.08637          10.715         1.31224 
         3.0925         10.6861         1.30585 
        3.09865         10.6639         1.29949 
         3.1048         10.6104         1.29318 
        3.11093         10.5883         1.28692 
        3.11706          10.558          1.2807 
         3.1232         10.5326         1.27452 
        3.12933         10.4799         1.26838 
        3.13547         10.4474         1.26229 
        3.14159         10.4196         1.25624 
        3.14773         10.3885         1.25022 
        3.15388         10.3644         1.24424 
        3.16001         10.3358         1.23831 
        3.16614         10.2959         1.23241 
        3.17228         10.2827         1.22655 
        3.17842         10.2337         1.22073 
        3.18455         10.2142         1.21495 
        3.19068         10.1641         1.20921 
        3.19682         10.1326          1.2035 
        3.20297         10.1076         1.19783 
         3.2091         10.0565         1.19219 
        3.21524         10.0557          1.1866 
        3.22138         10.0135         1.18104 
         3.2275         9.99133         1.17552 
        3.23363         9.94344         1.17004 
        3.23977         9.92568         1.16459 
        3.24591         9.88779         1.15917 
        3.25205         9.85688         1.15378 
        3.25818         9.82484         1.14843 
        3.26432         9.79151         1.14312 
        3.27046         9.77189         1.13784 
         3.2766         9.73977         1.13259 
        3.28273         9.72407         1.12738 
        3.28887         9.67555          1.1222 
          3.295         9.65188         1.11706 
        3.30113         9.61557         1.11195 
        3.30727         9.58572         1.10686 
        3.31341         9.57019         1.10182 
        3.31954         9.53574          1.0968 
        3.32568         9.51355         1.09181 
        3.33182          9.4718         1.08686 
        3.33795         9.45031         1.08194 
        3.34409         9.41794         1.07704 
        3.35022         9.39225         1.07218 
        3.35636         9.36114         1.06735 
         3.3625         9.33576         1.06255 
        3.36864         9.31036         1.05777 
        3.37477         9.27563         1.05303 
        3.38091         9.25345         1.04832 
        3.38704         9.21462         1.04364 
        3.39318         9.20624         1.03898 
        3.39931         9.16116         1.03435 
        3.40545         9.14454         1.02976 
        3.41158         9.11084         1.02519 
        3.41772         9.07562         1.02065 
        3.42385         9.05904         1.01614 
        3.42998         9.02578         1.01165 
        3.43612         9.00469          1.0072 
        3.44226         8.98107         1.00276 
         3.4484         8.95914        0.998352 
        3.45453         8.92375        0.993977 
        3.46066         8.90282         0.98963 
        3.46681         8.87235        0.985298 
        3.47295         8.84999        0.980995 
        3.47908         8.82576        0.976728 
        3.48521         8.79219        0.972485 
        3.49135         8.77336         0.96826 
        3.49749         8.73982        0.964063 
        3.50362         8.73361        0.959892 
        3.50976         8.68576        0.955748 
        3.51589         8.65922        0.951626 
        3.52203         8.63976        0.947529 
        3.52816         8.61704        0.943462 
        3.53429         8.59918        0.939415 
        3.54043         8.55775        0.935387 
        3.54657         8.54102        0.931383 
        3.55271         8.51477        0.927408 
        3.55884         8.49245        0.923458 
        3.56498         8.46444        0.919525 
        3.57112         8.44069        0.915615 
        3.57725          8.4249        0.911732 
        3.58338         8.39661        0.907875 
        3.58952         8.36649        0.904035 
        3.59566         8.34602        0.900214 
         3.6018         8.31765        0.896419 
        3.60793         8.29987        0.892649 
        3.61407          8.2643        0.888901 
        3.62021         8.24358        0.885171 
        3.62634         8.21938        0.881465 
        3.63247          8.2082        0.877781 
        3.63861         8.17583        0.874118 
        3.64475         8.16018         0.87047 
        3.65089         8.13356        0.866848 
        3.65702         8.10163        0.863251 
        3.66316         8.08197        0.859669 
        3.66929         8.06736         0.85611 
        3.67543         8.03616        0.852571 
        3.68156           8.013        0.849053 
        3.68769         7.99234        0.845554 
        3.69383         7.98235        0.842073 
        3.69997         7.94269        0.838612 
        3.70611         7.93098        0.835173 
        3.71224         7.89969        0.831752 
        3.71838         7.88181         0.82835 
        3.72451         7.86051         0.82497 
        3.73065         7.83994         0.82161 
        3.73678         7.80541        0.818266 
        3.74292         7.78977        0.814938 
        3.74906         7.77892        0.811632 
        3.75519          7.7495        0.808344 
        3.76133         7.71602        0.805075 
        3.76746         7.70187        0.801825 
         3.7736         7.68735        0.798594 
        3.77974         7.66099        0.795377 
        3.78588         7.64361        0.792178 
        3.79201         7.61806        0.788999 
        3.79814         7.59052        0.785839 
        3.80428          7.5664        0.782695 
        3.81042         7.54809        0.779566 
        3.81655         7.53808        0.776457 
        3.82268         7.51085        0.773367 
        3.82882         7.49338        0.770293 
        3.83496         7.47441        0.767232 
        3.84109         7.45905         0.76419 
        3.84723          7.4249        0.761166 
        3.85337         7.40202        0.758154 
        3.85951         7.39709        0.755158 
        3.86565         7.36806        0.752183 
        3.87178          7.3464        0.749226 
        3.87791         7.32947        0.746284 
        3.88405         7.30846        0.743355 
        3.89019         7.28176        0.740442 
        3.89632         7.26455        0.737547 
        3.90246         7.24228        0.734666 
         3.9086         7.22184        0.731799 
        3.91473         7.20505        0.728952 
        3.92086         7.18825        0.726122 
        3.92699         7.17172        0.723302 
        3.93313         7.15116        0.720496 
        3.93927         7.12797        0.717708 
         3.9454         7.10732        0.714935 
        3.95154         7.08557        0.712174 
        3.95768         7.06722        0.709428 
        3.96382         7.05143        0.706698 
        3.96995         7.03835        0.703982 
        3.97609         7.01399        0.701281 
        3.98222         6.99549        0.698597 
        3.98836         6.97265        0.695924 
         3.9945         6.95805        0.693265 
        4.00063         6.93783        0.690622 
        4.00677         6.91779         0.68799 
        4.01291         6.90292        0.685372 
        4.01904         6.87667        0.682772 
        4.02517         6.86345        0.680186 
        4.03131         6.84728        0.677608 
        4.03745          6.8243        0.675044 
        4.04358         6.80423        0.672496 
        4.04972         6.78476        0.669962 
        4.05585         6.76418        0.667439 
        4.06199         6.75291         0.66493 
        4.06812         6.73472        0.662434 
        4.07426         6.71217        0.659951 
         4.0804         6.69727        0.657479 
        4.08654         6.67484         0.65502 
        4.09267         6.66815        0.652577 
         4.0988          6.6462        0.650148 
        4.10494         6.62233        0.647728 
        4.11108         6.61304        0.645319 
        4.11721         6.58641        0.642925 
        4.12334         6.57109        0.640544 
        4.12948         6.55203        0.638174 
        4.13561          6.5367        0.635815 
        4.14176         6.51756        0.633466 
        4.14789         6.49694        0.631131 
        4.15403         6.47914        0.628809 
        4.16016         6.45951        0.626498 
         4.1663          6.4519        0.624199 
        4.17243         6.42195        0.621913 
        4.17857         6.41593        0.619636 
        4.18471         6.39445        0.617371 
        4.19084         6.38125        0.615118 
        4.19698         6.36734        0.612877 
        4.20312         6.34772        0.610645 
        4.20925         6.32945        0.608427 
        4.21538          6.3087        0.606221 
        4.22152         6.29759        0.604023 
        4.22766         6.27755        0.601835 
         4.2338         6.26701        0.599661 
        4.23993         6.24953        0.597497 
        4.24607         6.22597        0.595344 
         4.2522         6.21458        0.593201 
        4.25834         6.20017        0.591069 
        4.26447         6.18078        0.588949 
        4.27061         6.17516        0.586839 
        4.27674         6.14494        0.584738 
        4.28288         6.12711        0.582646 
        4.28902          6.1116        0.580567 
        4.29515         6.10208        0.578498 
        4.30129         6.07823        0.576439 
        4.30743         6.08012        0.574388 
        4.31356         6.05454        0.572349 
        4.31969         6.02995        0.570322 
        4.32583         6.01816        0.568304 
        4.33197         6.00808        0.566292 
         4.3381         5.98258        0.564293 
        4.34424         5.97292        0.562304 
        4.35038         5.96063        0.560321 
        4.35652         5.93764         0.55835 
        4.36265           5.926        0.556391 
        4.36878         5.91944         0.55444 
        4.37492         5.89803        0.552497 
        4.38106         5.88909        0.550563 
        4.38719         5.87179        0.548641 
        4.39333         5.85594        0.546729 
        4.39946         5.83711        0.544824 
         4.4056         5.82607        0.542928 
        4.41173         5.81404        0.541042 
        4.41786         5.79443        0.539166 
          4.424         5.77878        0.537298 
        4.43014         5.76573        0.535436 
        4.43628         5.75595        0.533584 
        4.44241          5.7325        0.531743 
        4.44855         5.72224         0.52991 
        4.45469         5.70463        0.528084 
        4.46083         5.69018        0.526269 
        4.46696         5.67266        0.524463 
        4.47309         5.66327        0.522664 
        4.47923         5.64657        0.520873 
        4.48537         5.63057        0.519092 
         4.4915         5.61243        0.517319 
        4.49764         5.60197        0.515554 
        4.50378         5.58686        0.513796 
        4.50991         5.57468         0.51205 
        4.51604         5.56075        0.510311 
        4.52218         5.54741        0.508577 
        4.52832         5.53185        0.506853 
        4.53445         5.51807        0.505138 
        4.54059         5.50435        0.503431 
        4.54673         5.49359         0.50173 
        4.55286          5.4774        0.500038 
          4.559         5.45759        0.498354 
        4.56513         5.45316        0.496679 
        4.57127         5.44237        0.495011 
        4.57741         5.42225        0.493349 
        4.58354          5.4106        0.491696 
        4.58968         5.38934        0.490051 
        4.59582         5.37596        0.488412 
        4.60195          5.3671        0.486783 
        4.60809         5.35547        0.485161 
        4.61422          5.3384        0.483546 
        4.62036         5.32924        0.481938 
        4.62649         5.31594        0.480337 
        4.63263         5.30645        0.478745 
        4.63876         5.28376        0.477159 
         4.6449         5.27564         0.47558 
        4.65104         5.26494        0.474008 
        4.65717         5.25016        0.472445 
        4.66331         5.23581        0.470888 
        4.66944         5.22387        0.469338 
        4.67558         5.21373        0.467796 
        4.68171         5.19706         0.46626 
        4.68785         5.18855         0.46473 
        4.69399          5.1771        0.463208 
        4.70012         5.15944        0.461694 
        4.70625         5.14528        0.460186 
        4.71239          5.1356        0.458684 
        4.71853         5.12283        0.457189 
        4.72467         5.10863          0.4557 
         4.7308         5.09665        0.454219 
        4.73694         5.08726        0.452745 
        4.74308         5.06951        0.451276 
        4.74922         5.06234        0.449814 
        4.75535         5.05204         0.44836 
        4.76148         5.03821        0.446912 
        4.76762         5.02393        0.445469 
        4.77376         5.00842        0.444033 
        4.77989         5.00067        0.442605 
        4.78602         4.98628        0.441182 
        4.79216         4.97602        0.439765 
         4.7983         4.96565        0.438354 
        4.80443         4.95351        0.436952 
        4.81056         4.93833        0.435554 
         4.8167         4.93011        0.434161 
        4.82284         4.91275        0.432775 
        4.82898         4.90548        0.431396 
        4.83511         4.89219        0.430023 
        4.84125         4.88196        0.428654 
        4.84739          4.8675        0.427293 
        4.85352         4.86082        0.425938 
        4.85965          4.8475        0.424589 
        4.86579         4.83812        0.423245 
        4.87193         4.82224        0.421907 
        4.87807         4.81225        0.420575 
         4.8842         4.80366        0.419249 
        4.89034         4.78795        0.417928 
        4.89647         4.78167        0.416613 
        4.90261         4.76913        0.415305 
        4.90874         4.75861        0.414002 
        4.91488         4.75138        0.412705 
        4.92102         4.74008        0.411412 
        4.92715         4.72427        0.410126 
        4.93329         4.71257        0.408845 
        4.93942          4.7042        0.407569 
        4.94556         4.68843        0.406299 
         4.9517         4.67983        0.405034 
        4.95783         4.67036        0.403776 
        4.96397         4.65887        0.402522 
        4.97011         4.64945        0.401273 
        4.97624         4.63725        0.400031 
        4.98238         4.62897        0.398794 
        4.98851         4.61645        0.397562 
        4.99465         4.60737        0.396334 
        5.00078         4.60065        0.395113 
        5.00691         4.58726        0.393897 
        5.01305         4.57694        0.392686 
        5.01919         4.56764        0.391478 
        5.02533         4.55494        0.390277 
        5.03146         4.54795        0.389081 
         5.0376         4.53845        0.387891 
        5.04374         4.52487        0.386704 
        5.04987         4.51589        0.385523 
        5.05601         4.50607        0.384347 
        5.06215         4.49389        0.383175 
        5.06829          4.4865        0.382008 
        5.07442         4.47522        0.380848 
        5.08055         4.47313        0.379693 
        5.08668         4.45695        0.378541 
        5.09282         4.44758        0.377393 
        5.09896         4.43802        0.376252 
        5.10509         4.43036        0.375115 
        5.11123         4.42021        0.373983 
        5.11736          4.4122        0.372855 
         5.1235         4.39807        0.371731 
        5.12964         4.39179        0.370613 
        5.13577         4.37881        0.369499 
        5.14191         4.36962        0.368389 
        5.14804         4.36126        0.367286 
        5.15418         4.35026        0.366186 
        5.16032         4.34735         0.36509 
        5.16645          4.3352        0.363999 
        5.17259         4.32447        0.362912 
        5.17872         4.31727        0.361831 
        5.18486         4.30706        0.360752 
          5.191         4.29761        0.359679 
        5.19713         4.29433        0.358611 
        5.20327         4.28089        0.357547 
        5.20941         4.27751        0.356486 
        5.21555         4.26239        0.355429 
        5.22168         4.25802        0.354379 
        5.22781         4.24547        0.353332 
        5.23395         4.23654        0.352289 
        5.24009         4.23142         0.35125 
        5.24622         4.21775        0.350216 
        5.25236         4.21289        0.349187 
         5.2585         4.20345         0.34816 
        5.26463         4.19452        0.347138 
        5.27077         4.18596         0.34612 
         5.2769         4.17922        0.345107 
        5.28304         4.17098        0.344098 
        5.28917         4.16056        0.343093 
         5.2953         4.15681        0.342092 
        5.30144         4.14346        0.341095 
        5.30757         4.13977        0.340102 
        5.31371         4.13015        0.339112 
        5.31985         4.12042        0.338126 
        5.32599         4.11293        0.337144 
        5.33213         4.10525        0.336167 
        5.33826          4.0971        0.335193 
         5.3444         4.08915        0.334224 
        5.35053         4.08353        0.333258 
        5.35667         4.07341        0.332296 
        5.36281          4.0692        0.331337 
        5.36894         4.05405        0.330383 
        5.37507          4.0526        0.329433 
        5.38121          4.0453        0.328486 
        5.38735         4.03213        0.327543 
        5.39348         4.02975        0.326605 
        5.39961         4.02162         0.32567 
        5.40575          4.0136        0.324737 
        5.41189         4.00733        0.323809 
        5.41803         3.99996        0.322884 
        5.42416          3.9941        0.321963 
         5.4303         3.98121        0.321046 
        5.43644         3.97852        0.320132 
        5.44257         3.97011        0.319223 
        5.44871         3.96657        0.318316 
        5.45484         3.96054        0.317413 
        5.46098         3.95175        0.316513 
        5.46712         3.93847        0.315617 
        5.47325         3.93689        0.314725 
        5.47938         3.92721        0.313836 
        5.48552         3.92326        0.312952 
        5.49165         3.91663        0.312069 
        5.49779         3.90972        0.311191 
        5.50393          3.9014        0.310315 
        5.51006         3.89738        0.309443 
         5.5162         3.89085        0.308575 
        5.52234         3.88429        0.307709 
        5.52847         3.87742        0.306848 
        5.53461         3.87028        0.305989 
        5.54075         3.86366        0.305134 
        5.54688         3.85586        0.304282 
        5.55302         3.85395        0.303433 
        5.55915         3.84243        0.302588 
        5.56529         3.83627        0.301746 
        5.57143         3.82774        0.300907 
        5.57756         3.82653        0.300071 
         5.5837         3.82239        0.299239 
        5.58983          3.8145         0.29841 
        5.59597         3.80844        0.297584 
         5.6021         3.80284        0.296761 
        5.60824         3.80009        0.295941 
        5.61438         3.79509        0.295125 
        5.62051         3.78757        0.294311 
        5.62665         3.78423        0.293501 
        5.63278         3.77555        0.292693 
        5.63892         3.77531        0.291889 
        5.64505         3.76358        0.291088 
        5.65119         3.76004         0.29029 
        5.65733         3.75496        0.289494 
        5.66346         3.74757        0.288702 
         5.6696         3.74211        0.287913 
        5.67573         3.73797        0.287127 
        5.68187         3.73174        0.286343 
          5.688         3.72731        0.285563 
        5.69414         3.72464        0.284786 
        5.70028         3.71645        0.284011 
        5.70642         3.71706        0.283239 
        5.71255         3.70821         0.28247 
        5.71869         3.70405        0.281705 
        5.72482         3.69892        0.280942 
        5.73096          3.6945        0.280182 
        5.73709         3.68972        0.279425 
        5.74322         3.68683        0.278671 
        5.74936         3.68181        0.277919 
         5.7555         3.67521        0.277169 
        5.76164         3.67215        0.276423 
        5.76777         3.66304        0.275681 
        5.77391         3.66155         0.27494 
        5.78005         3.65729        0.274201 
        5.78618         3.65513        0.273467 
        5.79231         3.64952        0.272735 
        5.79845         3.64543        0.272005 
        5.80459         3.64206        0.271277 
        5.81073         3.63662        0.270553 
        5.81686         3.63224        0.269832 
          5.823         3.63002        0.269113 
        5.82914         3.62598        0.268396 
        5.83527         3.62447        0.267683 
         5.8414         3.61723        0.266972 
        5.84754         3.61362        0.266263 
        5.85368         3.61112        0.265557 
        5.85981         3.60612        0.264854 
        5.86595          3.6011        0.264153 
        5.87208          3.5975        0.263455 
        5.87822         3.59427         0.26276 
        5.88435         3.59424        0.262067 
        5.89049         3.58609        0.261376 
        5.89662         3.58585        0.260688 
        5.90276         3.58367        0.260002 
         5.9089         3.57786        0.259319 
        5.91503         3.57248        0.258638 
        5.92117         3.57296         0.25796 
        5.92731         3.56969        0.257284 
        5.93344         3.56748        0.256611 
        5.93958         3.56524         0.25594 
        5.94572         3.55832        0.255271 
        5.95186         3.55835        0.254605 
        5.95799         3.55694        0.253942 
        5.96412         3.55085         0.25328 
        5.97026         3.55039        0.252621 
         5.9764         3.54833        0.251965 
        5.98253         3.54517        0.251311 
        5.98866         3.54217        0.250659 
         5.9948         3.54122        0.250009 
        6.00094         3.53654        0.249362 
        6.00707          3.5361        0.248717 
        6.01321         3.53479        0.248074 
        6.01935         3.52827        0.247434 
        6.02548         3.52742        0.246796 
        6.03162         3.52363         0.24616 
        6.03775          3.5274        0.245527 
        6.04389         3.52103        0.244896 
        6.05003         3.52198        0.244266 
        6.05617         3.51692        0.243639 
         6.0623         3.51856        0.243015 
        6.06844         3.51723        0.242392 
        6.07457         3.51504        0.241772 
         6.0807         3.51071        0.241154 
        6.08684         3.51146        0.240539 
        6.09298          3.5103        0.239925 
        6.09912         3.50884        0.239313 
        6.10525         3.50864        0.238704 
        6.11138         3.50529        0.238097 
        6.11752         3.50427        0.237492 
        6.12366         3.50448        0.236888 
        6.12979         3.50249        0.236288 
        6.13593         3.49951        0.235689 
        6.14207         3.50055        0.235092 
         6.1482         3.49995        0.234498 
        6.15434         3.49941        0.233905 
        6.16047         3.49852        0.233315 
        6.16661         3.49836        0.232727 
        6.17274          3.4957         0.23214 
        6.17887         3.49531        0.231556 
        6.18501         3.49459        0.230974 
        6.19115         3.49457        0.230393 
        6.19729         3.49509        0.229815 
        6.20342         3.49422        0.229239 
        6.20956         3.49434        0.228664 
         6.2157         3.49431        0.228092 
        6.22183         3.49347        0.227521 
        6.22797         3.49545        0.226953 
         6.2341         3.49254        0.226387 
        6.24024         3.49506        0.225822 
        6.24638         3.49575         0.22526 
        6.25251         3.49662        0.224699 
        6.25865         3.49723        0.224141 
        6.26478         3.49777        0.223584 
        6.27092         3.49843        0.223029 
        6.27705         3.49783        0.222476 
        6.28318         3.49987        0.221926 
