# k  (h/Mpc)    P(k)  (Mpc/h)^3    P_linear(k)  (Mpc/h)^3
     0.00783031         20866.9         21106.5 
       0.013688         21938.7         22602.2 
       0.019231         20016.5         20353.9 
      0.0249154         16972.1         16852.2 
      0.0312784         13055.1           13107 
      0.0375637         10228.2         10325.7 
      0.0433917         8661.44         8635.22 
      0.0492413         7571.82         7593.06 
      0.0555754         6926.47         6885.57 
      0.0619321         6156.67         6311.06 
       0.067871         5681.02         5722.93 
      0.0738098          5075.2          5045.6 
      0.0800417         4376.91         4302.44 
      0.0862327         3705.15         3634.12 
      0.0921407         3251.19          3131.7 
      0.0982031         2931.36         2773.41 
       0.104506          2633.5         2543.18 
       0.110769         2499.19         2402.68 
       0.116806         2406.39         2292.89 
       0.122832          2254.3         2165.56 
       0.129052         2082.88         1997.19 
       0.135211         1953.93         1802.58 
       0.141259         1744.83         1609.18 
       0.147318         1576.14         1438.14 
       0.153489         1453.95         1302.46 
       0.159709         1388.48         1206.91 
       0.165845         1281.71            1144 
       0.171974         1258.11         1097.69 
       0.178125         1211.31         1053.27 
       0.184229         1116.78         1001.64 
        0.19034          1083.7          939.92 
       0.196428         1034.79         872.207 
       0.202534         950.708         804.992 
       0.208729         925.198         744.207 
       0.214876         872.219         695.034 
       0.220989         822.257         657.323 
       0.227147          799.13         627.968 
        0.23329           766.6         603.299 
       0.239377         759.749         579.673 
       0.245482         716.959         554.398 
       0.251667         688.739         526.587 
       0.257832         672.359         497.723 
       0.263955          634.96         469.745 
       0.270079         609.275         444.115 
        0.27624         583.462         421.729 
       0.282372         571.776          402.84 
        0.28843         562.015         386.849 
       0.294538         533.405         372.354 
       0.300721         519.903         358.328 
        0.30691         506.808         344.244 
       0.313033         483.364         330.077 
       0.319153         476.118         315.916 
       0.325316          467.09         302.089 
        0.33145          454.02         289.191 
       0.337538         436.138         277.511 
       0.343633         424.701         266.945 
       0.349808         413.398         257.243 
       0.355968         405.604         248.258 
       0.362074          389.12         239.778 
       0.368217         386.268         231.464 
       0.374374         379.713         223.272 
       0.380519         363.612         215.281 
       0.386598         359.234         207.635 
       0.392688         349.163         200.348 
        0.39888         340.989         193.389 
       0.405048         332.199         186.906 
       0.411186         331.638         180.873 
       0.417313         326.193         175.183 
       0.423458         317.647         169.728 
       0.429607         307.129         164.467 
       0.435692          302.88         159.424 
       0.441815         296.957           154.5 
       0.447964          290.47         149.731 
       0.454126         287.105         145.151 
       0.460267         281.962         140.795 
       0.466387         274.907         136.659 
        0.47254         272.151         132.703 
       0.478662         265.945         128.944 
       0.484765          261.38         125.347 
       0.490885         258.952          121.87 
       0.497035         252.719         118.497 
       0.503198         251.878         115.233 
       0.509342         246.533          112.09 
       0.515458         241.498         109.074 
       0.521598         238.036          106.16 
       0.527764         234.501          103.35 
       0.533884         231.642         100.671 
           0.54         228.593         98.0935 
       0.546137         223.584         95.5997 
       0.552299         221.715         93.1826 
       0.558452         217.923         90.8517 
       0.564573         217.183         88.6098 
       0.570708         212.018         86.4358 
       0.576825         208.835         84.3391 
       0.582926         207.678         82.3172 
       0.589034          203.34         80.3604 
       0.595184         202.001          78.457 
       0.601379         198.681         76.6046 
       0.607522         193.905          74.828 
       0.613639         193.374         73.1154 
       0.619772         192.188         71.4516 
       0.625918         188.543         69.8356 
       0.632068         186.272         68.2681 
       0.638161          185.16         66.7626 
         0.6443         181.939         65.2918 
       0.650464         180.085         63.8605 
       0.656582         177.836         62.4827 
       0.662703         177.408         61.1455 
       0.668861         173.176         59.8401 
       0.675024         172.585         58.5719 
       0.681124         169.876         57.3532 
       0.687237         169.087         56.1667 
       0.693381         165.704         55.0083 
       0.699536         165.372         53.8805 
       0.705665          163.36         52.7894 
       0.711789         160.818         51.7295 
       0.717957         160.006         50.6916 
        0.72409         157.618         49.6882 
       0.730186         158.037          48.718 
       0.736317         155.709         47.7686 
       0.742472         153.957          46.841 
       0.748622         152.333          45.939 
        0.75476         151.656         45.0627 
       0.760888         149.843         44.2105 
       0.767043         147.426         43.3771 
       0.773185         145.791         42.5668 
       0.779291         145.223         41.7819 
       0.785407         144.006         41.0157 
       0.791564         142.764         40.2639 
       0.797719         140.492         39.5313 
       0.803834         140.639         38.8217 
       0.809972         138.827         38.1269 
       0.816124         136.634         37.4477 
       0.822261         135.816         36.7868 
       0.828378         135.159         36.1439 
       0.834502         133.834         35.5159 
       0.840667         133.473         34.8987 
       0.846816         131.262         34.2979 
       0.852925         130.899          33.715 
       0.859047         129.137         33.1445 
       0.865192         128.689         32.5852 
       0.871341         127.714         32.0385 
       0.877463         126.277         31.5069 
       0.883569         126.123         30.9886 
       0.889708         125.176         30.4793 
       0.895864         123.268         29.9802 
       0.902008          122.35         29.4933 
       0.908149         121.139         29.0175 
       0.914301          120.34         28.5514 
       0.920448         120.023          28.096 
       0.926574         118.474         27.6521 
       0.932687         118.275         27.2187 
       0.938823         117.335         26.7931 
       0.944975          116.94         26.3756 
       0.951105         115.455         25.9686 
       0.957225         114.599         25.5708 
       0.963368         114.224           25.18 
       0.969511         113.061         24.7973 
       0.975621         111.314         24.4247 
       0.981748         111.359         24.0587 
       0.987916         110.592          23.698 
        0.99406         109.729          23.346 
        1.00019         109.311         23.0019 
        1.00632         108.244          22.665 
        1.01246         107.481         22.3344 
        1.01859         106.551         22.0108 
        1.02471         105.882         21.6941 
        1.03085         105.364         21.3825 
        1.03698         104.616         21.0777 
        1.04314         104.109         20.7775 
        1.04929           103.5         20.4839 
        1.05541         103.074         20.1971 
        1.06154         101.976         19.9151 
        1.06769         101.287          19.638 
        1.07382         100.471         19.3671 
        1.07993         100.188         19.1019 
        1.08607         99.9422         18.8406 
        1.09222         98.6781         18.5839 
        1.09836         98.1682         18.3322 
        1.10449         97.7371         18.0856 
        1.11063          96.704         17.8431 
        1.11677         96.4419         17.6052 
         1.1229         95.5722          17.372 
        1.12903          94.632         17.1429 
        1.13518         94.2674         16.9176 
        1.14131         94.0938         16.6966 
        1.14745         93.2236         16.4796 
        1.15359         92.7546         16.2664 
        1.15973         92.1492         16.0569 
        1.16584         91.5606          15.852 
        1.17197         91.0831         15.6504 
        1.17811         90.4841         15.4517 
        1.18424         89.8991          15.257 
        1.19038          89.401          15.065 
        1.19652         88.7386         14.8765 
        1.20267         88.1023         14.6912 
        1.20881         87.6271         14.5091 
        1.21495         87.4946         14.3303 
        1.22108         86.7246         14.1546 
         1.2272         86.7085         13.9822 
        1.23334         85.8593         13.8123 
        1.23949         85.2916         13.6449 
        1.24562         84.7128         13.4806 
        1.25174         84.7376         13.3193 
        1.25789          83.931         13.1602 
        1.26402         83.4381         13.0039 
        1.27014         82.8513         12.8505 
        1.27628         82.5916         12.6992 
        1.28244         82.0961         12.5499 
        1.28858         81.7403         12.4033 
        1.29471         81.1019         12.2593 
        1.30084         80.6724         12.1178 
        1.30697         80.1271         11.9782 
        1.31312         79.9232         11.8407 
        1.31925         79.0946         11.7057 
        1.32537         78.8082         11.5729 
        1.33151         78.5357         11.4418 
        1.33765         78.0014         11.3127 
        1.34378         77.7737         11.1859 
        1.34992         77.1932         11.0609 
        1.35606         77.0519         10.9376 
         1.3622         76.5468         10.8164 
        1.36833         76.0574         10.6972 
        1.37445         75.6499           10.58 
        1.38059         75.1156         10.4641 
        1.38675         74.9432         10.3497 
        1.39288         74.4184         10.2374 
        1.39901         74.0142         10.1268 
        1.40515         73.6843         10.0177 
         1.4113         73.1972         9.91014 
        1.41742         73.1447         9.80459 
        1.42355            72.6         9.70038 
         1.4297         72.1229         9.59737 
        1.43585         71.9621         9.49589 
        1.44198         71.5143         9.39627 
        1.44809         71.0297         9.29825 
        1.45423         70.8916         9.20127 
        1.46036         70.2142         9.10584 
        1.46649         69.8439         9.01173 
        1.47263         69.5925         8.91886 
        1.47877         69.4083         8.82735 
        1.48491         68.8473         8.73696 
        1.49104         68.5431         8.64803 
        1.49718         68.1755         8.56027 
        1.50333         67.7471         8.47358 
        1.50947         67.6908         8.38827 
         1.5156         67.1128         8.30425 
        1.52172         66.6505         8.22138 
        1.52787         66.5281         8.13947 
          1.534          66.202         8.05877 
        1.54013         65.8123         7.97925 
        1.54627         65.5576         7.90065 
        1.55241         65.3036         7.82309 
        1.55855          64.741         7.74668 
        1.56467         64.3883          7.6715 
         1.5708          64.067          7.5971 
        1.57695         63.8123         7.52357 
        1.58308         63.5349         7.45117 
        1.58922         63.2444         7.37968 
        1.59535         63.0853         7.30914 
         1.6015         62.5655         7.23943 
        1.60764         62.2574         7.17065 
        1.61376          62.232         7.10295 
        1.61989         61.7334         7.03606 
        1.62604         61.5403         6.96989 
        1.63218         61.0474          6.9046 
        1.63831          60.949          6.8403 
        1.64444         60.5311         6.77678 
        1.65059         60.1928         6.71392 
        1.65673         60.0193         6.65193 
        1.66285         59.7159         6.59088 
        1.66898         59.2015         6.53058 
        1.67512         58.9573         6.47091 
        1.68127         58.7624         6.41194 
         1.6874         58.6729         6.35382 
        1.69353          58.193         6.29646 
        1.69967         57.8987         6.23967 
        1.70581         57.6691          6.1836 
        1.71193         57.4483         6.12842 
        1.71806         57.0339          6.0738 
        1.72421         56.8091         6.01974 
        1.73035         56.5669         5.96639 
        1.73649         56.3357          5.9137 
        1.74262         55.9855         5.86169 
        1.74876         55.7479         5.81026 
        1.75489         55.6649         5.75955 
        1.76101         55.2638         5.70946 
        1.76715         55.0513          5.6599 
        1.77329         54.7504         5.61086 
        1.77943         54.4378         5.56238 
        1.78557         54.2906         5.51454 
        1.79171         53.9271         5.46726 
        1.79785         53.8316         5.42051 
        1.80399         53.4908         5.37432 
        1.81012         53.1945         5.32873 
        1.81625         53.0026         5.28368 
        1.82239         52.6216         5.23909 
        1.82853         52.5003         5.19503 
        1.83466         52.2737         5.15151 
        1.84078           51.87         5.10854 
        1.84692         51.7738         5.06599 
        1.85306         51.7087         5.02386 
         1.8592         51.3837         4.98228 
        1.86533         50.9882         4.94119 
        1.87147         50.7767         4.90051 
        1.87761         50.4839         4.86027 
        1.88375          50.364         4.82053 
        1.88988         50.2207         4.78127 
        1.89601          49.905         4.74243 
        1.90215         49.7482         4.70398 
        1.90829         49.4088         4.66598 
        1.91442         49.1726         4.62839 
        1.92056         49.0025         4.59125 
         1.9267         48.6998         4.55448 
        1.93284         48.5728         4.51809 
        1.93897         48.2862         4.48216 
        1.94509         48.1336         4.44669 
        1.95123         47.8824         4.41152 
        1.95737         47.6196          4.3767 
        1.96349         47.5381         4.34235 
        1.96964         47.2835         4.30826 
        1.97578         46.8645         4.27452 
        1.98192         46.7117         4.24121 
        1.98805         46.5589         4.20825 
        1.99419         46.4245         4.17564 
        2.00033         46.1594         4.14335 
        2.00647         45.8932         4.11142 
         2.0126         45.8184         4.07987 
        2.01874          45.603          4.0486 
        2.02488         45.3929         4.01763 
        2.03101         45.1084         3.98704 
        2.03714         44.9299          3.9568 
        2.04328         44.8275         3.92684 
        2.04941         44.4878         3.89721 
        2.05554         44.2276          3.8679 
        2.06167         44.1149         3.83886 
        2.06781         43.9688          3.8101 
        2.07396          43.741         3.78161 
        2.08009          43.511         3.75344 
        2.08622          43.283          3.7256 
        2.09237         43.1443         3.69798 
        2.09851         42.8981         3.67064 
        2.10464         42.6849         3.64362 
        2.11077         42.5656          3.6169 
        2.11691         42.3654         3.59039 
        2.12305         42.1522         3.56414 
        2.12918         41.9246         3.53821 
        2.13531         41.7859         3.51254 
        2.14145         41.5286         3.48707 
         2.1476         41.4656         3.46181 
        2.15372         41.2133         3.43693 
        2.15985         41.0373         3.41227 
        2.16599         40.9095         3.38778 
        2.17213         40.7514         3.36356 
        2.17827         40.4569         3.33957 
         2.1844         40.3596         3.31584 
        2.19054         40.2212         3.29234 
        2.19666         39.9833         3.26909 
         2.2028         39.8256         3.24604 
        2.20893         39.6034         3.22321 
        2.21508         39.5163         3.20056 
        2.22122          39.181         3.17813 
        2.22736         39.0835         3.15596 
        2.23349         38.9496           3.134 
        2.23962         38.8253         3.11224 
        2.24577         38.5753         3.09067 
         2.2519         38.3744         3.06932 
        2.25802         38.2499         3.04822 
        2.26417         38.0768         3.02725 
        2.27031         37.8988         3.00646 
        2.27644           37.71         2.98592 
        2.28257          37.607         2.96558 
        2.28872         37.3778         2.94538 
        2.29486         37.2108         2.92538 
        2.30099         37.0696          2.9056 
        2.30712         36.9037           2.886 
        2.31326         36.7247         2.86654 
         2.3194         36.5479         2.84727 
        2.32553         36.4406         2.82821 
        2.33166         36.3385         2.80933 
         2.3378         36.0531          2.7906 
        2.34394         36.0065         2.77203 
        2.35007         35.8424         2.75366 
        2.35619         35.6145         2.73547 
        2.36233         35.4998         2.71741 
        2.36848         35.3472         2.69947 
        2.37462         35.2067         2.68173 
        2.38075         34.9954         2.66416 
        2.38689         34.8637         2.64674 
        2.39303         34.7474         2.62947 
        2.39916         34.6174         2.61238 
        2.40529         34.4648         2.59543 
        2.41143         34.3352         2.57863 
        2.41757         34.1208         2.56196 
         2.4237         33.9877         2.54548 
        2.42983         33.8926         2.52914 
        2.43598         33.7618         2.51289 
        2.44211         33.5289         2.49682 
        2.44823         33.4266         2.48092 
        2.45437         33.2805         2.46512 
        2.46052         33.1272         2.44944 
        2.46665         32.9589         2.43392 
        2.47279         32.7881         2.41854 
        2.47892         32.6764         2.40329 
        2.48507         32.5373         2.38815 
         2.4912         32.4137         2.37317 
        2.49733         32.2341         2.35833 
        2.50347         32.1467         2.34358 
        2.50961         32.0006         2.32896 
        2.51575         31.8689         2.31447 
        2.52188         31.7221         2.30012 
        2.52802         31.5682         2.28588 
        2.53416         31.4315         2.27175 
        2.54029         31.2856         2.25777 
        2.54641          31.227         2.24391 
        2.55255         31.0841         2.23015 
        2.55869          30.902         2.21648 
        2.56483         30.7748         2.20295 
        2.57096         30.6008         2.18954 
        2.57709         30.5235         2.17624 
        2.58323          30.385         2.16304 
        2.58937          30.297         2.14994 
        2.59551         30.1379         2.13696 
        2.60164         29.9567          2.1241 
        2.60778         29.9046         2.11132 
        2.61392         29.7283         2.09866 
        2.62006          29.644          2.0861 
        2.62619         29.4971         2.07365 
        2.63232          29.308         2.06131 
        2.63846         29.2232         2.04905 
        2.64459         29.1395         2.03691 
        2.65072         29.0195         2.02486 
        2.65686         28.9334         2.01291 
          2.663         28.7607         2.00104 
        2.66915         28.6517         1.98926 
        2.67527          28.532          1.9776 
        2.68141         28.4061         1.96603 
        2.68755         28.2655         1.95455 
        2.69368         28.1729         1.94316 
        2.69981         28.0097         1.93188 
        2.70595         27.9187         1.92066 
        2.71209         27.8378         1.90952 
        2.71823         27.6921          1.8985 
        2.72436         27.5922         1.88756 
         2.7305         27.4805          1.8767 
        2.73663         27.3251         1.86592 
        2.74276         27.2658         1.85525 
         2.7489         27.1294         1.84464 
        2.75504         27.0063         1.83411 
        2.76118          26.936         1.82366 
        2.76732          26.762          1.8133 
        2.77345         26.6607         1.80303 
        2.77959         26.5696         1.79283 
        2.78572         26.4482         1.78271 
        2.79186         26.3434         1.77268 
        2.79798         26.2209         1.76273 
        2.80412         26.1396         1.75284 
        2.81027          25.994         1.74301 
         2.8164         25.9204         1.73328 
        2.82253         25.8215         1.72363 
        2.82867         25.6829         1.71404 
        2.83481         25.5915         1.70452 
        2.84095         25.4715         1.69507 
        2.84708         25.3614         1.68571 
        2.85322         25.2978         1.67641 
        2.85935         25.1337         1.66717 
        2.86549         25.0433         1.65802 
        2.87162         24.9885         1.64893 
        2.87776          24.847         1.63991 
        2.88389         24.7744         1.63095 
        2.89003         24.6986         1.62206 
        2.89617         24.5883         1.61324 
        2.90231         24.4469         1.60448 
        2.90844         24.3799         1.59578 
        2.91458         24.2555         1.58716 
        2.92071         24.1322          1.5786 
        2.92684         24.0629          1.5701 
        2.93298          23.971         1.56167 
         2.9391         23.8612         1.55331 
        2.94524         23.7953         1.54499 
        2.95138         23.6446         1.53674 
        2.95752         23.6242         1.52854 
        2.96367         23.4777         1.52039 
         2.9698         23.3773         1.51232 
        2.97594         23.3538          1.5043 
        2.98207         23.2292         1.49634 
        2.98821          23.096         1.48845 
        2.99434         23.0124         1.48061 
        3.00048         22.9285         1.47282 
        3.00662          22.834         1.46509 
        3.01275         22.7451         1.45742 
        3.01888          22.629         1.44981 
        3.02503         22.5901         1.44223 
        3.03117         22.4808         1.43472 
        3.03729         22.3813         1.42727 
        3.04342         22.3053         1.41987 
        3.04957          22.188         1.41251 
         3.0557         22.1283         1.40521 
        3.06183         21.9897         1.39798 
        3.06796         21.9229         1.39078 
        3.07411         21.8336         1.38362 
        3.08025         21.7746         1.37653 
        3.08637          21.675         1.36949 
         3.0925         21.5901          1.3625 
        3.09865         21.4959         1.35554 
         3.1048         21.3853         1.34863 
        3.11093         21.3156         1.34178 
        3.11706         21.2429         1.33498 
         3.1232         21.1287         1.32823 
        3.12933         21.0816         1.32151 
        3.13547         21.0044         1.31485 
        3.14159         20.8921         1.30825 
        3.14773         20.8125         1.30167 
        3.15388         20.7428         1.29514 
        3.16001         20.6632         1.28866 
        3.16614         20.5935         1.28222 
        3.17228         20.4888         1.27583 
        3.17842         20.4048         1.26948 
        3.18455         20.3081         1.26317 
        3.19068         20.2429         1.25691 
        3.19682         20.1917         1.25069 
        3.20297         20.0706          1.2445 
         3.2091         20.0199         1.23837 
        3.21524         19.9278         1.23227 
        3.22138         19.8846         1.22621 
         3.2275         19.7586         1.22021 
        3.23363         19.7102         1.21424 
        3.23977          19.642          1.2083 
        3.24591         19.5613         1.20241 
        3.25205         19.4642         1.19655 
        3.25818         19.3931         1.19073 
        3.26432          19.321         1.18496 
        3.27046         19.2468         1.17922 
         3.2766         19.1573         1.17351 
        3.28273         19.0889         1.16785 
        3.28887          19.005         1.16223 
          3.295         18.9336         1.15664 
        3.30113         18.8871         1.15109 
        3.30727          18.769         1.14557 
        3.31341         18.7161         1.14009 
        3.31954         18.6402         1.13465 
        3.32568         18.5876         1.12924 
        3.33182         18.5152         1.12387 
        3.33795         18.4278         1.11853 
        3.34409          18.362         1.11323 
        3.35022         18.3004         1.10795 
        3.35636         18.2122         1.10272 
         3.3625         18.1606         1.09752 
        3.36864         18.0778         1.09235 
        3.37477         18.0151         1.08722 
        3.38091         17.9445         1.08212 
        3.38704         17.8948         1.07705 
        3.39318         17.8171         1.07201 
        3.39931         17.7547         1.06701 
        3.40545         17.6681         1.06204 
        3.41158         17.5976          1.0571 
        3.41772         17.5465         1.05219 
        3.42385         17.4747         1.04732 
        3.42998         17.4198         1.04247 
        3.43612         17.3364         1.03766 
        3.44226         17.2912         1.03287 
         3.4484         17.2384         1.02811 
        3.45453          17.129         1.02339 
        3.46066         17.0821         1.01869 
        3.46681         17.0149         1.01402 
        3.47295         16.9536         1.00938 
        3.47908         16.8812         1.00478 
        3.48521         16.8149          1.0002 
        3.49135         16.7545        0.995648 
        3.49749         16.7013        0.991125 
        3.50362         16.6343        0.986631 
        3.50976         16.5699        0.982167 
        3.51589          16.517        0.977728 
        3.52203         16.4486        0.973316 
        3.52816         16.3794        0.968938 
        3.53429         16.3193        0.964582 
        3.54043         16.2439        0.960247 
        3.54657         16.2125         0.95594 
        3.55271         16.1391        0.951664 
        3.55884         16.0662        0.947417 
        3.56498         16.0059        0.943188 
        3.57112         15.9519        0.938985 
        3.57725          15.892        0.934813 
        3.58338         15.8562        0.930669 
        3.58952         15.7813        0.926544 
        3.59566          15.721        0.922441 
         3.6018         15.6566        0.918366 
        3.60793         15.6091        0.914319 
        3.61407         15.5533        0.910296 
        3.62021         15.4994        0.906294 
        3.62634         15.4223        0.902319 
        3.63247         15.3724        0.898368 
        3.63861         15.3258         0.89444 
        3.64475          15.255        0.890529 
        3.65089          15.228        0.886647 
        3.65702         15.1612        0.882792 
        3.66316         15.0964        0.878955 
        3.66929         15.0543        0.875143 
        3.67543         14.9891        0.871353 
        3.68156         14.9364        0.867586 
        3.68769         14.8732        0.863841 
        3.69383         14.8228        0.860115 
        3.69997         14.7588        0.856412 
        3.70611         14.7195        0.852733 
        3.71224         14.6598        0.849074 
        3.71838         14.5968        0.845436 
        3.72451          14.553        0.841822 
        3.73065         14.5046        0.838231 
        3.73678         14.4596        0.834658 
        3.74292         14.3881        0.831102 
        3.74906         14.3462         0.82757 
        3.75519         14.2736        0.824058 
        3.76133         14.2502        0.820567 
        3.76746           14.18        0.817097 
         3.7736         14.1287        0.813649 
        3.77974         14.0915        0.810216 
        3.78588         14.0424        0.806802 
        3.79201         13.9812        0.803412 
        3.79814         13.9335        0.800041 
        3.80428         13.8816        0.796689 
        3.81042         13.8276        0.793353 
        3.81655         13.7811        0.790039 
        3.82268         13.7309        0.786746 
        3.82882         13.6727        0.783471 
        3.83496          13.636        0.780211 
        3.84109         13.5884        0.776971 
        3.84723          13.546         0.77375 
        3.85337         13.4801        0.770544 
        3.85951         13.4362        0.767356 
        3.86565         13.3925         0.76419 
        3.87178         13.3316        0.761043 
        3.87791         13.2968        0.757914 
        3.88405         13.2348        0.754799 
        3.89019         13.2099        0.751702 
        3.89632         13.1536        0.748624 
        3.90246         13.0866        0.745562 
         3.9086         13.0579        0.742516 
        3.91473         13.0107        0.739491 
        3.92086         12.9663        0.736484 
        3.92699         12.9291         0.73349 
        3.93313         12.8735        0.730511 
        3.93927         12.8334        0.727551 
         3.9454         12.7827        0.724607 
        3.95154         12.7424        0.721678 
        3.95768         12.6905        0.718764 
        3.96382         12.6451        0.715868 
        3.96995         12.5953        0.712988 
        3.97609         12.5618        0.710124 
        3.98222         12.5028        0.707278 
        3.98836          12.465        0.704445 
         3.9945         12.4408        0.701627 
        4.00063         12.3848        0.698827 
        4.00677         12.3352        0.696038 
        4.01291         12.2987        0.693265 
        4.01904         12.2555        0.690513 
        4.02517         12.2062        0.687774 
        4.03131         12.1693        0.685045 
        4.03745         12.1252        0.682332 
        4.04358         12.0831        0.679636 
        4.04972         12.0399        0.676954 
        4.05585         11.9987        0.674286 
        4.06199         11.9644        0.671632 
        4.06812         11.9237        0.668993 
        4.07426         11.8744        0.666368 
         4.0804         11.8456        0.663755 
        4.08654         11.7909        0.661157 
        4.09267         11.7489        0.658575 
         4.0988         11.7171        0.656009 
        4.10494         11.6773        0.653453 
        4.11108         11.6436         0.65091 
        4.11721         11.5973        0.648382 
        4.12334         11.5479        0.645868 
        4.12948         11.5169        0.643367 
        4.13561         11.4707        0.640877 
        4.14176          11.422          0.6384 
        4.14789         11.3924        0.635936 
        4.15403         11.3535        0.633488 
        4.16016          11.323        0.631051 
         4.1663         11.2724        0.628627 
        4.17243         11.2425        0.626218 
        4.17857         11.1907        0.623818 
        4.18471         11.1679        0.621432 
        4.19084         11.1239        0.619058 
        4.19698         11.0801        0.616698 
        4.20312         11.0325        0.614348 
        4.20925         11.0098        0.612012 
        4.21538          10.974         0.60969 
        4.22152         10.9275        0.607376 
        4.22766         10.8951        0.605075 
         4.2338         10.8655        0.602788 
        4.23993          10.822        0.600511 
        4.24607         10.7913        0.598247 
         4.2522         10.7571        0.595993 
        4.25834         10.7024        0.593751 
        4.26447         10.6753        0.591523 
        4.27061         10.6459        0.589305 
        4.27674         10.6009        0.587098 
        4.28288         10.5648          0.5849 
        4.28902         10.5426        0.582716 
        4.29515         10.5035        0.580543 
        4.30129         10.4726        0.578381 
        4.30743         10.4268        0.576228 
        4.31356         10.3933        0.574087 
        4.31969         10.3568         0.57196 
        4.32583         10.3156        0.569842 
        4.33197         10.2889        0.567732 
         4.3381         10.2472        0.565634 
        4.34424         10.2243        0.563548 
        4.35038         10.1933         0.56147 
        4.35652          10.149        0.559403 
        4.36265           10.13        0.557349 
        4.36878         10.0837        0.555304 
        4.37492         10.0561        0.553268 
        4.38106         10.0048        0.551242 
        4.38719         9.98227        0.549229 
        4.39333         9.94839        0.547226 
        4.39946         9.91697        0.545231 
         4.4056         9.88435        0.543246 
        4.41173         9.86485        0.541271 
        4.41786         9.82156        0.539309 
          4.424         9.78938        0.537353 
        4.43014         9.76707        0.535406 
        4.43628         9.72626        0.533468 
        4.44241         9.69212        0.531542 
        4.44855         9.67128        0.529625 
        4.45469         9.62408        0.527716 
        4.46083         9.60817        0.525819 
        4.46696         9.57289        0.523932 
        4.47309         9.53602        0.522051 
        4.47923         9.51037         0.52018 
        4.48537         9.48019         0.51832 
         4.4915         9.43934        0.516468 
        4.49764         9.41378        0.514624 
        4.50378         9.38536        0.512789 
        4.50991         9.35383        0.510966 
        4.51604         9.32353        0.509151 
        4.52218         9.30352        0.507341 
        4.52832          9.2657        0.505543 
        4.53445         9.23434        0.503754 
        4.54059         9.20196        0.501973 
        4.54673         9.18519        0.500199 
        4.55286          9.1469        0.498435 
          4.559         9.11199        0.496679 
        4.56513         9.08896        0.494933 
        4.57127         9.06854        0.493194 
        4.57741         9.03426        0.491463 
        4.58354         9.00153        0.489741 
        4.58968         8.97199        0.488027 
        4.59582         8.94658         0.48632 
        4.60195         8.92155        0.484623 
        4.60809         8.89127        0.482935 
        4.61422         8.85667        0.481253 
        4.62036         8.83504         0.47958 
        4.62649         8.80403        0.477914 
        4.63263         8.77907        0.476257 
        4.63876         8.75313        0.474607 
         4.6449         8.71961        0.472964 
        4.65104         8.69474         0.47133 
        4.65717          8.6649        0.469705 
        4.66331         8.64734        0.468086 
        4.66944         8.61666        0.466474 
        4.67558         8.59466        0.464872 
        4.68171         8.56054        0.463275 
        4.68785         8.53463        0.461685 
        4.69399         8.51485        0.460104 
        4.70012         8.48226        0.458532 
        4.70625         8.45716        0.456966 
        4.71239         8.43257        0.455406 
        4.71853         8.40096        0.453854 
        4.72467         8.37941        0.452308 
         4.7308         8.35318        0.450771 
        4.73694         8.32963        0.449241 
        4.74308         8.30416        0.447717 
        4.74922         8.27727          0.4462 
        4.75535         8.24695        0.444692 
        4.76148         8.22538        0.443191 
        4.76762         8.20136        0.441694 
        4.77376         8.17413        0.440205 
        4.77989         8.14654        0.438725 
        4.78602         8.12101        0.437251 
        4.79216         8.10039        0.435782 
         4.7983         8.07158         0.43432 
        4.80443         8.04731        0.432867 
        4.81056         8.02429         0.43142 
         4.8167         8.01145        0.429977 
        4.82284         7.98433        0.428541 
        4.82898         7.95689        0.427114 
        4.83511         7.93334        0.425693 
        4.84125         7.91116        0.424277 
        4.84739         7.87997        0.422868 
        4.85352         7.85728        0.421466 
        4.85965         7.83357         0.42007 
        4.86579         7.81454        0.418681 
        4.87193         7.79206        0.417296 
        4.87807          7.7694        0.415919 
         4.8842         7.74631        0.414548 
        4.89034         7.72994        0.413183 
        4.89647         7.69772        0.411824 
        4.90261         7.66734        0.410472 
        4.90874         7.66208        0.409126 
        4.91488         7.63008        0.407786 
        4.92102         7.60865        0.406451 
        4.92715         7.59104        0.405122 
        4.93329         7.56754          0.4038 
        4.93942         7.54649        0.402483 
        4.94556         7.52382        0.401171 
         4.9517         7.50437        0.399866 
        4.95783         7.48224        0.398567 
        4.96397         7.45397        0.397274 
        4.97011         7.43811        0.395985 
        4.97624          7.4164        0.394704 
        4.98238         7.39022        0.393428 
        4.98851         7.37417        0.392157 
        4.99465         7.35601        0.390892 
        5.00078         7.33151        0.389633 
        5.00691         7.31419         0.38838 
        5.01305         7.29239        0.387131 
        5.01919         7.27449        0.385887 
        5.02533         7.24894        0.384649 
        5.03146         7.23221        0.383417 
         5.0376         7.20582        0.382191 
        5.04374          7.1889        0.380969 
        5.04987         7.16915        0.379752 
        5.05601         7.15335        0.378542 
        5.06215         7.13071        0.377336 
        5.06829         7.11437        0.376135 
        5.07442         7.09312         0.37494 
        5.08055         7.08073        0.373752 
        5.08668         7.05264        0.372566 
        5.09282         7.03553        0.371386 
        5.09896         7.01075        0.370212 
        5.10509         6.99727        0.369043 
        5.11123         6.97127        0.367879 
        5.11736         6.95066        0.366719 
         5.1235         6.93808        0.365564 
        5.12964         6.91873        0.364415 
        5.13577         6.90269         0.36327 
        5.14191         6.88173         0.36213 
        5.14804         6.85607        0.360997 
        5.15418          6.8474        0.359867 
        5.16032         6.82398        0.358741 
        5.16645         6.80697        0.357621 
        5.17259         6.78545        0.356505 
        5.17872         6.77058        0.355395 
        5.18486         6.74983        0.354288 
          5.191         6.73111        0.353186 
        5.19713         6.71339         0.35209 
        5.20327         6.70317        0.350999 
        5.20941         6.68569        0.349911 
        5.21555         6.66387        0.348827 
        5.22168         6.64765        0.347749 
        5.22781         6.62423        0.346676 
        5.23395         6.61604        0.345607 
        5.24009         6.59528        0.344542 
        5.24622         6.58527        0.343482 
        5.25236         6.56033        0.342427 
         5.2585         6.54891        0.341375 
        5.26463         6.53122        0.340328 
        5.27077         6.51959        0.339285 
         5.2769         6.49554        0.338248 
        5.28304         6.48201        0.337214 
        5.28917         6.46333        0.336185 
         5.2953         6.44453        0.335161 
        5.30144         6.43264         0.33414 
        5.30757          6.4217        0.333123 
        5.31371         6.40147         0.33211 
        5.31985         6.37925        0.331102 
        5.32599         6.36916        0.330097 
        5.33213          6.3555        0.329097 
        5.33826         6.33736        0.328101 
         5.3444         6.32489         0.32711 
        5.35053         6.30914        0.326122 
        5.35667         6.29133        0.325139 
        5.36281         6.27768        0.324159 
        5.36894         6.25464        0.323183 
        5.37507         6.24852        0.322213 
        5.38121         6.22987        0.321245 
        5.38735         6.21797        0.320281 
        5.39348         6.20129        0.319322 
        5.39961         6.18993        0.318367 
        5.40575         6.17517        0.317415 
        5.41189         6.16113        0.316467 
        5.41803         6.14616        0.315523 
        5.42416         6.12992        0.314583 
         5.4303         6.11927        0.313646 
        5.43644         6.10345        0.312714 
        5.44257         6.09128        0.311785 
        5.44871         6.07465         0.31086 
        5.45484         6.06213        0.309939 
        5.46098         6.04652        0.309021 
        5.46712         6.02679        0.308107 
        5.47325         6.01577        0.307197 
        5.47938         6.01456        0.306291 
        5.48552         5.99305        0.305389 
        5.49165         5.98322         0.30449 
        5.49779         5.96536        0.303594 
        5.50393         5.95292        0.302702 
        5.51006          5.9399        0.301813 
         5.5162         5.92172        0.300928 
        5.52234         5.91218        0.300047 
        5.52847         5.89884        0.299169 
        5.53461         5.88995        0.298295 
        5.54075         5.87564        0.297424 
        5.54688           5.862        0.296557 
        5.55302         5.84623        0.295693 
        5.55915         5.84293        0.294832 
        5.56529         5.82234        0.293976 
        5.57143         5.81177        0.293122 
        5.57756          5.8069        0.292271 
         5.5837         5.78997        0.291425 
        5.58983         5.78112        0.290582 
        5.59597         5.76956        0.289742 
         5.6021         5.75794        0.288905 
        5.60824          5.7408        0.288071 
        5.61438         5.73671         0.28724 
        5.62051         5.71397        0.286413 
        5.62665         5.71026         0.28559 
        5.63278         5.69753        0.284769 
        5.63892         5.68605        0.283952 
        5.64505         5.67483        0.283138 
        5.65119         5.66229        0.282327 
        5.65733         5.65394        0.281519 
        5.66346         5.64212        0.280715 
         5.6696          5.6299        0.279913 
        5.67573         5.62464        0.279115 
        5.68187         5.60763         0.27832 
          5.688         5.60525        0.277528 
        5.69414         5.58923        0.276739 
        5.70028         5.57932        0.275952 
        5.70642          5.5694        0.275169 
        5.71255         5.56043        0.274389 
        5.71869         5.54752        0.273612 
        5.72482         5.54573        0.272839 
        5.73096         5.53541        0.272068 
        5.73709         5.51877          0.2713 
        5.74322         5.51303        0.270536 
        5.74936         5.50348        0.269773 
         5.7555         5.49266        0.269013 
        5.76164         5.48792        0.268257 
        5.76777         5.47544        0.267505 
        5.77391         5.46581        0.266754 
        5.78005         5.45696        0.266006 
        5.78618         5.44397        0.265261 
        5.79231         5.43575         0.26452 
        5.79845         5.43142        0.263781 
        5.80459         5.42097        0.263044 
        5.81073         5.40978        0.262311 
        5.81686         5.40471        0.261581 
          5.823         5.39266        0.260852 
        5.82914         5.39065        0.260127 
        5.83527         5.38241        0.259405 
         5.8414         5.36896        0.258686 
        5.84754         5.36257        0.257969 
        5.85368         5.35232        0.257254 
        5.85981         5.34748        0.256543 
        5.86595         5.34146        0.255834 
        5.87208         5.33191        0.255128 
        5.87822         5.32207        0.254425 
        5.88435         5.31486        0.253724 
        5.89049         5.30786        0.253026 
        5.89662         5.30701         0.25233 
        5.90276         5.29296        0.251637 
         5.9089         5.28876        0.250947 
        5.91503         5.27694        0.250259 
        5.92117         5.27043        0.249574 
        5.92731         5.26805        0.248891 
        5.93344         5.26063        0.248211 
        5.93958         5.25157        0.247533 
        5.94572         5.25386        0.246858 
        5.95186         5.24081        0.246185 
        5.95799         5.23567        0.245516 
        5.96412         5.23039        0.244848 
        5.97026         5.22229        0.244183 
         5.9764         5.21589         0.24352 
        5.98253         5.20846        0.242861 
        5.98866         5.20543        0.242203 
         5.9948         5.19554        0.241547 
        6.00094          5.1886        0.240895 
        6.00707         5.18633        0.240244 
        6.01321         5.17982        0.239596 
        6.01935         5.17899         0.23895 
        6.02548         5.16966        0.238307 
        6.03162          5.1678        0.237666 
        6.03775         5.16154        0.237028 
        6.04389         5.15416        0.236392 
        6.05003         5.15036        0.235757 
        6.05617         5.14593        0.235125 
         6.0623         5.14186        0.234496 
        6.06844         5.13493        0.233869 
        6.07457         5.13075        0.233245 
         6.0807         5.12843        0.232623 
        6.08684         5.12198        0.232003 
        6.09298         5.11823        0.231385 
        6.09912         5.11175        0.230769 
        6.10525         5.11027        0.230155 
        6.11138         5.10678        0.229544 
        6.11752         5.10902        0.228935 
        6.12366         5.09931        0.228328 
        6.12979         5.09706        0.227724 
        6.13593         5.08963        0.227122 
        6.14207         5.08861        0.226521 
         6.1482         5.08414        0.225923 
        6.15434         5.07959        0.225327 
        6.16047         5.08007        0.224734 
        6.16661         5.07662        0.224142 
        6.17274         5.07374        0.223553 
        6.17887         5.06773        0.222966 
        6.18501         5.07183         0.22238 
        6.19115          5.0655        0.221797 
        6.19729         5.06106        0.221215 
        6.20342         5.06035        0.220636 
        6.20956         5.05763         0.22006 
         6.2157         5.05776        0.219484 
        6.22183         5.05724        0.218911 
        6.22797         5.05365        0.218341 
         6.2341         5.05375        0.217772 
        6.24024         5.05119        0.217205 
        6.24638         5.05198         0.21664 
        6.25251         5.04667        0.216078 
        6.25865          5.0479        0.215517 
        6.26478         5.04579        0.214958 
        6.27092         5.04682        0.214402 
        6.27705          5.0488        0.213847 
        6.28318         5.03989        0.213294 
