# k  (h/Mpc)    Pcb(k)  (Mpc/h)^3    Pcb_linear(k)  (Mpc/h)^3
     0.00783031         3279.57         3305.34 
       0.013688         3816.43         3870.64 
       0.019231         3698.02         3721.75 
      0.0249154         3263.36         3254.21 
      0.0312784         2645.88         2645.89 
      0.0375637         2126.78         2132.62 
      0.0433917         1796.94         1790.37 
      0.0492413         1566.83         1567.84 
      0.0555754         1430.72         1422.82 
      0.0619321         1311.19         1325.99 
       0.067871         1237.59         1239.92 
      0.0738098         1136.54         1136.57 
      0.0800417         1011.34         1007.24 
      0.0862327         872.645         871.198 
      0.0921407         755.421         751.811 
      0.0982031         662.127         653.081 
       0.104506         583.521         581.015 
       0.110769         540.693         536.829 
       0.116806         519.852         511.683 
       0.122832         496.717         493.635 
       0.129052         477.628         473.118 
       0.135211         452.884         445.397 
       0.141259         415.361         410.562 
       0.147318         374.583         371.652 
       0.153489         339.134         333.198 
       0.159709         309.721         300.293 
       0.165845         281.055         275.887 
       0.171974         270.184         259.341 
       0.178125         258.478         248.613 
       0.184229         247.339         240.907 
        0.19034         241.616         233.285 
       0.196428         232.034         223.819 
       0.202534         216.227         211.804 
       0.208729         206.183         197.699 
       0.214876         193.548         183.258 
       0.220989         177.875         169.991 
       0.227147         169.982         158.808 
        0.23329           161.7         150.197 
       0.239377         156.328         143.865 
       0.245482         149.768         138.981 
       0.251667         143.894         134.626 
       0.257832         141.603         130.087 
       0.263955         134.027         124.955 
       0.270079         128.074          119.17 
        0.27624         121.635         112.987 
       0.282372         116.364         106.932 
        0.28843         113.275         101.448 
       0.294538         107.676         96.6798 
       0.300721         102.752          92.673 
        0.30691         100.635         89.3495 
       0.313033         96.6805         86.4887 
       0.319153         94.9552         83.7881 
       0.325316         91.0799         81.0206 
        0.33145         87.8492         78.1241 
       0.337538         84.8086         75.1212 
       0.343633         82.1106         72.0897 
       0.349808          78.991         69.1191 
       0.355968         76.3884         66.3765 
       0.362074         74.6819         63.9295 
       0.368217         72.4124         61.7491 
       0.374374         70.5925         59.7908 
       0.380519         67.6979         57.9852 
       0.386598          65.879         56.2736 
       0.392688          63.822         54.5706 
        0.39888         62.6099         52.8318 
       0.405048         61.0059         51.0999 
       0.411186         59.3271         49.4014 
       0.417313         57.5546         47.7718 
       0.423458         55.8405         46.2322 
       0.429607          54.752         44.7974 
       0.435692         53.8202         43.4836 
       0.441815         51.7831         42.2504 
       0.447964         50.1817         41.0752 
       0.454126         49.2868         39.9407 
       0.460267         48.7468         38.8381 
       0.466387         47.3483         37.7566 
        0.47254         46.6346         36.6888 
       0.478662         45.0242         35.6561 
       0.484765         44.0951         34.6642 
       0.490885         42.7878         33.7124 
       0.497035         42.1847         32.8029 
       0.503198         41.2446           31.94 
       0.509342         40.0812         31.1208 
       0.515458          39.514         30.3377 
       0.521598         38.5462         29.5773 
       0.527764         37.9792         28.8363 
       0.533884         37.2495         28.1208 
           0.54         36.4252         27.4243 
       0.546137         35.3488         26.7447 
       0.552299         34.6894         26.0846 
       0.558452         33.9313         25.4506 
       0.564573         33.6419         24.8446 
       0.570708         32.7297         24.2603 
       0.576825         32.3065         23.6986 
       0.582926          31.747         23.1574 
       0.589034         31.0858         22.6326 
       0.595184         30.6938         22.1204 
       0.601379         29.8677         21.6194 
       0.607522         29.3262         21.1364 
       0.613639         28.9233         20.6688 
       0.619772         28.3654         20.2138 
       0.625918         27.8557         19.7719 
       0.632068         27.5734         19.3441 
       0.638161         27.0026         18.9341 
         0.6443         26.6103          18.534 
       0.650464         25.9348         18.1444 
       0.656582         25.7774         17.7689 
       0.662703         25.4125         17.4035 
       0.668861         24.7598         17.0459 
       0.675024         24.4541         16.6978 
       0.681124         24.3077         16.3629 
       0.687237          23.798         16.0367 
       0.693381         23.3159          15.718 
       0.699536         23.1749         15.4077 
       0.705665         22.7305         15.1073 
       0.711789           22.36         14.8154 
       0.717957         21.9083         14.5293 
        0.72409         21.6922         14.2523 
       0.730186         21.5791         13.9843 
       0.736317         21.1187         13.7217 
       0.742472         20.8647         13.4649 
       0.748622         20.5415          13.215 
        0.75476         20.0429          12.972 
       0.760888          19.993         12.7356 
       0.767043         19.6193         12.5042 
       0.773185         19.3857         12.2791 
       0.779291         19.1648         12.0609 
       0.785407         18.8801         11.8478 
       0.791564         18.7574         11.6385 
       0.797719         18.3215         11.4344 
       0.803834         18.2532         11.2366 
       0.809972         17.8954         11.0427 
       0.816124          17.711          10.853 
       0.822261         17.5027         10.6684 
       0.828378         17.3258         10.4885 
       0.834502         17.1365         10.3127 
       0.840667         16.9406         10.1399 
       0.846816         16.5777         9.97149 
       0.852925         16.5284         9.80802 
       0.859047         16.3324          9.6479 
       0.865192         16.0975         9.49086 
       0.871341         15.8982         9.33724 
       0.877463         15.7033         9.18775 
       0.883569         15.6055         9.04194 
       0.889708         15.3554         8.89857 
       0.895864         15.1573         8.75796 
       0.902008         14.9995         8.62071 
       0.908149         14.7905         8.48651 
       0.914301         14.7002         8.35495 
       0.920448         14.4996         8.22633 
       0.926574         14.3978         8.10089 
       0.932687         14.1836         7.97834 
       0.938823         13.9892         7.85791 
       0.944975         13.9095          7.7397 
       0.951105         13.7575         7.62437 
       0.957225         13.6522          7.5116 
       0.963368         13.4416         7.40074 
       0.969511         13.3067         7.29214 
       0.975621         13.1922         7.18632 
       0.981748         13.0216         7.08234 
       0.987916         12.9365         6.97977 
        0.99406         12.7624         6.87964 
        1.00019         12.6798         6.78169 
        1.00632         12.5833         6.68574 
        1.01246         12.4253         6.59153 
        1.01859         12.2988         6.49929 
        1.02471         12.1657         6.40895 
        1.03085          12.102         6.32002 
        1.03698          11.997         6.23298 
        1.04314         11.8368         6.14722 
        1.04929         11.6961         6.06328 
        1.05541         11.6321         5.98125 
        1.06154         11.5262         5.90055 
        1.06769         11.4246         5.82123 
        1.07382         11.2715         5.74363 
        1.07993         11.1801         5.66763 
        1.08607         11.1131          5.5927 
        1.09222          10.979         5.51906 
        1.09836         10.9031         5.44684 
        1.10449         10.7996           5.376 
        1.11063         10.7382         5.30635 
        1.11677         10.6643         5.23796 
         1.1229         10.5515          5.1709 
        1.12903         10.4562         5.10496 
        1.13518         10.3462         5.04012 
        1.14131         10.2802         4.97645 
        1.14745         10.1311         4.91392 
        1.15359         10.0445         4.85246 
        1.15973         9.97907         4.79203 
        1.16584         9.88613          4.7329 
        1.17197          9.7927          4.6747 
        1.17811         9.72948          4.6173 
        1.18424         9.65989         4.56103 
        1.19038         9.61142         4.50555 
        1.19652          9.5014         4.45101 
        1.20267         9.45315         4.39739 
        1.20881         9.32827         4.34466 
        1.21495         9.27329         4.29288 
        1.22108         9.20925         4.24196 
         1.2272         9.13055           4.192 
        1.23334         9.08929         4.14272 
        1.23949          8.9973         4.09413 
        1.24562         8.92003         4.04645 
        1.25174          8.8769         3.99961 
        1.25789         8.77819         3.95338 
        1.26402         8.73164         3.90796 
        1.27014         8.68881         3.86336 
        1.27628         8.58129         3.81933 
        1.28244         8.56615         3.77591 
        1.28858         8.47283         3.73322 
        1.29471          8.3795         3.69129 
        1.30084         8.32256         3.65005 
        1.30697         8.29986         3.60938 
        1.31312         8.22306         3.56927 
        1.31925         8.17744         3.52989 
        1.32537         8.10505         3.49116 
        1.33151          8.0466         3.45287 
        1.33765         7.99305         3.41517 
        1.34378          7.9719         3.37812 
        1.34992         7.89028          3.3416 
        1.35606         7.81502         3.30553 
         1.3622         7.75874         3.27007 
        1.36833         7.73363         3.23521 
        1.37445          7.6741         3.20088 
        1.38059         7.60853         3.16694 
        1.38675          7.5716         3.13342 
        1.39288          7.5079         3.10051 
        1.39901         7.44824          3.0681 
        1.40515          7.4054         3.03608 
         1.4113         7.35256         3.00453 
        1.41742         7.32251         2.97354 
        1.42355         7.25086         2.94294 
         1.4297         7.20658         2.91268 
        1.43585         7.17425         2.88286 
        1.44198         7.13715         2.85357 
        1.44809         7.07816         2.82475 
        1.45423         7.02678         2.79622 
        1.46036         6.98509         2.76813 
        1.46649          6.9409         2.74043 
        1.47263         6.90209         2.71308 
        1.47877         6.84888         2.68612 
        1.48491         6.82879         2.65948 
        1.49104          6.7705         2.63327 
        1.49718         6.73945         2.60738 
        1.50333         6.69172         2.58181 
        1.50947          6.6488         2.55663 
         1.5156         6.61842         2.53183 
        1.52172         6.56455         2.50736 
        1.52787         6.54804         2.48316 
          1.534         6.49217         2.45931 
        1.54013         6.46844         2.43581 
        1.54627         6.41628         2.41256 
        1.55241         6.36426         2.38962 
        1.55855          6.3512         2.36701 
        1.56467         6.32549         2.34476 
         1.5708         6.26825         2.32273 
        1.57695         6.22762         2.30095 
        1.58308         6.19029          2.2795 
        1.58922         6.16703         2.25831 
        1.59535         6.13774          2.2374 
         1.6015         6.06869         2.21672 
        1.60764         6.04517         2.19631 
        1.61376          6.0242         2.17622 
        1.61989         5.97546         2.15637 
        1.62604         5.96112         2.13672 
        1.63218         5.92565         2.11732 
        1.63831         5.88721         2.09821 
        1.64444         5.84048         2.07933 
        1.65059         5.81369         2.06064 
        1.65673         5.79729          2.0422 
        1.66285         5.75828         2.02404 
        1.66898         5.73955         2.00609 
        1.67512         5.70534         1.98833 
        1.68127         5.64887         1.97077 
         1.6874         5.63671         1.95346 
        1.69353         5.59039         1.93636 
        1.69967         5.57487         1.91943 
        1.70581         5.53855         1.90272 
        1.71193         5.51113         1.88626 
        1.71806         5.47962         1.86997 
        1.72421         5.44931         1.85383 
        1.73035         5.43281         1.83791 
        1.73649         5.40576         1.82217 
        1.74262         5.35571         1.80664 
        1.74876         5.35152         1.79127 
        1.75489         5.32343         1.77612 
        1.76101         5.27302         1.76115 
        1.76715          5.2729         1.74633 
        1.77329         5.23519         1.73166 
        1.77943         5.19533         1.71715 
        1.78557         5.19579         1.70284 
        1.79171         5.15955         1.68868 
        1.79785         5.14247         1.67468 
        1.80399         5.10307         1.66085 
        1.81012          5.0822         1.64719 
        1.81625          5.0507         1.63368 
        1.82239          5.0327         1.62032 
        1.82853         4.99501          1.6071 
        1.83466         4.96324         1.59405 
        1.84078         4.94902         1.58116 
        1.84692         4.92815         1.56839 
        1.85306         4.90463         1.55574 
         1.8592         4.88742         1.54325 
        1.86533         4.86302         1.53091 
        1.87147         4.84321         1.51869 
        1.87761         4.81718          1.5066 
        1.88375         4.79164         1.49465 
        1.88988         4.77092         1.48284 
        1.89601         4.74311         1.47116 
        1.90215         4.71965          1.4596 
        1.90829         4.70703         1.44816 
        1.91442         4.68067         1.43685 
        1.92056         4.67095         1.42566 
         1.9267         4.63643         1.41459 
        1.93284          4.6223         1.40362 
        1.93897         4.59228          1.3928 
        1.94509         4.55472         1.38211 
        1.95123         4.55793         1.37151 
        1.95737         4.53759         1.36101 
        1.96349         4.50812         1.35064 
        1.96964         4.48185         1.34036 
        1.97578         4.46896         1.33018 
        1.98192          4.4475         1.32012 
        1.98805         4.43118         1.31017 
        1.99419         4.41318         1.30032 
        2.00033         4.38325         1.29057 
        2.00647         4.37547         1.28092 
         2.0126         4.35614         1.27139 
        2.01874         4.32951         1.26193 
        2.02488         4.32072         1.25257 
        2.03101         4.29031         1.24332 
        2.03714         4.26828         1.23417 
        2.04328         4.25615          1.2251 
        2.04941         4.23355         1.21613 
        2.05554         4.22013         1.20726 
        2.06167         4.21069         1.19847 
        2.06781         4.18298         1.18976 
        2.07396         4.16359         1.18112 
        2.08009         4.14443         1.17259 
        2.08622         4.14019         1.16415 
        2.09237         4.11989         1.15578 
        2.09851         4.09339         1.14749 
        2.10464          4.0832         1.13929 
        2.11077         4.06217         1.13118 
        2.11691         4.04784         1.12314 
        2.12305         4.03008         1.11517 
        2.12918         4.01496          1.1073 
        2.13531         3.99849          1.0995 
        2.14145         3.97929         1.09176 
         2.1476         3.96248         1.08409 
        2.15372         3.94415         1.07653 
        2.15985         3.93555         1.06904 
        2.16599         3.91885         1.06159 
        2.17213         3.91478         1.05422 
        2.17827         3.88064         1.04693 
         2.1844         3.87438         1.03971 
        2.19054          3.8616         1.03255 
        2.19666         3.84229         1.02548 
         2.2028         3.81709         1.01846 
        2.20893         3.81762         1.01151 
        2.21508         3.79267         1.00461 
        2.22122         3.77255        0.997777 
        2.22736         3.75741        0.991021 
        2.23349         3.74404        0.984329 
        2.23962         3.73438        0.977695 
        2.24577         3.71532        0.971117 
         2.2519         3.71715        0.964608 
        2.25802          3.6741         0.95817 
        2.26417         3.67192        0.951772 
        2.27031         3.65824        0.945427 
        2.27644         3.64685        0.939158 
        2.28257          3.6296        0.932947 
        2.28872         3.61458         0.92678 
        2.29486         3.60115        0.920671 
        2.30099         3.59246        0.914628 
        2.30712         3.57323        0.908638 
        2.31326           3.565        0.902691 
         2.3194         3.54386        0.896801 
        2.32553         3.53489        0.890973 
        2.33166         3.52113          0.8852 
         2.3378         3.51146         0.87947 
        2.34394         3.49063        0.873789 
        2.35007         3.48148        0.868166 
        2.35619         3.47541          0.8626 
        2.36233         3.45428        0.857069 
        2.36848          3.4439        0.851576 
        2.37462         3.43389        0.846142 
        2.38075         3.42135        0.840761 
        2.38689         3.41221        0.835423 
        2.39303         3.39323        0.830132 
        2.39916         3.38552        0.824892 
        2.40529          3.3678        0.819698 
        2.41143         3.36467        0.814545 
        2.41757         3.34978        0.809434 
         2.4237         3.33821        0.804376 
        2.42983         3.32395        0.799362 
        2.43598         3.31593        0.794378 
        2.44211         3.29716        0.789444 
        2.44823         3.28664        0.784564 
        2.45437         3.27467        0.779711 
        2.46052         3.26923        0.774895 
        2.46665         3.25268        0.770129 
        2.47279         3.24009        0.765404 
        2.47892         3.23086        0.760716 
        2.48507         3.22041        0.756063 
         2.4912         3.20665        0.751457 
        2.49733         3.19922        0.746893 
        2.50347         3.18069        0.742358 
        2.50961         3.17375        0.737861 
        2.51575         3.15836        0.733403 
        2.52188         3.15498        0.728989 
        2.52802         3.14053        0.724605 
        2.53416         3.13147        0.720256 
        2.54029         3.12589        0.715951 
        2.54641         3.11774        0.711682 
        2.55255         3.09916        0.707444 
        2.55869          3.0913        0.703233 
        2.56483         3.08175        0.699063 
        2.57096         3.07104        0.694931 
        2.57709         3.06344        0.690831 
        2.58323         3.05392        0.686761 
        2.58937         3.03632        0.682721 
        2.59551         3.03258        0.678719 
        2.60164         3.01842         0.67475 
        2.60778         3.01143        0.670809 
        2.61392         3.00017          0.6669 
        2.62006         2.99245        0.663024 
        2.62619          2.9809        0.659183 
        2.63232         2.96722        0.655372 
        2.63846         2.95571        0.651586 
        2.64459         2.94977        0.647835 
        2.65072         2.94416        0.644114 
        2.65686         2.93578        0.640422 
          2.663         2.92145        0.636752 
        2.66915         2.91677        0.633111 
        2.67527         2.91051        0.629508 
        2.68141         2.89565        0.625931 
        2.68755         2.88578        0.622377 
        2.69368         2.87722        0.618855 
        2.69981          2.8708        0.615365 
        2.70595          2.8635        0.611893 
        2.71209          2.8522        0.608447 
        2.71823         2.84164        0.605034 
        2.72436         2.83277        0.601648 
         2.7305         2.82468        0.598285 
        2.73663         2.81945        0.594949 
        2.74276         2.81007        0.591642 
         2.7489         2.80001        0.588356 
        2.75504         2.79369        0.585093 
        2.76118         2.79023        0.581854 
        2.76732         2.77922        0.578643 
        2.77345         2.76523        0.575458 
        2.77959          2.7564        0.572296 
        2.78572         2.75281        0.569159 
        2.79186         2.74252        0.566046 
        2.79798         2.73403         0.56296 
        2.80412         2.72414        0.559891 
        2.81027         2.72277        0.556841 
         2.8164         2.70534        0.553821 
        2.82253         2.69974        0.550823 
        2.82867         2.69638        0.547846 
        2.83481         2.68733         0.54489 
        2.84095         2.67538        0.541957 
        2.84708         2.67238        0.539048 
        2.85322         2.65985        0.536157 
        2.85935         2.64875        0.533288 
        2.86549         2.64703        0.530442 
        2.87162         2.63989        0.527617 
        2.87776          2.6343        0.524812 
        2.88389         2.62788        0.522026 
        2.89003         2.62241        0.519263 
        2.89617         2.61297        0.516517 
        2.90231         2.60284        0.513792 
        2.90844         2.59543        0.511087 
        2.91458         2.59015        0.508403 
        2.92071         2.58283         0.50574 
        2.92684          2.5777        0.503094 
        2.93298         2.56772        0.500467 
         2.9391         2.56014        0.497864 
        2.94524         2.55517        0.495275 
        2.95138         2.54757        0.492703 
        2.95752         2.53949        0.490147 
        2.96367         2.53367        0.487609 
         2.9698         2.53004        0.485094 
        2.97594         2.51975        0.482595 
        2.98207         2.51553        0.480113 
        2.98821         2.50835        0.477651 
        2.99434         2.50073        0.475207 
        3.00048         2.49505        0.472778 
        3.00662          2.4876        0.470365 
        3.01275         2.48475        0.467973 
        3.01888         2.47651        0.465596 
        3.02503         2.46894        0.463233 
        3.03117         2.46486        0.460887 
        3.03729         2.45336        0.458563 
        3.04342         2.45267        0.456252 
        3.04957         2.44606        0.453953 
         3.0557         2.44029        0.451673 
        3.06183         2.43125        0.449413 
        3.06796         2.42396        0.447165 
        3.07411         2.42034        0.444928 
        3.08025          2.4113         0.44271 
        3.08637         2.40723        0.440512 
         3.0925         2.40051        0.438325 
        3.09865         2.39517        0.436149 
         3.1048         2.39122        0.433988 
        3.11093         2.38713        0.431847 
        3.11706         2.37965         0.42972 
         3.1232         2.37411        0.427606 
        3.12933         2.37206        0.425505 
        3.13547         2.36358         0.42342 
        3.14159         2.35721        0.421352 
        3.14773         2.35439        0.419294 
        3.15388          2.3453        0.417247 
        3.16001          2.3436        0.415219 
        3.16614         2.33572        0.413204 
        3.17228         2.33155        0.411201 
        3.17842         2.32675        0.409211 
        3.18455         2.32112        0.407236 
        3.19068         2.31655        0.405274 
        3.19682         2.30768        0.403323 
        3.20297         2.30857        0.401384 
         3.2091         2.30391         0.39946 
        3.21524         2.29522        0.397548 
        3.22138         2.28983        0.395649 
         3.2275         2.29011        0.393765 
        3.23363         2.28212        0.391893 
        3.23977         2.27904        0.390031 
        3.24591          2.2719        0.388181 
        3.25205         2.26675        0.386342 
        3.25818         2.26334        0.384516 
        3.26432         2.25948        0.382703 
        3.27046         2.25355          0.3809 
         3.2766         2.24868         0.37911 
        3.28273          2.2431        0.377331 
        3.28887         2.24063        0.375564 
          3.295         2.23713        0.373809 
        3.30113         2.23143        0.372065 
        3.30727         2.22381        0.370331 
        3.31341         2.22445         0.36861 
        3.31954         2.21732          0.3669 
        3.32568         2.21117        0.365199 
        3.33182         2.20901        0.363509 
        3.33795         2.20579        0.361831 
        3.34409         2.20344        0.360163 
        3.35022         2.19668        0.358505 
        3.35636         2.19329        0.356859 
         3.3625         2.19208        0.355221 
        3.36864          2.1913        0.353595 
        3.37477         2.18248        0.351979 
        3.38091          2.1795        0.350374 
        3.38704         2.17312        0.348779 
        3.39318         2.16936        0.347193 
        3.39931         2.16532        0.345617 
        3.40545         2.16379        0.344052 
        3.41158         2.15886        0.342496 
        3.41772         2.15654         0.34095 
        3.42385         2.15103        0.339414 
        3.42998          2.1522        0.337887 
        3.43612         2.14491         0.33637 
        3.44226         2.14142        0.334861 
         3.4484         2.13983         0.33336 
        3.45453          2.1364        0.331871 
        3.46066         2.13628        0.330392 
        3.46681         2.13166        0.328918 
        3.47295         2.12447        0.327454 
        3.47908         2.12587        0.326003 
        3.48521         2.11858        0.324559 
        3.49135         2.11653        0.323122 
        3.49749         2.11288        0.321695 
        3.50362         2.11094        0.320277 
        3.50976         2.10869        0.318867 
        3.51589         2.10654        0.317466 
        3.52203         2.10639        0.316073 
        3.52816         2.09782        0.314691 
        3.53429         2.09506        0.313315 
        3.54043         2.09561        0.311946 
        3.54657          2.0932        0.310585 
        3.55271           2.089        0.309234 
        3.55884         2.08465        0.307892 
        3.56498         2.08027        0.306556 
        3.57112         2.07642        0.305227 
        3.57725          2.0752        0.303908 
        3.58338         2.07295        0.302598 
        3.58952         2.07075        0.301294 
        3.59566         2.06966        0.299996 
         3.6018         2.06966        0.298708 
        3.60793         2.06326        0.297427 
        3.61407         2.06073        0.296155 
        3.62021          2.0604        0.294889 
        3.62634         2.05747         0.29363 
        3.63247         2.05613         0.29238 
        3.63861         2.05309        0.291137 
        3.64475         2.05159        0.289899 
        3.65089         2.05068         0.28867 
        3.65702         2.04856        0.287449 
        3.66316         2.04539        0.286234 
        3.66929         2.04515        0.285027 
        3.67543         2.03896        0.283826 
        3.68156         2.03921        0.282633 
        3.68769         2.03565        0.281446 
        3.69383          2.0349        0.280266 
        3.69997         2.03674        0.279092 
        3.70611         2.03072        0.277926 
        3.71224         2.02881        0.276766 
        3.71838         2.02658        0.275613 
        3.72451         2.02596        0.274467 
        3.73065         2.02342        0.273328 
        3.73678           2.022        0.272195 
        3.74292         2.02145        0.271067 
        3.74906         2.01992        0.269947 
        3.75519         2.01822        0.268833 
        3.76133         2.01542        0.267725 
        3.76746         2.01517        0.266624 
         3.7736          2.0115        0.265529 
        3.77974         2.01529         0.26444 
        3.78588         2.01191        0.263356 
        3.79201         2.00718         0.26228 
        3.79814         2.00707        0.261209 
        3.80428          2.0068        0.260145 
        3.81042         2.00495        0.259085 
        3.81655         2.00602        0.258032 
        3.82268         2.00012        0.256986 
        3.82882         1.99897        0.255946 
        3.83496           2.001         0.25491 
        3.84109         2.00207         0.25388 
        3.84723         1.99708        0.252856 
        3.85337         1.99625        0.251837 
        3.85951         1.99526        0.250824 
        3.86565         1.99608        0.249817 
        3.87178         1.99397        0.248816 
        3.87791         1.99194        0.247821 
        3.88405         1.99215         0.24683 
        3.89019         1.99206        0.245845 
        3.89632         1.99022        0.244866 
        3.90246         1.98984        0.243892 
         3.9086         1.98909        0.242922 
        3.91473         1.98944         0.24196 
        3.92086         1.98579        0.241003 
        3.92699         1.98938         0.24005 
        3.93313         1.98502        0.239101 
        3.93927         1.98576        0.238159 
         3.9454         1.98297        0.237221 
        3.95154         1.98371        0.236288 
        3.95768         1.98527         0.23536 
        3.96382         1.98246        0.234438 
        3.96995         1.98292         0.23352 
        3.97609         1.98088        0.232608 
        3.98222         1.98387        0.231701 
        3.98836         1.98183        0.230798 
         3.9945         1.98043          0.2299 
        4.00063          1.9792        0.229007 
        4.00677         1.98132        0.228118 
        4.01291         1.98121        0.227234 
        4.01904         1.98125        0.226356 
        4.02517         1.98122        0.225483 
        4.03131         1.97669        0.224612 
        4.03745         1.97759        0.223747 
        4.04358         1.97668        0.222887 
        4.04972         1.97992        0.222031 
        4.05585         1.97689         0.22118 
        4.06199         1.97942        0.220333 
        4.06812         1.97945        0.219491 
        4.07426         1.97779        0.218653 
         4.0804         1.97744        0.217819 
        4.08654         1.97504        0.216989 
        4.09267         1.97598        0.216165 
         4.0988         1.97678        0.215345 
        4.10494         1.97601        0.214529 
        4.11108         1.97515        0.213716 
        4.11721         1.97613        0.212909 
        4.12334         1.97639        0.212106 
        4.12948           1.979        0.211307 
        4.13561         1.97806        0.210511 
        4.14176         1.97817        0.209719 
        4.14789         1.97751        0.208932 
        4.15403         1.97745        0.208149 
        4.16016         1.97782         0.20737 
         4.1663         1.98018        0.206595 
        4.17243         1.97964        0.205825 
        4.17857          1.9762        0.205058 
        4.18471         1.97869        0.204294 
        4.19084         1.97896        0.203535 
        4.19698         1.97999         0.20278 
        4.20312         1.98073        0.202028 
        4.20925         1.98222        0.201281 
        4.21538         1.97946        0.200537 
        4.22152         1.98168        0.199797 
        4.22766         1.98317         0.19906 
         4.2338          1.9817        0.198328 
        4.23993         1.98185        0.197599 
        4.24607         1.98438        0.196874 
         4.2522         1.98178        0.196153 
        4.25834         1.98289        0.195435 
        4.26447         1.98455        0.194721 
        4.27061         1.98502        0.194011 
        4.27674         1.98294        0.193304 
        4.28288         1.98401          0.1926 
        4.28902         1.98565          0.1919 
        4.29515         1.98549        0.191203 
        4.30129         1.98762         0.19051 
        4.30743          1.9861         0.18982 
        4.31356         1.98837        0.189134 
        4.31969         1.98854        0.188452 
        4.32583         1.98903        0.187773 
        4.33197         1.99149        0.187096 
         4.3381         1.98879        0.186424 
        4.34424         1.98981        0.185755 
        4.35038          1.9898        0.185088 
        4.35652         1.99099        0.184425 
        4.36265         1.99338        0.183766 
        4.36878         1.99287         0.18311 
        4.37492         1.99335        0.182457 
        4.38106         1.99426        0.181806 
        4.38719         1.99317         0.18116 
        4.39333         1.99548        0.180517 
        4.39946         1.99653        0.179877 
         4.4056         1.99786         0.17924 
        4.41173         1.99795        0.178606 
        4.41786          1.9962        0.177975 
          4.424         1.99647        0.177348 
        4.43014         2.00113        0.176722 
        4.43628         2.00079          0.1761 
        4.44241         2.00069        0.175481 
        4.44855         2.00156        0.174865 
        4.45469         2.00339        0.174251 
        4.46083         2.00518        0.173642 
        4.46696         2.00645        0.173035 
        4.47309         2.00498        0.172431 
        4.47923         2.00704         0.17183 
        4.48537         2.00861        0.171232 
         4.4915         2.00638        0.170636 
        4.49764         2.00637        0.170043 
        4.50378         2.01008        0.169453 
        4.50991          2.0076        0.168867 
        4.51604          2.0105        0.168283 
        4.52218          2.0099        0.167701 
        4.52832         2.01096        0.167122 
        4.53445         2.01298        0.166547 
        4.54059         2.01513        0.165974 
        4.54673         2.01235        0.165403 
        4.55286         2.01695        0.164835 
          4.559         2.01405         0.16427 
        4.56513         2.01747        0.163708 
        4.57127         2.01575        0.163148 
        4.57741         2.02264        0.162591 
        4.58354         2.01731        0.162036 
        4.58968         2.01579        0.161484 
        4.59582         2.02016        0.160935 
        4.60195         2.02041        0.160388 
        4.60809         2.02066        0.159844 
        4.61422         2.02366        0.159303 
        4.62036         2.02185        0.158764 
        4.62649         2.02587        0.158227 
        4.63263         2.02413        0.157693 
        4.63876         2.02463        0.157161 
         4.6449         2.02549        0.156632 
        4.65104         2.02682        0.156105 
        4.65717         2.02446        0.155581 
        4.66331         2.02718        0.155059 
        4.66944         2.02879        0.154539 
        4.67558         2.03013        0.154023 
        4.68171         2.03029        0.153508 
        4.68785         2.02941        0.152995 
        4.69399         2.03117        0.152485 
        4.70012         2.03224        0.151978 
        4.70625           2.031        0.151473 
        4.71239         2.03401        0.150969 
        4.71853         2.03215        0.150468 
        4.72467          2.0357         0.14997 
         4.7308         2.03697        0.149474 
        4.73694         2.03414         0.14898 
        4.74308         2.03727        0.148488 
        4.74922         2.03733        0.147998 
        4.75535         2.03813        0.147511 
        4.76148         2.03885        0.147026 
        4.76762         2.03652        0.146543 
        4.77376         2.03809        0.146062 
        4.77989         2.04048        0.145584 
        4.78602          2.0383        0.145108 
        4.79216         2.03904        0.144633 
         4.7983         2.04212        0.144161 
        4.80443         2.03947        0.143692 
        4.81056         2.04277        0.143224 
         4.8167         2.04184        0.142758 
        4.82284          2.0436        0.142294 
        4.82898         2.04273        0.141832 
        4.83511         2.04268        0.141373 
        4.84125         2.04628        0.140915 
        4.84739         2.04747         0.14046 
        4.85352         2.04658        0.140007 
        4.85965         2.04545        0.139555 
        4.86579         2.04818        0.139106 
        4.87193         2.04664        0.138658 
        4.87807         2.04721        0.138213 
         4.8842         2.05073        0.137769 
        4.89034         2.04821        0.137328 
        4.89647         2.04988        0.136888 
        4.90261         2.04851         0.13645 
        4.90874         2.05274        0.136015 
        4.91488          2.0491        0.135581 
        4.92102         2.04969        0.135149 
        4.92715         2.05177        0.134719 
        4.93329         2.05046        0.134291 
        4.93942         2.05325        0.133864 
        4.94556         2.05123         0.13344 
         4.9517         2.05306        0.133017 
        4.95783         2.05072        0.132596 
        4.96397         2.05085        0.132178 
        4.97011         2.05307         0.13176 
        4.97624         2.05189        0.131345 
        4.98238         2.05309        0.130932 
        4.98851         2.05241         0.13052 
        4.99465         2.05348         0.13011 
        5.00078         2.05229        0.129702 
        5.00691         2.05444        0.129296 
        5.01305         2.05379        0.128891 
        5.01919         2.05537        0.128488 
        5.02533         2.05389        0.128087 
        5.03146         2.05393        0.127688 
         5.0376         2.05592         0.12729 
        5.04374         2.05305        0.126894 
        5.04987         2.05493        0.126499 
        5.05601          2.0558        0.126107 
        5.06215         2.05585        0.125715 
        5.06829         2.05497        0.125326 
        5.07442         2.05414        0.124938 
        5.08055         2.05752        0.124553 
        5.08668         2.05634        0.124168 
        5.09282         2.05437        0.123785 
        5.09896         2.05656        0.123404 
        5.10509         2.05533        0.123025 
        5.11123         2.05506        0.122647 
        5.11736          2.0588        0.122271 
         5.1235         2.05474        0.121896 
        5.12964         2.05871        0.121523 
        5.13577         2.05566        0.121151 
        5.14191         2.05739        0.120781 
        5.14804         2.05781        0.120413 
        5.15418         2.05687        0.120046 
        5.16032         2.05547         0.11968 
        5.16645         2.05807        0.119316 
        5.17259         2.05914        0.118954 
        5.17872         2.05735        0.118593 
        5.18486         2.05602        0.118234 
          5.191         2.05517        0.117876 
        5.19713         2.05845         0.11752 
        5.20327         2.05469        0.117165 
        5.20941         2.05637        0.116811 
        5.21555         2.05667        0.116459 
        5.22168         2.05976        0.116109 
        5.22781          2.0559         0.11576 
        5.23395         2.05441        0.115412 
        5.24009         2.05459        0.115066 
        5.24622         2.05464        0.114721 
        5.25236         2.05507        0.114378 
         5.2585         2.05604        0.114036 
        5.26463         2.05603        0.113695 
        5.27077          2.0538        0.113356 
         5.2769         2.05491        0.113019 
        5.28304          2.0552        0.112682 
        5.28917         2.05511        0.112348 
         5.2953         2.05499        0.112014 
        5.30144         2.05341        0.111682 
        5.30757         2.05375        0.111351 
        5.31371         2.05483        0.111021 
        5.31985         2.05458        0.110693 
        5.32599         2.05468        0.110366 
        5.33213          2.0547         0.11004 
        5.33826         2.05285        0.109716 
         5.3444         2.05319        0.109394 
        5.35053         2.05245        0.109072 
        5.35667         2.05237        0.108752 
        5.36281         2.05267        0.108432 
        5.36894          2.0531        0.108115 
        5.37507         2.04961        0.107799 
        5.38121         2.05132        0.107483 
        5.38735          2.0514        0.107169 
        5.39348         2.05056        0.106857 
        5.39961         2.05045        0.106546 
        5.40575         2.05013        0.106235 
        5.41189         2.04816        0.105926 
        5.41803         2.05062        0.105619 
        5.42416         2.04851        0.105312 
         5.4303         2.04924        0.105007 
        5.43644         2.04887        0.104703 
        5.44257         2.04924          0.1044 
        5.44871         2.04799        0.104099 
        5.45484         2.04702        0.103798 
        5.46098         2.04966        0.103499 
        5.46712         2.04751        0.103201 
        5.47325         2.04587        0.102904 
        5.47938         2.04597        0.102608 
        5.48552           2.047        0.102314 
        5.49165          2.0459        0.102021 
        5.49779         2.04588        0.101729 
        5.50393         2.04722        0.101437 
        5.51006         2.04442        0.101147 
         5.5162         2.04619        0.100859 
        5.52234         2.04532        0.100571 
        5.52847         2.04533        0.100284 
        5.53461         2.04598       0.0999989 
        5.54075         2.04522       0.0997147 
        5.54688         2.04367       0.0994316 
        5.55302         2.04344       0.0991494 
        5.55915         2.04469       0.0988685 
        5.56529         2.04423       0.0985887 
        5.57143         2.04576       0.0983098 
        5.57756         2.04458        0.098032 
         5.5837         2.04657       0.0977555 
        5.58983         2.04116       0.0974801 
        5.59597          2.0451       0.0972057 
         5.6021         2.04353       0.0969322 
        5.60824         2.04466       0.0966597 
        5.61438         2.04232       0.0963884 
        5.62051         2.04223       0.0961182 
        5.62665          2.0419       0.0958489 
        5.63278         2.04179       0.0955808 
        5.63892         2.04273       0.0953136 
        5.64505          2.0433       0.0950476 
        5.65119          2.0436       0.0947825 
        5.65733         2.04284       0.0945183 
        5.66346         2.04295       0.0942553 
         5.6696         2.03998       0.0939932 
        5.67573          2.0408       0.0937321 
        5.68187         2.04176        0.093472 
          5.688         2.04042        0.093213 
        5.69414         2.04207       0.0929549 
        5.70028         2.04142       0.0926977 
        5.70642         2.04002       0.0924414 
        5.71255          2.0407       0.0921862 
        5.71869         2.04166       0.0919321 
        5.72482          2.0419        0.091679 
        5.73096         2.04033       0.0914267 
        5.73709          2.0402       0.0911755 
        5.74322         2.04433       0.0909252 
        5.74936         2.03984       0.0906757 
         5.7555         2.04256        0.090427 
        5.76164         2.04128       0.0901795 
        5.76777         2.04287        0.089933 
        5.77391         2.04164       0.0896871 
        5.78005         2.04308       0.0894422 
        5.78618         2.04328       0.0891985 
        5.79231         2.04418       0.0889558 
        5.79845         2.04314       0.0887136 
        5.80459         2.04364       0.0884722 
        5.81073         2.04578       0.0882321 
        5.81686         2.04428       0.0879928 
          5.823         2.04633       0.0877543 
        5.82914          2.0459       0.0875166 
        5.83527         2.04448       0.0872802 
         5.8414         2.04499       0.0870444 
        5.84754         2.04834       0.0868094 
        5.85368         2.04595       0.0865752 
        5.85981         2.04757       0.0863421 
        5.86595         2.04669       0.0861098 
        5.87208         2.04685       0.0858783 
        5.87822         2.04923       0.0856478 
        5.88435          2.0492       0.0854182 
        5.89049         2.04926       0.0851892 
        5.89662         2.05085       0.0849611 
        5.90276         2.05142       0.0847337 
         5.9089         2.05096       0.0845072 
        5.91503         2.05279       0.0842818 
        5.92117         2.05118        0.084057 
        5.92731         2.05212        0.083833 
        5.93344         2.05373       0.0836099 
        5.93958         2.05418       0.0833876 
        5.94572         2.05549       0.0831661 
        5.95186         2.05883       0.0829453 
        5.95799         2.05486       0.0827256 
        5.96412         2.05964       0.0825065 
        5.97026         2.05867       0.0822881 
         5.9764         2.05935       0.0820707 
        5.98253          2.0608       0.0818543 
        5.98866         2.06094       0.0816383 
         5.9948         2.06268       0.0814231 
        6.00094         2.06421       0.0812087 
        6.00707         2.06426       0.0809952 
        6.01321         2.06453       0.0807823 
        6.01935         2.06656       0.0805703 
        6.02548         2.06855        0.080359 
        6.03162         2.06909       0.0801485 
        6.03775         2.07107       0.0799389 
        6.04389           2.072       0.0797299 
        6.05003         2.07242       0.0795215 
        6.05617         2.07512       0.0793138 
         6.0623         2.07555       0.0791071 
        6.06844         2.07947       0.0789011 
        6.07457         2.07984       0.0786958 
         6.0807         2.07946       0.0784914 
        6.08684         2.08164       0.0782876 
        6.09298         2.08329       0.0780845 
        6.09912         2.08596        0.077882 
        6.10525          2.0845       0.0776804 
        6.11138         2.08806       0.0774795 
        6.11752         2.08919       0.0772792 
        6.12366         2.09159       0.0770796 
        6.12979         2.09509       0.0768809 
        6.13593         2.09351       0.0766829 
        6.14207         2.09692       0.0764854 
         6.1482         2.09964       0.0762886 
        6.15434         2.10167       0.0760926 
        6.16047         2.10199       0.0758974 
        6.16661         2.10518       0.0757027 
        6.17274         2.10835       0.0755088 
        6.17887         2.10927       0.0753156 
        6.18501         2.11125        0.075123 
        6.19115         2.11179        0.074931 
        6.19729         2.11514       0.0747396 
        6.20342         2.11857       0.0745491 
        6.20956         2.12031       0.0743592 
         6.2157         2.12085       0.0741698 
        6.22183         2.12579       0.0739812 
        6.22797         2.12688       0.0737933 
         6.2341         2.13077       0.0736061 
        6.24024         2.13108       0.0734194 
        6.24638         2.13679       0.0732333 
        6.25251          2.1374        0.073048 
        6.25865          2.1392       0.0728633 
        6.26478         2.14279       0.0726793 
        6.27092         2.14583       0.0724959 
        6.27705         2.15032       0.0723132 
        6.28318         2.15026       0.0721311 
