# k  (h/Mpc)    Pcb(k)  (Mpc/h)^3    Pcb_linear(k)  (Mpc/h)^3
     0.00783031         6820.84         6871.28 
       0.013688         7724.44         7866.91 
       0.019231         7294.01         7359.19 
      0.0249154         6242.55         6211.82 
      0.0312784         4831.07         4829.21 
      0.0375637         3720.29         3732.86 
      0.0433917         3065.24         3049.07 
      0.0492413         2642.55          2641.1 
      0.0555754         2425.66         2407.66 
      0.0619321         2237.59         2269.86 
       0.067871         2131.29         2138.14 
      0.0738098          1956.8          1956.4 
      0.0800417         1721.01         1710.76 
      0.0862327         1453.87         1446.82 
      0.0921407          1232.8         1218.46 
      0.0982031         1065.15         1037.14 
       0.104506         928.632         914.508 
       0.110769         865.793         849.472 
       0.116806          843.73         820.947 
       0.122832         814.801         803.676 
       0.129052         787.746         777.297 
       0.135211         749.725         731.258 
       0.141259         680.437          667.29 
       0.147318         605.813         594.052 
       0.153489         541.318         522.767 
       0.159709         492.408         464.479 
       0.165845         444.331         424.615 
       0.171974         431.141         401.101 
       0.178125         416.042         388.931 
       0.184229         399.051          381.55 
        0.19034         392.596         372.564 
       0.196428         378.276         357.956 
       0.202534         349.189         336.788 
       0.208729         333.298         310.828 
       0.214876         310.896         284.381 
       0.220989         283.812         260.963 
       0.227147         271.651         242.489 
        0.23329         258.916         229.622 
       0.239377         252.845         221.346 
       0.245482         242.199         215.652 
       0.251667         233.492         210.393 
       0.257832         230.848         203.941 
       0.263955         217.457         195.572 
       0.270079         206.928         185.433 
        0.27624         196.339         174.397 
       0.282372         188.162         163.773 
        0.28843         183.937         154.559 
       0.294538         174.175         147.069 
       0.300721         166.994         141.264 
        0.30691         164.131         136.809 
       0.313033         157.144         133.052 
       0.319153         154.605         129.326 
       0.325316         149.426         125.134 
        0.33145         144.302          120.42 
       0.337538         138.658         115.325 
       0.343633         133.922         110.151 
       0.349808         129.076         105.171 
       0.355968         125.347         100.748 
       0.362074         122.139         97.0017 
       0.368217         119.228         93.8189 
       0.374374         115.989         91.0615 
       0.380519         111.226         88.5066 
       0.386598         108.834          86.001 
       0.392688         105.253         83.3925 
        0.39888         103.345         80.6097 
       0.405048         100.608         77.7832 
       0.411186         98.4492         75.0057 
       0.417313         95.7326         72.3736 
       0.423458         93.0917         69.9592 
       0.429607          90.859         67.7784 
       0.435692         89.4407          65.827 
       0.441815         86.5378         64.0252 
       0.447964         83.8193         62.3022 
       0.454126         82.2719         60.6004 
       0.460267         81.4472         58.9067 
       0.466387         79.1258         57.2175 
        0.47254          78.144         55.5261 
       0.478662         75.3252         53.8865 
       0.484765         74.0009         52.3297 
       0.490885         72.0708         50.8625 
       0.497035         71.3349         49.4793 
       0.503198         69.7971          48.181 
       0.509342         67.9126         46.9585 
       0.515458         66.7772         45.7899 
       0.521598         65.0357         44.6434 
       0.527764         64.2978         43.5081 
       0.533884         63.5898         42.4024 
           0.54         61.8024         41.3239 
       0.546137         60.2125         40.2732 
       0.552299         59.0464         39.2551 
       0.558452          57.942         38.2813 
       0.564573         57.5609         37.3585 
       0.570708         55.8725          36.477 
       0.576825         55.2744         35.6338 
       0.582926          54.515         34.8196 
       0.589034         53.4022         34.0249 
       0.595184         52.6589         33.2435 
       0.601379         51.4017         32.4769 
       0.607522         50.3169         31.7382 
       0.613639         49.8679         31.0248 
       0.619772         48.7987          30.332 
       0.625918         48.3111         29.6602 
       0.632068         47.4681         29.0102 
       0.638161         46.6196         28.3877 
         0.6443         46.2141         27.7815 
       0.650464         45.0488         27.1925 
       0.656582         44.8568         26.6254 
       0.662703         44.1199         26.0738 
       0.668861         43.1217         25.5334 
       0.675024         42.8767         25.0061 
       0.681124         42.2841         24.4978 
       0.687237         41.4965         24.0021 
       0.693381         40.8748         23.5179 
       0.699536         40.4689          23.047 
       0.705665         39.8606         22.5921 
       0.711789         39.2394         22.1509 
       0.717957         38.5984         21.7193 
        0.72409         38.1593         21.3019 
       0.730186         37.8893         20.8982 
       0.736317         37.1899         20.5025 
       0.742472         36.7016         20.1153 
       0.748622         36.1615          19.738 
        0.75476         35.6547          19.371 
       0.760888         35.5294         19.0138 
       0.767043         34.7418         18.6641 
       0.773185         34.2551         18.3241 
       0.779291         33.8786         17.9946 
       0.785407         33.4968          17.673 
       0.791564         33.3796         17.3574 
       0.797719         32.6381         17.0499 
       0.803834         32.4703         16.7519 
       0.809972         32.0152           16.46 
       0.816124         31.6401         16.1746 
       0.822261         31.1844         15.8967 
       0.828378         31.0179         15.6262 
       0.834502         30.6405         15.3618 
       0.840667         30.3266         15.1018 
       0.846816         29.9084         14.8486 
       0.852925         29.6057         14.6028 
       0.859047         29.4622         14.3621 
       0.865192         28.9797          14.126 
       0.871341         28.6489         13.8951 
       0.877463         28.3231         13.6705 
       0.883569         28.2082         13.4514 
       0.889708         27.8306          13.236 
       0.895864         27.5249         13.0248 
       0.902008         27.2776         12.8187 
       0.908149         26.9004         12.6172 
       0.914301         26.6696         12.4198 
       0.920448         26.5064         12.2268 
       0.926574         26.1511         12.0386 
       0.932687         25.8528         11.8547 
       0.938823         25.5282         11.6741 
       0.944975         25.3011         11.4969 
       0.951105         25.1339          11.324 
       0.957225         24.8917         11.1549 
       0.963368         24.6464         10.9888 
       0.969511         24.4028         10.8261 
       0.975621         24.2204         10.6675 
       0.981748         23.9451         10.5118 
       0.987916         23.7426         10.3582 
        0.99406         23.4845         10.2082 
        1.00019         23.2995         10.0616 
        1.00632         23.1397         9.91794 
        1.01246         22.8791         9.77692 
        1.01859         22.6939         9.63888 
        1.02471         22.4883         9.50369 
        1.03085         22.3315         9.37064 
        1.03698         22.2056         9.24044 
        1.04314         21.9504         9.11217 
        1.04929         21.6584         8.98664 
        1.05541         21.6239           8.864 
        1.06154         21.4081         8.74335 
        1.06769          21.133         8.62478 
        1.07382         21.0078          8.5088 
        1.07993         20.8618         8.39522 
        1.08607         20.6569         8.28326 
        1.09222         20.5022         8.17324 
        1.09836         20.3053         8.06535 
        1.10449          20.217         7.95955 
        1.11063         20.0215         7.85553 
        1.11677         19.9567         7.75342 
         1.1229         19.7301         7.65331 
        1.12903         19.5508         7.55489 
        1.13518         19.4919         7.45813 
        1.14131          19.308         7.36312 
        1.14745         19.1137         7.26983 
        1.15359         18.8944         7.17815 
        1.15973         18.8525         7.08801 
        1.16584         18.6692         6.99984 
        1.17197         18.4737         6.91304 
        1.17811         18.3766         6.82746 
        1.18424         18.1709         6.74358 
        1.19038         18.1037         6.66088 
        1.19652          17.925          6.5796 
        1.20267         17.8628         6.49969 
        1.20881         17.6875         6.42112 
        1.21495         17.6221         6.34398 
        1.22108         17.5158         6.26813 
         1.2272         17.3358          6.1937 
        1.23334         17.2588         6.12031 
        1.23949         17.1107         6.04794 
        1.24562         16.9659         5.97695 
        1.25174         16.8893          5.9072 
        1.25789         16.7769         5.83836 
        1.26402         16.6597         5.77075 
        1.27014         16.5576         5.70438 
        1.27628         16.4071         5.63885 
        1.28244         16.4085         5.57423 
        1.28858         16.2072         5.51072 
        1.29471          16.078         5.44833 
        1.30084         15.9751         5.38698 
        1.30697         15.8809         5.32648 
        1.31312         15.7841         5.26682 
        1.31925         15.6747         5.20827 
        1.32537         15.5397         5.15067 
        1.33151         15.4262         5.09373 
        1.33765         15.4127          5.0377 
        1.34378         15.3082         4.98261 
        1.34992         15.1694         4.92832 
        1.35606         15.0377         4.87471 
         1.3622         14.9815         4.82201 
        1.36833         14.9188         4.77021 
        1.37445         14.8011          4.7192 
        1.38059         14.6948         4.66878 
        1.38675         14.6455         4.61899 
        1.39288         14.5097         4.57011 
        1.39901         14.4072         4.52198 
        1.40515         14.3569         4.47442 
         1.4113         14.2772         4.42758 
        1.41742         14.1869         4.38158 
        1.42355         14.0734         4.33616 
         1.4297         14.0063         4.29124 
        1.43585         13.9233         4.24698 
        1.44198         13.8827         4.20351 
        1.44809         13.7837         4.16074 
        1.45423         13.6993         4.11841 
        1.46036         13.6239         4.07674 
        1.46649         13.5319         4.03564 
        1.47263         13.4575         3.99507 
        1.47877         13.3491         3.95508 
        1.48491         13.3078         3.91558 
        1.49104          13.221          3.8767 
        1.49718         13.1915         3.83832 
        1.50333         13.1081          3.8004 
        1.50947         12.9962         3.76307 
         1.5156         12.9642          3.7263 
        1.52172         12.8747         3.69002 
        1.52787         12.8465         3.65415 
          1.534         12.7447          3.6188 
        1.54013         12.7027         3.58396 
        1.54627         12.5969         3.54951 
        1.55241          12.516         3.51551 
        1.55855         12.4591         3.48201 
        1.56467         12.3905         3.44903 
         1.5708         12.3546         3.41639 
        1.57695         12.2842         3.38413 
        1.58308         12.1968         3.35235 
        1.58922         12.1365         3.32096 
        1.59535         12.0785         3.28999 
         1.6015         12.0093         3.25937 
        1.60764         11.9524         3.22916 
        1.61376         11.9012         3.19941 
        1.61989         11.7942         3.17001 
        1.62604         11.7608         3.14092 
        1.63218         11.6932         3.11221 
        1.63831          11.632         3.08393 
        1.64444         11.5853         3.05599 
        1.65059         11.5255         3.02833 
        1.65673         11.4613         3.00105 
        1.66285         11.3942         2.97417 
        1.66898         11.3501         2.94762 
        1.67512           11.33         2.92134 
        1.68127         11.2529         2.89536 
         1.6874         11.2172         2.86975 
        1.69353         11.1117         2.84447 
        1.69967         11.0608         2.81944 
        1.70581         11.0315         2.79471 
        1.71193         10.9613         2.77038 
        1.71806         10.9034         2.74629 
        1.72421         10.8656         2.72243 
        1.73035         10.8152         2.69889 
        1.73649         10.7505         2.67563 
        1.74262         10.7214         2.65266 
        1.74876         10.6635         2.62995 
        1.75489         10.6078         2.60755 
        1.76101         10.5345         2.58542 
        1.76715         10.5117         2.56352 
        1.77329         10.4517         2.54184 
        1.77943         10.4079          2.5204 
        1.78557         10.3913         2.49925 
        1.79171         10.3103         2.47833 
        1.79785         10.2473         2.45765 
        1.80399         10.2029          2.4372 
        1.81012         10.1653         2.41702 
        1.81625          10.122         2.39708 
        1.82239         10.0614         2.37733 
        1.82853         10.0256         2.35782 
        1.83466         9.96586         2.33854 
        1.84078         9.92228          2.3195 
        1.84692         9.90999         2.30064 
        1.85306         9.86389         2.28196 
         1.8592         9.81728         2.26353 
        1.86533         9.76385         2.24531 
        1.87147         9.71849         2.22727 
        1.87761         9.68636         2.20942 
        1.88375         9.63841         2.19178 
        1.88988         9.58853         2.17436 
        1.89601         9.55527         2.15712 
        1.90215         9.49315         2.14005 
        1.90829         9.45521         2.12317 
        1.91442         9.41757         2.10648 
        1.92056         9.37515         2.08998 
         1.9267         9.35122         2.07364 
        1.93284         9.33479         2.05746 
        1.93897         9.25496         2.04149 
        1.94509         9.23019         2.02573 
        1.95123         9.17281         2.01009 
        1.95737         9.12417          1.9946 
        1.96349         9.10076         1.97932 
        1.96964         9.08798         1.96415 
        1.97578         9.03893         1.94914 
        1.98192          9.0033         1.93431 
        1.98805         8.93912         1.91964 
        1.99419          8.9337         1.90512 
        2.00033         8.87204         1.89074 
        2.00647         8.83455         1.87651 
         2.0126         8.79618         1.86246 
        2.01874         8.76695         1.84852 
        2.02488         8.72198         1.83472 
        2.03101         8.70633         1.82108 
        2.03714         8.65224          1.8076 
        2.04328         8.62216         1.79424 
        2.04941         8.57871         1.78102 
        2.05554         8.56259         1.76794 
        2.06167         8.53099         1.75498 
        2.06781         8.51076         1.74215 
        2.07396         8.46246         1.72943 
        2.08009         8.40897         1.71685 
        2.08622         8.38064         1.70442 
        2.09237         8.36901         1.69208 
        2.09851         8.31094         1.67987 
        2.10464          8.2929         1.66779 
        2.11077         8.24639         1.65585 
        2.11691         8.21634           1.644 
        2.12305         8.17916         1.63227 
        2.12918         8.13862         1.62068 
        2.13531         8.13073          1.6092 
        2.14145          8.0825          1.5978 
         2.1476         8.04623          1.5865 
        2.15372         8.04306         1.57537 
        2.15985         7.98523         1.56433 
        2.16599         7.97325         1.55337 
        2.17213         7.94868         1.54253 
        2.17827          7.9142         1.53179 
         2.1844         7.88241         1.52116 
        2.19054         7.85129         1.51063 
        2.19666         7.82462         1.50021 
         2.2028         7.79387         1.48989 
        2.20893         7.76047         1.47965 
        2.21508         7.72323          1.4695 
        2.22122         7.69642         1.45945 
        2.22736         7.66869          1.4495 
        2.23349         7.63445         1.43966 
        2.23962         7.61192          1.4299 
        2.24577          7.6059         1.42022 
         2.2519         7.56119         1.41064 
        2.25802         7.52588         1.40117 
        2.26417         7.51361         1.39176 
        2.27031         7.47709         1.38242 
        2.27644         7.46342          1.3732 
        2.28257         7.41062         1.36407 
        2.28872         7.40275           1.355 
        2.29486         7.37849         1.34601 
        2.30099         7.33694         1.33713 
        2.30712         7.30297         1.32832 
        2.31326         7.28578         1.31957 
         2.3194          7.2503         1.31091 
        2.32553          7.2262         1.30234 
        2.33166         7.18711         1.29385 
         2.3378         7.18623         1.28543 
        2.34394         7.14793         1.27708 
        2.35007         7.12732         1.26881 
        2.35619         7.10332         1.26063 
        2.36233         7.07233          1.2525 
        2.36848         7.03609         1.24443 
        2.37462         7.01734         1.23644 
        2.38075         6.97838         1.22853 
        2.38689         6.97803         1.22068 
        2.39303         6.94582         1.21291 
        2.39916         6.92683         1.20521 
        2.40529         6.91021         1.19757 
        2.41143         6.87571            1.19 
        2.41757          6.8422         1.18249 
         2.4237         6.81973         1.17506 
        2.42983         6.80733         1.16769 
        2.43598         6.77604         1.16037 
        2.44211         6.74996         1.15312 
        2.44823         6.72429         1.14595 
        2.45437         6.71248         1.13882 
        2.46052         6.68633         1.13175 
        2.46665         6.66879         1.12475 
        2.47279         6.64513         1.11781 
        2.47892         6.61182         1.11092 
        2.48507         6.59102         1.10409 
         2.4912         6.56409         1.09732 
        2.49733         6.54863         1.09062 
        2.50347         6.52846         1.08396 
        2.50961         6.50201         1.07736 
        2.51575         6.48235         1.07081 
        2.52188          6.4619         1.06433 
        2.52802         6.43339         1.05789 
        2.53416         6.41156         1.05151 
        2.54029         6.38784         1.04519 
        2.54641         6.38372         1.03892 
        2.55255         6.35649          1.0327 
        2.55869          6.3294         1.02652 
        2.56483         6.31425         1.02039 
        2.57096         6.28966         1.01433 
        2.57709         6.26224         1.00831 
        2.58323         6.25736         1.00234 
        2.58937          6.2241        0.996406 
        2.59551         6.20129        0.990532 
        2.60164         6.18628        0.984707 
        2.60778         6.17564        0.978923 
        2.61392         6.14309        0.973187 
        2.62006         6.11672        0.967498 
        2.62619         6.09615        0.961862 
        2.63232         6.09174         0.95627 
        2.63846          6.0695        0.950715 
        2.64459         6.04987        0.945212 
        2.65072         6.02366        0.939753 
        2.65686          6.0098        0.934336 
          2.663         5.99386        0.928952 
        2.66915         5.97626        0.923612 
        2.67527          5.9549        0.918326 
        2.68141          5.9355        0.913078 
        2.68755         5.92555        0.907867 
        2.69368         5.89557          0.9027 
        2.69981         5.87408        0.897581 
        2.70595         5.85868         0.89249 
        2.71209         5.84913        0.887436 
        2.71823         5.81471         0.88243 
        2.72436         5.80178        0.877464 
         2.7305         5.78874        0.872533 
        2.73663         5.76142         0.86764 
        2.74276         5.75106        0.862791 
         2.7489         5.73204        0.857974 
        2.75504         5.71029        0.853189 
        2.76118         5.69707        0.848439 
        2.76732         5.69109        0.843732 
        2.77345         5.65386        0.839062 
        2.77959         5.64867        0.834427 
        2.78572         5.62478        0.829827 
        2.79186         5.60254        0.825264 
        2.79798         5.58604         0.82074 
        2.80412         5.56967        0.816241 
        2.81027         5.56176        0.811771 
         2.8164         5.53789        0.807344 
        2.82253         5.51695         0.80295 
        2.82867         5.50931        0.798587 
        2.83481         5.48804        0.794255 
        2.84095         5.47293        0.789955 
        2.84708         5.45659        0.785693 
        2.85322          5.4417        0.781457 
        2.85935         5.42107        0.777253 
        2.86549         5.40206        0.773083 
        2.87162         5.39018        0.768943 
        2.87776         5.37707        0.764834 
        2.88389         5.36658        0.760752 
        2.89003         5.35138        0.756703 
        2.89617         5.32803        0.752681 
        2.90231         5.32402        0.748689 
        2.90844         5.29709        0.744727 
        2.91458          5.2811        0.740794 
        2.92071         5.26347        0.736893 
        2.92684         5.25389        0.733017 
        2.93298         5.24739         0.72917 
         2.9391          5.2201        0.725356 
        2.94524         5.21388        0.721564 
        2.95138         5.20162        0.717797 
        2.95752         5.18735        0.714054 
        2.96367         5.16361        0.710337 
         2.9698           5.159        0.706654 
        2.97594         5.14509        0.702993 
        2.98207          5.1252        0.699359 
        2.98821         5.10961        0.695754 
        2.99434         5.09354        0.692174 
        3.00048         5.08968        0.688617 
        3.00662         5.06245        0.685084 
        3.01275         5.05639        0.681581 
        3.01888         5.03538        0.678102 
        3.02503         5.02946        0.674642 
        3.03117         5.01394        0.671207 
        3.03729         4.99351        0.667805 
        3.04342         4.97976        0.664423 
        3.04957         4.96678        0.661056 
         3.0557         4.95764        0.657719 
        3.06183         4.94754         0.65441 
        3.06796         4.92948         0.65112 
        3.07411          4.9113        0.647846 
        3.08025         4.90635        0.644601 
        3.08637          4.8914        0.641383 
         3.0925         4.88026        0.638182 
        3.09865         4.86278        0.634998 
         3.1048         4.85401        0.631836 
        3.11093         4.83724        0.628702 
        3.11706          4.8253        0.625589 
         3.1232         4.81417        0.622496 
        3.12933          4.7994        0.619422 
        3.13547         4.78672        0.616372 
        3.14159         4.77989        0.613346 
        3.14773         4.76196        0.610334 
        3.15388         4.75085         0.60734 
        3.16001         4.74182        0.604371 
        3.16614         4.73343        0.601423 
        3.17228         4.71862        0.598492 
        3.17842         4.70494        0.595582 
        3.18455         4.69733        0.592692 
        3.19068         4.68267        0.589822 
        3.19682         4.67649        0.586968 
        3.20297         4.66103        0.584132 
         3.2091         4.64628        0.581317 
        3.21524         4.64633         0.57852 
        3.22138         4.61977        0.575742 
         3.2275         4.62168        0.572987 
        3.23363         4.59908        0.570249 
        3.23977         4.59784        0.567526 
        3.24591         4.57865         0.56482 
        3.25205         4.56316        0.562131 
        3.25818         4.55834         0.55946 
        3.26432         4.55069        0.556808 
        3.27046         4.54557        0.554173 
         3.2766          4.5254        0.551555 
        3.28273         4.51981        0.548954 
        3.28887         4.50363         0.54637 
          3.295         4.49562        0.543804 
        3.30113         4.48575        0.541254 
        3.30727         4.47007        0.538719 
        3.31341         4.45931        0.536203 
        3.31954         4.44699        0.533702 
        3.32568         4.44337        0.531215 
        3.33182         4.42721        0.528745 
        3.33795         4.41722        0.526293 
        3.34409         4.40696        0.523853 
        3.35022         4.40116         0.52143 
        3.35636         4.38736        0.519024 
         3.3625         4.38366        0.516631 
        3.36864         4.37371        0.514253 
        3.37477          4.3574        0.511891 
        3.38091         4.35409        0.509545 
        3.38704         4.34385        0.507214 
        3.39318         4.33499        0.504897 
        3.39931         4.32227        0.502593 
        3.40545         4.31385        0.500305 
        3.41158         4.30772        0.498032 
        3.41772         4.29346        0.495772 
        3.42385         4.28289        0.493528 
        3.42998         4.27779        0.491297 
        3.43612         4.26789         0.48908 
        3.44226         4.25643        0.486875 
         3.4484         4.24908        0.484681 
        3.45453         4.24186        0.482506 
        3.46066         4.23048        0.480344 
        3.46681         4.22386        0.478191 
        3.47295         4.21739        0.476052 
        3.47908         4.20731        0.473931 
        3.48521         4.19402        0.471822 
        3.49135         4.18837        0.469723 
        3.49749          4.1778        0.467638 
        3.50362         4.16723        0.465566 
        3.50976          4.1659        0.463507 
        3.51589         4.15172         0.46146 
        3.52203         4.13956        0.459425 
        3.52816         4.14097        0.457406 
        3.53429         4.12604        0.455397 
        3.54043          4.1214        0.453396 
        3.54657         4.11058        0.451409 
        3.55271         4.10162        0.449436 
        3.55884         4.09982        0.447476 
        3.56498          4.0879        0.445524 
        3.57112         4.07753        0.443584 
        3.57725         4.06394        0.441658 
        3.58338           4.063        0.439745 
        3.58952         4.05328         0.43784 
        3.59566          4.0514        0.435946 
         3.6018         4.04647        0.434064 
        3.60793          4.0364        0.432195 
        3.61407         4.02666        0.430336 
        3.62021         4.01442        0.428488 
        3.62634         4.01322        0.426651 
        3.63247         4.00523        0.424825 
        3.63861         3.99489         0.42301 
        3.64475         3.98539        0.421202 
        3.65089         3.97527        0.419408 
        3.65702         3.97216        0.417626 
        3.66316         3.96545        0.415852 
        3.66929         3.95989        0.414089 
        3.67543         3.95089        0.412337 
        3.68156         3.94641        0.410595 
        3.68769         3.94471        0.408862 
        3.69383           3.931        0.407139 
        3.69997         3.92764        0.405426 
        3.70611         3.91822        0.403724 
        3.71224         3.90942        0.402031 
        3.71838         3.90595        0.400347 
        3.72451         3.89707        0.398675 
        3.73065         3.89087        0.397012 
        3.73678         3.88629        0.395358 
        3.74292         3.87696        0.393712 
        3.74906         3.87108        0.392077 
        3.75519         3.86034        0.390451 
        3.76133         3.85436        0.388834 
        3.76746         3.84987        0.387228 
         3.7736         3.84648         0.38563 
        3.77974         3.83934         0.38404 
        3.78588         3.82542        0.382459 
        3.79201         3.82048        0.380888 
        3.79814         3.82088        0.379327 
        3.80428         3.80746        0.377773 
        3.81042         3.80424        0.376227 
        3.81655         3.79822        0.374691 
        3.82268         3.79151        0.373165 
        3.82882         3.78539        0.371647 
        3.83496           3.783        0.370135 
        3.84109         3.77426        0.368633 
        3.84723         3.76441         0.36714 
        3.85337         3.77136        0.365653 
        3.85951          3.7548        0.364175 
        3.86565         3.74647        0.362706 
        3.87178         3.74586        0.361247 
        3.87791         3.74263        0.359795 
        3.88405         3.73439         0.35835 
        3.89019         3.72733        0.356913 
        3.89632         3.71743        0.355484 
        3.90246         3.71686        0.354063 
         3.9086         3.71328        0.352649 
        3.91473         3.70966        0.351245 
        3.92086         3.69773        0.349849 
        3.92699         3.68933        0.348459 
        3.93313         3.68905        0.347076 
        3.93927         3.68606        0.345701 
         3.9454         3.67653        0.344334 
        3.95154         3.67456        0.342973 
        3.95768         3.66956         0.34162 
        3.96382         3.66026        0.340275 
        3.96995         3.65647        0.338937 
        3.97609          3.6481        0.337606 
        3.98222         3.64726        0.336283 
        3.98836         3.64166        0.334967 
         3.9945          3.6326        0.333657 
        4.00063         3.63027        0.332356 
        4.00677         3.62532        0.331059 
        4.01291         3.61872         0.32977 
        4.01904         3.61034         0.32849 
        4.02517         3.60744        0.327217 
        4.03131         3.60444        0.325948 
        4.03745         3.59814        0.324686 
        4.04358         3.59409        0.323432 
        4.04972         3.58621        0.322185 
        4.05585         3.58575        0.320944 
        4.06199         3.57272        0.319709 
        4.06812         3.57607        0.318481 
        4.07426         3.57012         0.31726 
         4.0804         3.56205        0.316044 
        4.08654         3.56091        0.314834 
        4.09267         3.55316        0.313633 
         4.0988         3.55026        0.312439 
        4.10494         3.54408        0.311249 
        4.11108         3.53587        0.310065 
        4.11721         3.53596        0.308888 
        4.12334         3.52615        0.307717 
        4.12948         3.52011        0.306553 
        4.13561         3.52072        0.305393 
        4.14176         3.51326        0.304239 
        4.14789          3.5123        0.303092 
        4.15403         3.50831        0.301951 
        4.16016         3.50088        0.300816 
         4.1663         3.49451        0.299686 
        4.17243         3.49135        0.298564 
        4.17857          3.4862        0.297446 
        4.18471         3.48568        0.296333 
        4.19084         3.47819        0.295227 
        4.19698         3.47271        0.294127 
        4.20312         3.46743        0.293031 
        4.20925         3.46487        0.291942 
        4.21538         3.45952        0.290859 
        4.22152         3.45531         0.28978 
        4.22766         3.44721        0.288707 
         4.2338         3.44749         0.28764 
        4.23993         3.44467        0.286578 
        4.24607         3.44187        0.285522 
         4.2522         3.43411         0.28447 
        4.25834          3.4283        0.283424 
        4.26447         3.42423        0.282385 
        4.27061         3.42104         0.28135 
        4.27674         3.41485         0.28032 
        4.28288         3.40477        0.279294 
        4.28902         3.40951        0.278274 
        4.29515         3.40388         0.27726 
        4.30129         3.39984        0.276251 
        4.30743         3.39434        0.275245 
        4.31356          3.3895        0.274246 
        4.31969         3.38489        0.273253 
        4.32583         3.37961        0.272263 
        4.33197         3.37552        0.271278 
         4.3381         3.37491        0.270298 
        4.34424         3.36865        0.269324 
        4.35038         3.36776        0.268352 
        4.35652         3.36174        0.267387 
        4.36265         3.35533        0.266427 
        4.36878          3.3503        0.265472 
        4.37492         3.34746         0.26452 
        4.38106         3.34036        0.263573 
        4.38719         3.33769        0.262632 
        4.39333         3.33446        0.261696 
        4.39946         3.33326        0.260764 
         4.4056         3.32352        0.259836 
        4.41173         3.32497        0.258912 
        4.41786         3.31927        0.257995 
          4.424         3.31483         0.25708 
        4.43014         3.30979        0.256169 
        4.43628         3.30679        0.255263 
        4.44241         3.30037        0.254363 
        4.44855         3.29767        0.253466 
        4.45469         3.29215        0.252573 
        4.46083         3.29328        0.251685 
        4.46696         3.28773        0.250802 
        4.47309         3.28387        0.249922 
        4.47923          3.2801        0.249046 
        4.48537         3.27615        0.248176 
         4.4915         3.27095        0.247309 
        4.49764         3.26529        0.246446 
        4.50378         3.26226        0.245587 
        4.50991         3.26013        0.244733 
        4.51604         3.25367        0.243884 
        4.52218         3.25046        0.243036 
        4.52832          3.2467        0.242194 
        4.53445         3.23992        0.241356 
        4.54059         3.23743        0.240522 
        4.54673         3.23544        0.239691 
        4.55286         3.23305        0.238864 
          4.559         3.22539        0.238042 
        4.56513         3.21884        0.237224 
        4.57127          3.2165        0.236409 
        4.57741         3.21334        0.235598 
        4.58354         3.21129        0.234791 
        4.58968         3.20526        0.233987 
        4.59582         3.19945        0.233187 
        4.60195         3.19827        0.232392 
        4.60809         3.19789          0.2316 
        4.61422         3.19187        0.230812 
        4.62036         3.18598        0.230027 
        4.62649         3.18578        0.229246 
        4.63263          3.1772        0.228469 
        4.63876         3.17476        0.227695 
         4.6449         3.17472        0.226925 
        4.65104          3.1673        0.226158 
        4.65717         3.16493        0.225396 
        4.66331         3.15997        0.224636 
        4.66944         3.15915         0.22388 
        4.67558         3.15484        0.223128 
        4.68171         3.15022        0.222379 
        4.68785         3.14006        0.221633 
        4.69399         3.14057        0.220891 
        4.70012         3.13488        0.220153 
        4.70625         3.13525        0.219418 
        4.71239          3.1317        0.218686 
        4.71853         3.12694        0.217957 
        4.72467         3.12091        0.217232 
         4.7308         3.11605         0.21651 
        4.73694         3.11522        0.215791 
        4.74308         3.10944        0.215076 
        4.74922         3.10532        0.214363 
        4.75535         3.10447        0.213655 
        4.76148         3.10201         0.21295 
        4.76762         3.09573        0.212247 
        4.77376         3.09217        0.211547 
        4.77989         3.09147        0.210852 
        4.78602         3.08125        0.210159 
        4.79216         3.07926        0.209469 
         4.7983         3.07749        0.208782 
        4.80443         3.07448        0.208099 
        4.81056         3.06862        0.207419 
         4.8167          3.0659        0.206741 
        4.82284          3.0634        0.206066 
        4.82898         3.05647        0.205395 
        4.83511         3.05551        0.204727 
        4.84125         3.05184        0.204061 
        4.84739         3.04513        0.203398 
        4.85352         3.04223        0.202739 
        4.85965         3.04108        0.202083 
        4.86579         3.03701        0.201429 
        4.87193         3.03325        0.200778 
        4.87807         3.02737         0.20013 
         4.8842         3.02565        0.199485 
        4.89034         3.01776        0.198843 
        4.89647         3.01821        0.198204 
        4.90261         3.01263        0.197567 
        4.90874         3.01263        0.196934 
        4.91488         3.00655        0.196303 
        4.92102         2.99897        0.195675 
        4.92715         2.99803        0.195049 
        4.93329         2.99724        0.194427 
        4.93942         2.99215        0.193807 
        4.94556         2.98977         0.19319 
         4.9517         2.98574        0.192575 
        4.95783         2.98035        0.191963 
        4.96397         2.97842        0.191354 
        4.97011         2.97167        0.190748 
        4.97624          2.9701        0.190144 
        4.98238         2.96691        0.189543 
        4.98851         2.96568        0.188945 
        4.99465         2.96177        0.188348 
        5.00078         2.95637        0.187755 
        5.00691         2.95347        0.187165 
        5.01305         2.95193        0.186577 
        5.01919         2.94637         0.18599 
        5.02533         2.94625        0.185407 
        5.03146         2.93991        0.184826 
         5.0376         2.93559        0.184248 
        5.04374         2.93138        0.183672 
        5.04987         2.92895        0.183099 
        5.05601         2.92516        0.182528 
        5.06215         2.92356         0.18196 
        5.06829         2.91941        0.181393 
        5.07442         2.91529         0.18083 
        5.08055         2.91252         0.18027 
        5.08668          2.9064        0.179711 
        5.09282          2.9078        0.179154 
        5.09896         2.90101        0.178601 
        5.10509         2.89838        0.178049 
        5.11123         2.89501          0.1775 
        5.11736         2.89248        0.176953 
         5.1235         2.88759        0.176408 
        5.12964         2.88548        0.175866 
        5.13577         2.88105        0.175326 
        5.14191         2.87914        0.174788 
        5.14804         2.87845        0.174253 
        5.15418         2.86913         0.17372 
        5.16032         2.86794        0.173188 
        5.16645         2.86625        0.172659 
        5.17259         2.86267        0.172133 
        5.17872         2.85973        0.171609 
        5.18486         2.85466        0.171086 
          5.191         2.85307        0.170566 
        5.19713          2.8515        0.170048 
        5.20327         2.84795        0.169533 
        5.20941         2.84232        0.169019 
        5.21555         2.84076        0.168507 
        5.22168         2.83659        0.167998 
        5.22781         2.83393        0.167491 
        5.23395         2.82796        0.166986 
        5.24009         2.82441        0.166483 
        5.24622         2.82295        0.165982 
        5.25236         2.82026        0.165484 
         5.2585         2.81669        0.164986 
        5.26463         2.81397        0.164492 
        5.27077         2.81062        0.163999 
         5.2769         2.80826        0.163509 
        5.28304         2.80477         0.16302 
        5.28917         2.80275        0.162534 
         5.2953         2.80068        0.162049 
        5.30144         2.79818        0.161567 
        5.30757         2.79398        0.161086 
        5.31371         2.79278        0.160607 
        5.31985         2.78668         0.16013 
        5.32599         2.78132        0.159655 
        5.33213         2.78202        0.159182 
        5.33826         2.78026        0.158711 
         5.3444         2.77469        0.158242 
        5.35053          2.7731        0.157775 
        5.35667         2.76796         0.15731 
        5.36281          2.7658        0.156846 
        5.36894         2.76451        0.156385 
        5.37507         2.75946        0.155925 
        5.38121         2.75817        0.155467 
        5.38735         2.75406        0.155011 
        5.39348         2.75229        0.154558 
        5.39961          2.7526        0.154106 
        5.40575         2.74695        0.153655 
        5.41189         2.74515        0.153206 
        5.41803         2.74262        0.152759 
        5.42416         2.73829        0.152314 
         5.4303         2.73448        0.151871 
        5.43644         2.73437        0.151429 
        5.44257         2.73022         0.15099 
        5.44871         2.72572        0.150552 
        5.45484         2.72298        0.150115 
        5.46098         2.72284        0.149681 
        5.46712         2.71988        0.149248 
        5.47325          2.7179        0.148817 
        5.47938         2.71601        0.148388 
        5.48552         2.71371         0.14796 
        5.49165         2.70976        0.147534 
        5.49779         2.70654         0.14711 
        5.50393         2.70441        0.146687 
        5.51006         2.70337        0.146266 
         5.5162         2.70031        0.145847 
        5.52234         2.69441        0.145429 
        5.52847         2.69289        0.145013 
        5.53461           2.695        0.144599 
        5.54075         2.69066        0.144186 
        5.54688         2.68677        0.143775 
        5.55302         2.68473        0.143365 
        5.55915         2.68265        0.142957 
        5.56529         2.67949        0.142551 
        5.57143          2.6783        0.142146 
        5.57756         2.67447        0.141743 
         5.5837         2.67558        0.141341 
        5.58983         2.67083        0.140942 
        5.59597         2.66981        0.140543 
         5.6021         2.66659        0.140146 
        5.60824         2.66561        0.139751 
        5.61438         2.66409        0.139357 
        5.62051         2.66047        0.138964 
        5.62665         2.66122        0.138574 
        5.63278         2.65526        0.138184 
        5.63892         2.65452        0.137796 
        5.64505         2.65434         0.13741 
        5.65119         2.65163        0.137025 
        5.65733         2.64979        0.136642 
        5.66346         2.64695         0.13626 
         5.6696         2.64553         0.13588 
        5.67573         2.64599        0.135501 
        5.68187         2.64354        0.135123 
          5.688         2.63953        0.134747 
        5.69414         2.63708        0.134372 
        5.70028         2.63396        0.133999 
        5.70642         2.63476        0.133627 
        5.71255         2.63365        0.133257 
        5.71869         2.63075        0.132888 
        5.72482         2.62916         0.13252 
        5.73096         2.62756        0.132154 
        5.73709         2.62765         0.13179 
        5.74322          2.6256        0.131426 
        5.74936         2.62272        0.131064 
         5.7555         2.62067        0.130703 
        5.76164         2.62157        0.130344 
        5.76777          2.6181        0.129986 
        5.77391         2.61758        0.129629 
        5.78005         2.61644        0.129274 
        5.78618         2.61495         0.12892 
        5.79231         2.61607        0.128568 
        5.79845          2.6128        0.128217 
        5.80459         2.60989        0.127866 
        5.81073          2.6091        0.127518 
        5.81686         2.60865        0.127171 
          5.823         2.60712        0.126824 
        5.82914         2.60545         0.12648 
        5.83527         2.60593        0.126136 
         5.8414         2.60361        0.125794 
        5.84754         2.60357        0.125453 
        5.85368         2.60166        0.125113 
        5.85981          2.5998        0.124775 
        5.86595         2.59907        0.124438 
        5.87208         2.59678        0.124102 
        5.87822         2.59689        0.123768 
        5.88435         2.59775        0.123435 
        5.89049         2.59574        0.123102 
        5.89662         2.59583        0.122771 
        5.90276         2.59497        0.122442 
         5.9089         2.59341        0.122113 
        5.91503         2.59283        0.121786 
        5.92117         2.59422         0.12146 
        5.92731          2.5917        0.121135 
        5.93344         2.59135        0.120811 
        5.93958         2.58999        0.120489 
        5.94572         2.59054        0.120167 
        5.95186         2.58831        0.119847 
        5.95799         2.59117        0.119528 
        5.96412         2.58885         0.11921 
        5.97026          2.5879        0.118893 
         5.9764         2.58717        0.118578 
        5.98253         2.58655        0.118264 
        5.98866         2.58935        0.117951 
         5.9948           2.587        0.117639 
        6.00094         2.58655        0.117328 
        6.00707         2.58542        0.117018 
        6.01321         2.58589        0.116709 
        6.01935         2.58566        0.116401 
        6.02548         2.58531        0.116095 
        6.03162         2.58644         0.11579 
        6.03775         2.58598        0.115486 
        6.04389         2.58637        0.115182 
        6.05003         2.58709         0.11488 
        6.05617         2.58409        0.114579 
         6.0623          2.5864        0.114279 
        6.06844         2.58873         0.11398 
        6.07457         2.58502        0.113683 
         6.0807         2.58833        0.113386 
        6.08684         2.58836        0.113091 
        6.09298         2.58639        0.112796 
        6.09912         2.58874        0.112502 
        6.10525         2.59069         0.11221 
        6.11138         2.58935        0.111918 
        6.11752         2.58899        0.111628 
        6.12366         2.59128        0.111339 
        6.12979         2.58983         0.11105 
        6.13593         2.59176        0.110763 
        6.14207         2.59451        0.110477 
         6.1482         2.59437        0.110191 
        6.15434          2.5939        0.109907 
        6.16047         2.59462        0.109624 
        6.16661         2.59775        0.109342 
        6.17274         2.59743        0.109061 
        6.17887         2.59851         0.10878 
        6.18501         2.60124        0.108501 
        6.19115         2.60182        0.108223 
        6.19729         2.60082        0.107945 
        6.20342         2.60398        0.107669 
        6.20956         2.60561        0.107394 
         6.2157         2.60785        0.107119 
        6.22183         2.60883        0.106846 
        6.22797         2.60877        0.106573 
         6.2341         2.61165        0.106302 
        6.24024         2.61095        0.106031 
        6.24638         2.61499        0.105761 
        6.25251         2.61459        0.105493 
        6.25865         2.61721        0.105225 
        6.26478         2.62128        0.104958 
        6.27092         2.62027        0.104693 
        6.27705         2.62246        0.104428 
        6.28318         2.62332        0.104164 
