# k  (h/Mpc)    Pcb(k)  (Mpc/h)^3    Pcb_linear(k)  (Mpc/h)^3
     0.00783031         6662.78         6746.26 
       0.013688         7729.41         7698.54 
       0.019231         7217.28          7197.8 
      0.0249154         6024.19         6085.39 
      0.0312784         4756.56         4759.97 
      0.0375637         3749.22         3721.67 
      0.0433917         3076.02         3080.66 
      0.0492413         2707.92         2698.34 
      0.0555754         2444.65         2469.89 
      0.0619321         2335.15         2314.37 
       0.067871         2135.21         2152.82 
      0.0738098         1926.35         1940.84 
      0.0800417         1658.77         1675.97 
      0.0862327          1413.2         1411.48 
      0.0921407         1214.44         1196.82 
      0.0982031         1047.34         1036.25 
       0.104506         963.236         933.933 
       0.110769         904.276         881.518 
       0.116806         867.712          854.66 
       0.122832           843.1          828.69 
       0.129052         788.955         786.303 
       0.135211         729.781         724.028 
       0.141259         667.331          649.85 
       0.147318          599.21         574.866 
       0.153489         531.996         509.442 
       0.159709         488.493         461.248 
       0.165845         462.816         431.467 
       0.171974         439.975         414.975 
       0.178125         427.936         404.905 
       0.184229         415.514         394.452 
        0.19034          390.54         378.738 
       0.196428         375.642         356.502 
       0.202534         354.948         329.552 
       0.208729         326.726         301.359 
       0.214876         301.893         276.394 
       0.220989          285.94         256.912 
       0.227147         270.126         243.147 
        0.23329         259.699          234.12 
       0.239377         254.223         227.745 
       0.245482         240.001          221.67 
       0.251667         236.417         214.091 
       0.257832         227.125         204.434 
       0.263955         216.331         193.173 
       0.270079         204.983         181.346 
        0.27624         198.213         170.184 
       0.282372         189.491          160.72 
        0.28843          181.14         153.351 
       0.294538         173.249         147.689 
       0.300721         170.716         143.152 
        0.30691         163.345         139.041 
       0.313033         159.034         134.746 
       0.319153         151.918         129.892 
       0.325316         148.365         124.445 
        0.33145         141.959         118.759 
       0.337538         138.511         113.258 
       0.343633         132.903         108.235 
       0.349808         128.363         103.857 
       0.355968         125.512         100.179 
       0.362074         121.828         97.0854 
       0.368217         118.179         94.2656 
       0.374374         114.427         91.5034 
       0.380519         112.072         88.6603 
       0.386598         108.827         85.6911 
       0.392688          106.55         82.6392 
        0.39888         103.423         79.5608 
       0.405048         100.448         76.6416 
       0.411186         97.9752         73.9897 
       0.417313         95.3301         71.6119 
       0.423458         92.9599         69.4672 
       0.429607         90.6808         67.5047 
       0.435692         87.5416         65.6571 
       0.441815         86.5916         63.8166 
       0.447964         84.9127         61.9659 
       0.454126         81.0172         60.1055 
       0.460267         79.9831          58.263 
       0.466387         78.3717         56.4811 
        0.47254         76.6172         54.7873 
       0.478662         75.6832         53.2124 
       0.484765         73.2255         51.7461 
       0.490885         71.8026         50.3699 
       0.497035         70.8484         49.0614 
       0.503198         68.7289         47.7953 
       0.509342         67.2089         46.5543 
       0.515458         66.0243         45.3345 
       0.521598         64.8938         44.1343 
       0.527764         63.7886         42.9618 
       0.533884         62.7775         41.8376 
           0.54         61.2681         40.7595 
       0.546137         60.5639         39.7281 
       0.552299         59.5439          38.746 
       0.558452         57.9811          37.811 
       0.564573         56.9118         36.9151 
       0.570708         56.0217         36.0417 
       0.576825         55.1434         35.1899 
       0.582926         53.8562         34.3608 
       0.589034         52.7777         33.5535 
       0.595184         52.0387         32.7659 
       0.601379          51.162         31.9995 
       0.607522         49.9794         31.2655 
       0.613639         49.7202         30.5597 
       0.619772         48.5757         29.8763 
       0.625918         47.9745          29.215 
       0.632068         47.3563         28.5751 
       0.638161         46.6253         27.9608 
         0.6443         45.8836         27.3598 
       0.650464         45.2003         26.7728 
       0.656582         44.6023         26.2053 
       0.662703         43.6942         25.6524 
       0.668861         43.0755         25.1116 
       0.675024         42.5052          24.586 
       0.681124         41.8133         24.0814 
       0.687237         41.0173         23.5912 
       0.693381           40.63         23.1136 
       0.699536         39.8892         22.6492 
       0.705665         39.9545         22.2001 
       0.711789         38.8836         21.7637 
       0.717957         38.4292         21.3358 
        0.72409         37.8895         20.9213 
       0.730186         37.2795         20.5198 
       0.736317         37.0784         20.1264 
       0.742472         36.4907         19.7417 
       0.748622         36.0509         19.3672 
        0.75476         35.5976         19.0034 
       0.760888         35.0162         18.6496 
       0.767043         34.5898         18.3036 
       0.773185         34.1241         17.9673 
       0.779291         33.9118         17.6415 
       0.785407          33.576         17.3234 
       0.791564         33.0808         17.0113 
       0.797719         32.3887         16.7071 
       0.803834         32.2859         16.4122 
       0.809972         31.7389         16.1235 
       0.816124         31.3456          15.841 
       0.822261         31.0452         15.5661 
       0.828378          30.858         15.2986 
       0.834502         30.4421         15.0371 
       0.840667         30.0963         14.7801 
       0.846816         29.5965         14.5298 
       0.852925         29.3644         14.2869 
       0.859047         28.9708         14.0491 
       0.865192         28.6906         13.8159 
       0.871341         28.5679         13.5879 
       0.877463         27.9923         13.3661 
       0.883569         27.7391         13.1498 
       0.889708         27.4998         12.9372 
       0.895864         27.1967         12.7288 
       0.902008         26.9421         12.5254 
       0.908149         26.6722         12.3266 
       0.914301         26.5418         12.1318 
       0.920448         26.1947         11.9414 
       0.926574         25.8783         11.7558 
       0.932687           25.65         11.5745 
       0.938823         25.2749         11.3964 
       0.944975         25.1387         11.2217 
       0.951105         24.8683         11.0512 
       0.957225         24.5522         10.8846 
       0.963368         24.5591         10.7209 
       0.969511         24.2397         10.5605 
       0.975621         24.0628         10.4043 
       0.981748         23.6993         10.2509 
       0.987916         23.5336         10.0995 
        0.99406         23.3491         9.95185 
        1.00019         23.0774         9.80741 
        1.00632         22.9131         9.66598 
        1.01246         22.8124         9.52713 
        1.01859         22.4189         9.39123 
        1.02471         22.3668         9.25816 
        1.03085         22.1654         9.12722 
        1.03698          21.826         8.99909 
        1.04314         21.6996         8.87288 
        1.04929         21.4907         8.74939 
        1.05541         21.2681         8.62874 
        1.06154         21.1914         8.51008 
        1.06769         21.0096         8.39348 
        1.07382         20.8273         8.27945 
        1.07993         20.6913          8.1678 
        1.08607         20.4388         8.05776 
        1.09222         20.3382         7.94963 
        1.09836         20.1317         7.84363 
        1.10449         19.9775         7.73968 
        1.11063         19.7147         7.63751 
        1.11677         19.6466         7.53722 
         1.1229         19.5183         7.43891 
        1.12903         19.2863         7.34226 
        1.13518          19.206         7.24726 
        1.14131         19.0932           7.154 
        1.14745         18.8508         7.06243 
        1.15359         18.8203         6.97245 
        1.15973         18.5804           6.884 
        1.16584          18.408         6.79749 
        1.17197         18.3828         6.71234 
        1.17811         18.1577         6.62838 
        1.18424          18.015         6.54611 
        1.19038         17.9542           6.465 
        1.19652          17.853         6.38529 
        1.20267         17.7076         6.30693 
        1.20881         17.5313         6.22989 
        1.21495         17.4275         6.15427 
        1.22108         17.2911         6.07991 
         1.2272         17.1303         6.00695 
        1.23334         17.0733         5.93502 
        1.23949         16.9442          5.8641 
        1.24562          16.805         5.79453 
        1.25174         16.7271          5.7262 
        1.25789         16.5727         5.65876 
        1.26402         16.4863         5.59253 
        1.27014         16.2968         5.52752 
        1.27628         16.2186         5.46335 
        1.28244          16.141         5.40008 
        1.28858         16.0522          5.3379 
        1.29471         15.9364         5.27683 
        1.30084         15.8253         5.21677 
        1.30697         15.7207         5.15756 
        1.31312         15.5659         5.09918 
        1.31925         15.4764         5.04189 
        1.32537         15.4082         4.98554 
        1.33151         15.2975         4.92985 
        1.33765         15.2295         4.87504 
        1.34378         15.1076         4.82118 
        1.34992         14.9621         4.76809 
        1.35606         14.9206         4.71569 
         1.3622         14.8335         4.66416 
        1.36833         14.6958         4.61353 
        1.37445         14.6866         4.56368 
        1.38059         14.5383         4.51441 
        1.38675          14.369         4.46575 
        1.39288         14.3591           4.418 
        1.39901         14.2493         4.37097 
        1.40515         14.1938         4.32452 
         1.4113         14.0933         4.27876 
        1.41742         13.9669         4.23384 
        1.42355         13.9408         4.18948 
         1.4297         13.8681         4.14562 
        1.43585         13.7927          4.1024 
        1.44198         13.6828         4.05997 
        1.44809         13.5833         4.01821 
        1.45423         13.5209         3.97689 
        1.46036         13.4684         3.93622 
        1.46649          13.386         3.89611 
        1.47263          13.272         3.85652 
        1.47877         13.2226          3.8175 
        1.48491         13.1907         3.77896 
        1.49104         13.1016         3.74103 
        1.49718         12.9858         3.70359 
        1.50333         12.9447         3.66661 
        1.50947         12.8695          3.6302 
         1.5156         12.7865         3.59434 
        1.52172         12.7107         3.55897 
        1.52787          12.667           3.524 
          1.534         12.5649         3.48954 
        1.54013         12.4747         3.45558 
        1.54627         12.4214           3.422 
        1.55241         12.3449         3.38887 
        1.55855         12.2741         3.35623 
        1.56467         12.2123          3.3241 
         1.5708         12.1955          3.2923 
        1.57695         12.0764         3.26087 
        1.58308         12.0575         3.22993 
        1.58922          11.989         3.19936 
        1.59535         11.8983          3.1692 
         1.6015         11.8395         3.13938 
        1.60764         11.8082         3.10997 
        1.61376         11.6905         3.08101 
        1.61989         11.6404         3.05239 
        1.62604         11.6219         3.02408 
        1.63218          11.548         2.99614 
        1.63831         11.5067         2.96861 
        1.64444         11.4055         2.94143 
        1.65059         11.3519         2.91451 
        1.65673         11.3016         2.88797 
        1.66285         11.2479         2.86183 
        1.66898          11.224           2.836 
        1.67512         11.1566         2.81044 
        1.68127         11.1075         2.78517 
         1.6874         11.0237         2.76027 
        1.69353         10.9579         2.73569 
        1.69967         10.9145         2.71135 
        1.70581         10.8716         2.68731 
        1.71193         10.8195         2.66366 
        1.71806         10.7511         2.64024 
        1.72421         10.7048         2.61705 
        1.73035         10.6364         2.59417 
        1.73649          10.616         2.57157 
        1.74262         10.5855         2.54925 
        1.74876         10.5249         2.52718 
        1.75489         10.4685         2.50542 
        1.76101         10.3958         2.48393 
        1.76715         10.3721         2.46265 
        1.77329         10.3099          2.4416 
        1.77943         10.2577         2.42078 
        1.78557         10.2353         2.40023 
        1.79171         10.1792         2.37993 
        1.79785         10.0968         2.35985 
        1.80399         10.0718            2.34 
        1.81012         10.0589         2.32041 
        1.81625         9.99299         2.30106 
        1.82239         9.95216         2.28189 
        1.82853         9.87585         2.26296 
        1.83466         9.81643         2.24425 
        1.84078         9.78469         2.22578 
        1.84692         9.77009         2.20748 
        1.85306         9.69614         2.18937 
         1.8592         9.66599         2.17148 
        1.86533         9.63748         2.15381 
        1.87147          9.5846         2.13631 
        1.87761         9.55519           2.119 
        1.88375          9.4905          2.1019 
        1.88988         9.44361         2.08501 
        1.89601         9.41644         2.06829 
        1.90215         9.37068         2.05175 
        1.90829         9.33181         2.03539 
        1.91442          9.2969         2.01921 
        1.92056          9.2503         2.00322 
         1.9267          9.2053         1.98738 
        1.93284         9.16287         1.97171 
        1.93897         9.12898         1.95623 
        1.94509         9.08215         1.94096 
        1.95123         9.05668          1.9258 
        1.95737         9.02391          1.9108 
        1.96349         8.97695           1.896 
        1.96964         8.92688         1.88131 
        1.97578         8.89211         1.86677 
        1.98192         8.85761         1.85241 
        1.98805         8.83474          1.8382 
        1.99419         8.77608         1.82414 
        2.00033         8.72967         1.81022 
        2.00647         8.69707         1.79645 
         2.0126         8.68608         1.78284 
        2.01874         8.62133         1.76936 
        2.02488         8.58516           1.756 
        2.03101         8.57001          1.7428 
        2.03714         8.54071         1.72975 
        2.04328         8.48369         1.71682 
        2.04941         8.44275         1.70403 
        2.05554         8.43341         1.69138 
        2.06167         8.38614         1.67885 
        2.06781         8.36849         1.66643 
        2.07396         8.34302         1.65413 
        2.08009         8.30528         1.64197 
        2.08622         8.22759         1.62994 
        2.09237         8.23188         1.61802 
        2.09851         8.19135         1.60621 
        2.10464         8.15627         1.59453 
        2.11077         8.11022         1.58299 
        2.11691         8.08673         1.57153 
        2.12305          8.0766         1.56019 
        2.12918         8.01476         1.54899 
        2.13531         7.99451         1.53789 
        2.14145         7.96107         1.52688 
         2.1476         7.95425         1.51596 
        2.15372         7.90137         1.50521 
        2.15985          7.8584         1.49454 
        2.16599         7.85319         1.48395 
        2.17213         7.80697         1.47348 
        2.17827         7.79013          1.4631 
         2.1844          7.7535         1.45284 
        2.19054         7.72596         1.44267 
        2.19666         7.71101         1.43261 
         2.2028         7.67396         1.42264 
        2.20893          7.6371         1.41276 
        2.21508         7.59017         1.40296 
        2.22122         7.56908         1.39325 
        2.22736          7.5516         1.38365 
        2.23349          7.5114         1.37414 
        2.23962         7.48067         1.36472 
        2.24577         7.46174         1.35538 
         2.2519          7.4402         1.34614 
        2.25802         7.40898           1.337 
        2.26417         7.38776         1.32792 
        2.27031         7.32983         1.31891 
        2.27644         7.32568         1.31002 
        2.28257         7.29468          1.3012 
        2.28872           7.277         1.29245 
        2.29486          7.2431         1.28379 
        2.30099         7.23362         1.27522 
        2.30712         7.19085         1.26672 
        2.31326         7.16573         1.25829 
         2.3194         7.14191         1.24993 
        2.32553         7.10866         1.24167 
        2.33166         7.07548         1.23349 
         2.3378         7.05524         1.22537 
        2.34394         7.03958         1.21731 
        2.35007         6.99776         1.20935 
        2.35619         6.96225         1.20146 
        2.36233         6.95381         1.19362 
        2.36848          6.9434         1.18584 
        2.37462         6.91453         1.17814 
        2.38075          6.8684         1.17052 
        2.38689         6.85619         1.16296 
        2.39303         6.82409         1.15547 
        2.39916         6.81988         1.14805 
        2.40529         6.78213          1.1407 
        2.41143         6.76871          1.1334 
        2.41757         6.74012         1.12617 
         2.4237         6.72111         1.11901 
        2.42983         6.67951         1.11192 
        2.43598          6.6809         1.10486 
        2.44211         6.65142         1.09789 
        2.44823         6.61955         1.09098 
        2.45437          6.6121         1.08412 
        2.46052         6.56988         1.07731 
        2.46665          6.5431         1.07057 
        2.47279          6.5168         1.06389 
        2.47892         6.50696         1.05726 
        2.48507         6.47745         1.05068 
         2.4912         6.46679         1.04417 
        2.49733         6.43616         1.03772 
        2.50347         6.42333         1.03131 
        2.50961         6.39324         1.02496 
        2.51575         6.37696         1.01866 
        2.52188         6.35694         1.01242 
        2.52802         6.33216         1.00623 
        2.53416         6.30765         1.00009 
        2.54029         6.28311        0.994007 
        2.54641         6.27604        0.987979 
        2.55255         6.24675        0.981995 
        2.55869         6.22188         0.97605 
        2.56483          6.1986        0.970163 
        2.57096         6.17548        0.964331 
        2.57709         6.15726        0.958545 
        2.58323         6.14196          0.9528 
        2.58937         6.12581          0.9471 
        2.59551         6.11223        0.941453 
        2.60164         6.08847        0.935854 
        2.60778         6.05504        0.930294 
        2.61392         6.04646        0.924781 
        2.62006         6.01231        0.919315 
        2.62619         5.99572        0.913898 
        2.63232         5.97418        0.908524 
        2.63846         5.96856        0.903186 
        2.64459         5.93683        0.897899 
        2.65072         5.92702        0.892654 
        2.65686         5.90883         0.88745 
          2.663         5.88298        0.882277 
        2.66915         5.87217        0.877148 
        2.67527         5.85013        0.872071 
        2.68141         5.83101         0.86703 
        2.68755         5.81254        0.862025 
        2.69368         5.79662        0.857063 
        2.69981         5.76934        0.852148 
        2.70595         5.75605        0.847259 
        2.71209         5.73103        0.842406 
        2.71823         5.70604          0.8376 
        2.72436         5.68867        0.832832 
         2.7305         5.68624        0.828098 
        2.73663         5.66621        0.823402 
        2.74276         5.64889        0.818747 
         2.7489         5.63258        0.814124 
        2.75504         5.60667        0.809532 
        2.76118         5.59219        0.804973 
        2.76732         5.58103        0.800457 
        2.77345          5.5549        0.795976 
        2.77959         5.54402        0.791528 
        2.78572         5.52745        0.787115 
        2.79186         5.51645        0.782737 
        2.79798         5.48879        0.778397 
        2.80412         5.46257        0.774082 
        2.81027         5.44507        0.769795 
         2.8164         5.43867        0.765549 
        2.82253         5.41933        0.761335 
        2.82867         5.40385         0.75715 
        2.83481         5.39197        0.752996 
        2.84095         5.36768        0.748873 
        2.84708         5.35472        0.744786 
        2.85322         5.34856        0.740724 
        2.85935         5.33286        0.736694 
        2.86549         5.30815        0.732696 
        2.87162         5.29889        0.728727 
        2.87776         5.27702        0.724789 
        2.88389         5.26768        0.720876 
        2.89003         5.24958        0.716995 
        2.89617         5.23359         0.71314 
        2.90231         5.22197        0.709314 
        2.90844         5.20985        0.705517 
        2.91458         5.18736        0.701748 
        2.92071         5.17087        0.698011 
        2.92684         5.15522        0.694297 
        2.93298         5.14092        0.690611 
         2.9391         5.12712        0.686958 
        2.94524         5.11399        0.683325 
        2.95138         5.10225        0.679717 
        2.95752         5.08873        0.676132 
        2.96367         5.07219        0.672572 
         2.9698         5.06082        0.669044 
        2.97594         5.04391        0.665539 
        2.98207          5.0287        0.662059 
        2.98821         5.01403        0.658607 
        2.99434         4.99912        0.655179 
        3.00048          4.9831        0.651774 
        3.00662          4.9695        0.648391 
        3.01275         4.96023        0.645038 
        3.01888         4.94937        0.641708 
        3.02503          4.9334        0.638395 
        3.03117         4.92044        0.635108 
        3.03729         4.90182        0.631852 
        3.04342         4.88456        0.628615 
        3.04957         4.87289        0.625393 
         3.0557          4.8636        0.622199 
        3.06183         4.84753        0.619033 
        3.06796         4.83122        0.615885 
        3.07411         4.82709        0.612753 
        3.08025         4.80473        0.609647 
        3.08637         4.79953        0.606569 
         3.0925         4.78543        0.603507 
        3.09865          4.7724        0.600461 
         3.1048         4.75984        0.597436 
        3.11093         4.75011        0.594438 
        3.11706         4.73844        0.591461 
         3.1232         4.72146        0.588503 
        3.12933         4.71671        0.585564 
        3.13547          4.6989        0.582647 
        3.14159         4.69139        0.579753 
        3.14773         4.67075        0.576873 
        3.15388         4.66469         0.57401 
        3.16001         4.65347        0.571172 
        3.16614         4.63784        0.568354 
        3.17228          4.6308        0.565553 
        3.17842          4.6163         0.56277 
        3.18455         4.60548        0.560009 
        3.19068         4.59218        0.557266 
        3.19682         4.57602        0.554538 
        3.20297         4.56905        0.551827 
         3.2091         4.55707        0.549138 
        3.21524         4.55113        0.546466 
        3.22138         4.53155        0.543811 
         3.2275         4.52017        0.541179 
        3.23363         4.51358        0.538563 
        3.23977         4.49533        0.535961 
        3.24591         4.49238        0.533377 
        3.25205         4.47742        0.530808 
        3.25818         4.46718        0.528257 
        3.26432         4.45732        0.525724 
        3.27046         4.45448        0.523207 
         3.2766          4.4324        0.520706 
        3.28273         4.43178        0.518222 
        3.28887         4.41389        0.515755 
          3.295         4.40497        0.513304 
        3.30113         4.38764         0.51087 
        3.30727         4.38283         0.50845 
        3.31341         4.37833        0.506047 
        3.31954         4.36735         0.50366 
        3.32568         4.34905        0.501285 
        3.33182         4.33723        0.498927 
        3.33795          4.3388        0.496587 
        3.34409         4.31772        0.494258 
        3.35022         4.30939        0.491945 
        3.35636         4.30745        0.489649 
         3.3625         4.29442        0.487365 
        3.36864         4.28545        0.485096 
        3.37477         4.27267        0.482842 
        3.38091         4.27163        0.480603 
        3.38704          4.2549        0.478379 
        3.39318         4.24866        0.476168 
        3.39931         4.23714         0.47397 
        3.40545         4.22857        0.471788 
        3.41158         4.21634        0.469619 
        3.41772         4.21018        0.467463 
        3.42385         4.20184        0.465323 
        3.42998         4.19244        0.463195 
        3.43612         4.18318         0.46108 
        3.44226         4.17664        0.458978 
         3.4484         4.16548        0.456886 
        3.45453         4.15321        0.454811 
        3.46066         4.14342         0.45275 
        3.46681         4.13766        0.450697 
        3.47295         4.13377        0.448657 
        3.47908         4.12045        0.446636 
        3.48521         4.10931        0.444625 
        3.49135         4.10504        0.442624 
        3.49749         4.09277        0.440636 
        3.50362          4.0833        0.438661 
        3.50976         4.07268        0.436699 
        3.51589         4.06773        0.434748 
        3.52203         4.06036        0.432809 
        3.52816         4.04941        0.430884 
        3.53429         4.04313        0.428969 
        3.54043         4.03329        0.427063 
        3.54657         4.03066         0.42517 
        3.55271         4.02051         0.42329 
        3.55884         4.01032        0.421422 
        3.56498         4.00369        0.419563 
        3.57112          3.9965        0.417714 
        3.57725         3.98941        0.415879 
        3.58338         3.98456        0.414057 
        3.58952          3.9696        0.412243 
        3.59566         3.96482        0.410438 
         3.6018          3.9547        0.408645 
        3.60793         3.95222        0.406865 
        3.61407         3.94147        0.405095 
        3.62021         3.93784        0.403335 
        3.62634         3.92961        0.401585 
        3.63247         3.92703        0.399847 
        3.63861         3.91581        0.398119 
        3.64475         3.91064        0.396398 
        3.65089         3.89683        0.394689 
        3.65702          3.8954        0.392993 
        3.66316         3.88829        0.391304 
        3.66929         3.87781        0.389626 
        3.67543         3.86798        0.387958 
        3.68156         3.86169          0.3863 
        3.68769         3.85501        0.384651 
        3.69383         3.85196        0.383011 
        3.69997          3.8437         0.38138 
        3.70611         3.83372         0.37976 
        3.71224         3.82979        0.378149 
        3.71838         3.82321        0.376547 
        3.72451         3.81412        0.374956 
        3.73065         3.81108        0.373374 
        3.73678         3.80197        0.371801 
        3.74292         3.79722        0.370235 
        3.74906         3.79194        0.368679 
        3.75519         3.78274        0.367132 
        3.76133         3.78048        0.365595 
        3.76746           3.773        0.364066 
         3.7736         3.76718        0.362547 
        3.77974          3.7601        0.361035 
        3.78588         3.75059        0.359531 
        3.79201         3.74609        0.358037 
        3.79814         3.74301        0.356552 
        3.80428         3.74204        0.355074 
        3.81042         3.72823        0.353605 
        3.81655          3.7296        0.352144 
        3.82268         3.71656        0.350693 
        3.82882         3.71168        0.349249 
        3.83496         3.70806        0.347812 
        3.84109         3.69781        0.346384 
        3.84723         3.69017        0.344965 
        3.85337         3.68556        0.343551 
        3.85951         3.68527        0.342146 
        3.86565         3.67678         0.34075 
        3.87178         3.66756        0.339363 
        3.87791         3.66415        0.337983 
        3.88405         3.66054        0.336609 
        3.89019         3.65008        0.335244 
        3.89632         3.64339        0.333886 
        3.90246         3.64475        0.332536 
         3.9086         3.63818        0.331192 
        3.91473         3.62765        0.329858 
        3.92086          3.6239        0.328532 
        3.92699         3.62216        0.327212 
        3.93313         3.61993        0.325897 
        3.93927         3.60994        0.324592 
         3.9454         3.60624        0.323293 
        3.95154         3.59769           0.322 
        3.95768         3.59236        0.320715 
        3.96382          3.5868        0.319437 
        3.96995         3.58787        0.318166 
        3.97609          3.5843        0.316903 
        3.98222         3.57158        0.315647 
        3.98836          3.5673        0.314396 
         3.9945         3.56575        0.313153 
        4.00063         3.55509        0.311917 
        4.00677         3.55199        0.310686 
        4.01291         3.54826        0.309462 
        4.01904         3.54621        0.308247 
        4.02517         3.53988        0.307038 
        4.03131         3.53193        0.305834 
        4.03745          3.5252        0.304636 
        4.04358          3.5239        0.303445 
        4.04972         3.52013        0.302262 
        4.05585         3.51387        0.301084 
        4.06199         3.50803        0.299911 
        4.06812          3.4998        0.298746 
        4.07426         3.49838        0.297587 
         4.0804         3.49262        0.296433 
        4.08654         3.49221        0.295286 
        4.09267         3.48577        0.294145 
         4.0988         3.48047        0.293012 
        4.10494         3.47693        0.291883 
        4.11108         3.47168         0.29076 
        4.11721         3.46188        0.289643 
        4.12334         3.46166        0.288532 
        4.12948         3.45653        0.287428 
        4.13561         3.45248        0.286328 
        4.14176         3.44889        0.285233 
        4.14789         3.44397        0.284144 
        4.15403         3.44025        0.283063 
        4.16016         3.43342        0.281986 
         4.1663          3.4295        0.280915 
        4.17243         3.42232         0.27985 
        4.17857          3.4212        0.278789 
        4.18471         3.41726        0.277735 
        4.19084         3.40843        0.276686 
        4.19698         3.40688        0.275642 
        4.20312         3.40163        0.274603 
        4.20925         3.39659        0.273571 
        4.21538         3.39514        0.272544 
        4.22152         3.38998        0.271522 
        4.22766         3.38625        0.270504 
         4.2338         3.38307        0.269493 
        4.23993         3.37593        0.268486 
        4.24607         3.37452        0.267485 
         4.2522         3.36889        0.266488 
        4.25834         3.36431        0.265497 
        4.26447         3.36151        0.264511 
        4.27061         3.35578        0.263531 
        4.27674         3.35297        0.262554 
        4.28288           3.349        0.261583 
        4.28902         3.34254        0.260616 
        4.29515         3.33855        0.259655 
        4.30129           3.336        0.258699 
        4.30743         3.33585        0.257746 
        4.31356         3.32734          0.2568 
        4.31969         3.32224        0.255858 
        4.32583         3.32201        0.254922 
        4.33197         3.31014        0.253988 
         4.3381         3.31505         0.25306 
        4.34424         3.30411        0.252137 
        4.35038          3.2996        0.251217 
        4.35652         3.29801        0.250302 
        4.36265         3.29648        0.249393 
        4.36878         3.29183        0.248489 
        4.37492         3.28717        0.247587 
        4.38106          3.2829         0.24669 
        4.38719         3.27972          0.2458 
        4.39333         3.27673        0.244913 
        4.39946         3.26887         0.24403 
         4.4056         3.26952        0.243151 
        4.41173         3.26438        0.242277 
        4.41786         3.25824        0.241408 
          4.424         3.25469        0.240543 
        4.43014         3.25329         0.23968 
        4.43628         3.24606        0.238822 
        4.44241         3.24921         0.23797 
        4.44855         3.24204        0.237121 
        4.45469         3.23793        0.236275 
        4.46083         3.23506        0.235435 
        4.46696         3.22954        0.234599 
        4.47309         3.22314        0.233767 
        4.47923         3.21835        0.232938 
        4.48537         3.21511        0.232114 
         4.4915         3.21209        0.231294 
        4.49764         3.21065        0.230477 
        4.50378         3.20494        0.229664 
        4.50991         3.20216        0.228856 
        4.51604         3.20058        0.228052 
        4.52218         3.19345        0.227251 
        4.52832         3.19368        0.226454 
        4.53445         3.18638        0.225661 
        4.54059         3.18521        0.224872 
        4.54673         3.17754        0.224086 
        4.55286         3.17197        0.223304 
          4.559         3.16846        0.222526 
        4.56513         3.16576        0.221752 
        4.57127         3.16369        0.220982 
        4.57741         3.16323        0.220214 
        4.58354         3.15842        0.219451 
        4.58968         3.15027        0.218692 
        4.59582         3.14548        0.217935 
        4.60195         3.14551        0.217183 
        4.60809         3.14144        0.216434 
        4.61422         3.13562        0.215689 
        4.62036         3.13674        0.214947 
        4.62649          3.1258        0.214209 
        4.63263         3.12585        0.213474 
        4.63876         3.12232        0.212742 
         4.6449         3.11755        0.212014 
        4.65104         3.11122        0.211289 
        4.65717         3.11019        0.210569 
        4.66331         3.10953        0.209851 
        4.66944         3.10597        0.209136 
        4.67558         3.10288        0.208426 
        4.68171         3.09873        0.207717 
        4.68785         3.09571        0.207012 
        4.69399         3.08948        0.206311 
        4.70012         3.08466        0.205614 
        4.70625         3.08076        0.204919 
        4.71239         3.08248        0.204227 
        4.71853         3.07646        0.203539 
        4.72467         3.07345        0.202853 
         4.7308         3.06975        0.202171 
        4.73694         3.06533        0.201492 
        4.74308         3.06391        0.200816 
        4.74922         3.06076        0.200143 
        4.75535         3.05342        0.199474 
        4.76148         3.05048        0.198808 
        4.76762         3.04622        0.198144 
        4.77376         3.03992        0.197483 
        4.77989         3.04033        0.196826 
        4.78602         3.03664        0.196172 
        4.79216         3.03162         0.19552 
         4.7983         3.02862        0.194871 
        4.80443         3.02713        0.194226 
        4.81056          3.0219        0.193584 
         4.8167         3.01881        0.192943 
        4.82284         3.01683        0.192306 
        4.82898         3.01354        0.191672 
        4.83511         3.01055        0.191041 
        4.84125         3.00594        0.190413 
        4.84739         2.99914        0.189787 
        4.85352          2.9989        0.189165 
        4.85965         2.99451        0.188545 
        4.86579         2.98866        0.187928 
        4.87193         2.98804        0.187313 
        4.87807         2.98251        0.186702 
         4.8842         2.98101        0.186093 
        4.89034         2.97557        0.185487 
        4.89647         2.97415        0.184883 
        4.90261         2.97122        0.184283 
        4.90874         2.96836        0.183685 
        4.91488         2.96567         0.18309 
        4.92102         2.95817        0.182497 
        4.92715          2.9556        0.181907 
        4.93329         2.95438        0.181319 
        4.93942         2.95202        0.180734 
        4.94556         2.94568        0.180152 
         4.9517         2.93951        0.179572 
        4.95783         2.93782        0.178995 
        4.96397         2.93961         0.17842 
        4.97011         2.92964        0.177848 
        4.97624         2.92947        0.177278 
        4.98238         2.92525        0.176711 
        4.98851         2.92143        0.176147 
        4.99465         2.91877        0.175584 
        5.00078         2.91534        0.175025 
        5.00691         2.91429        0.174468 
        5.01305         2.91235        0.173913 
        5.01919         2.90703         0.17336 
        5.02533         2.90351         0.17281 
        5.03146         2.89715        0.172263 
         5.0376         2.89463        0.171717 
        5.04374         2.89357        0.171174 
        5.04987         2.88604        0.170633 
        5.05601         2.88608        0.170095 
        5.06215         2.88529        0.169559 
        5.06829         2.87945        0.169025 
        5.07442         2.87803        0.168494 
        5.08055         2.87081        0.167966 
        5.08668         2.86896        0.167439 
        5.09282         2.86544        0.166914 
        5.09896         2.86139        0.166392 
        5.10509         2.86311        0.165872 
        5.11123         2.85534        0.165354 
        5.11736         2.85234        0.164839 
         5.1235         2.84831        0.164325 
        5.12964         2.84831        0.163814 
        5.13577         2.84397        0.163305 
        5.14191         2.83984        0.162798 
        5.14804          2.8352        0.162294 
        5.15418         2.83252        0.161791 
        5.16032         2.83172        0.161291 
        5.16645         2.82824        0.160792 
        5.17259         2.82428        0.160296 
        5.17872         2.82019        0.159802 
        5.18486         2.81616         0.15931 
          5.191         2.81439        0.158819 
        5.19713         2.80935        0.158332 
        5.20327         2.80673        0.157846 
        5.20941         2.80844        0.157362 
        5.21555          2.8012         0.15688 
        5.22168         2.79994          0.1564 
        5.22781         2.79401        0.155923 
        5.23395         2.79407        0.155447 
        5.24009         2.78894        0.154973 
        5.24622         2.78747        0.154501 
        5.25236         2.78433        0.154032 
         5.2585         2.78069        0.153563 
        5.26463         2.78063        0.153097 
        5.27077         2.77721        0.152634 
         5.2769         2.77025        0.152172 
        5.28304         2.76868        0.151712 
        5.28917         2.76808        0.151254 
         5.2953         2.76037        0.150797 
        5.30144         2.75876        0.150343 
        5.30757         2.75681         0.14989 
        5.31371         2.75185         0.14944 
        5.31985         2.75254         0.14899 
        5.32599         2.74695        0.148543 
        5.33213         2.74638        0.148098 
        5.33826         2.74214        0.147655 
         5.3444         2.73862        0.147213 
        5.35053         2.73789        0.146773 
        5.35667         2.73289        0.146335 
        5.36281         2.73235        0.145899 
        5.36894         2.72982        0.145465 
        5.37507         2.72625        0.145032 
        5.38121         2.72181        0.144601 
        5.38735         2.72042        0.144172 
        5.39348         2.71719        0.143745 
        5.39961          2.7148         0.14332 
        5.40575         2.71192        0.142896 
        5.41189          2.7086        0.142473 
        5.41803         2.70672        0.142053 
        5.42416         2.70325        0.141634 
         5.4303         2.69859        0.141217 
        5.43644         2.69874        0.140801 
        5.44257         2.69643        0.140388 
        5.44871         2.69694        0.139975 
        5.45484         2.69208        0.139565 
        5.46098         2.68656        0.139156 
        5.46712         2.68798        0.138749 
        5.47325         2.68298        0.138343 
        5.47938          2.6817         0.13794 
        5.48552         2.67885        0.137538 
        5.49165         2.67473        0.137137 
        5.49779         2.67156        0.136738 
        5.50393         2.67186         0.13634 
        5.51006         2.66878        0.135944 
         5.5162         2.66791         0.13555 
        5.52234         2.66259        0.135157 
        5.52847         2.66301        0.134766 
        5.53461         2.66096        0.134376 
        5.54075         2.65753        0.133988 
        5.54688         2.65523        0.133601 
        5.55302         2.65165        0.133216 
        5.55915           2.651        0.132833 
        5.56529         2.64639        0.132451 
        5.57143          2.6469         0.13207 
        5.57756         2.64466        0.131691 
         5.5837         2.64391        0.131313 
        5.58983         2.63708        0.130937 
        5.59597          2.6396        0.130563 
         5.6021         2.63516         0.13019 
        5.60824          2.6353        0.129818 
        5.61438         2.63106        0.129448 
        5.62051         2.62965        0.129079 
        5.62665         2.62597        0.128711 
        5.63278           2.625        0.128345 
        5.63892         2.62246        0.127981 
        5.64505         2.61966        0.127618 
        5.65119         2.61899        0.127256 
        5.65733         2.61564        0.126896 
        5.66346         2.61519        0.126537 
         5.6696         2.61434         0.12618 
        5.67573         2.61224        0.125823 
        5.68187         2.61011        0.125469 
          5.688          2.6092        0.125115 
        5.69414         2.60782        0.124763 
        5.70028         2.60407        0.124413 
        5.70642         2.60352        0.124063 
        5.71255          2.6016        0.123715 
        5.71869         2.60107        0.123369 
        5.72482         2.59788        0.123023 
        5.73096         2.59563        0.122679 
        5.73709         2.59699        0.122337 
        5.74322          2.5953        0.121996 
        5.74936         2.59377        0.121656 
         5.7555         2.59207        0.121317 
        5.76164         2.58919        0.120979 
        5.76777         2.59006        0.120643 
        5.77391         2.58664        0.120308 
        5.78005          2.5833        0.119974 
        5.78618         2.58488        0.119642 
        5.79231         2.58217        0.119311 
        5.79845         2.58139        0.118981 
        5.80459         2.57989        0.118652 
        5.81073         2.57865        0.118325 
        5.81686         2.57782        0.117999 
          5.823          2.5773        0.117674 
        5.82914         2.57462         0.11735 
        5.83527         2.57569        0.117028 
         5.8414         2.57252        0.116707 
        5.84754         2.57292        0.116387 
        5.85368         2.57099        0.116068 
        5.85981         2.56933         0.11575 
        5.86595         2.56991        0.115434 
        5.87208         2.56892        0.115118 
        5.87822         2.56884        0.114804 
        5.88435         2.56755        0.114492 
        5.89049         2.56641         0.11418 
        5.89662         2.56559        0.113869 
        5.90276         2.56467         0.11356 
         5.9089         2.56301        0.113251 
        5.91503         2.56181        0.112944 
        5.92117         2.56222        0.112638 
        5.92731          2.5613        0.112333 
        5.93344         2.56199        0.112029 
        5.93958          2.5611        0.111727 
        5.94572         2.56057        0.111425 
        5.95186         2.55948        0.111124 
        5.95799         2.55989        0.110825 
        5.96412         2.55935        0.110527 
        5.97026         2.55973         0.11023 
         5.9764         2.55906        0.109934 
        5.98253         2.55937        0.109639 
        5.98866         2.55938        0.109346 
         5.9948         2.55607        0.109053 
        6.00094         2.55747        0.108761 
        6.00707         2.55928         0.10847 
        6.01321         2.55782        0.108181 
        6.01935         2.55716        0.107892 
        6.02548         2.55557        0.107605 
        6.03162         2.55516        0.107318 
        6.03775         2.55945        0.107033 
        6.04389         2.55813        0.106749 
        6.05003         2.55743        0.106465 
        6.05617         2.55908        0.106183 
         6.0623         2.55639        0.105902 
        6.06844         2.55974        0.105621 
        6.07457          2.5592        0.105342 
         6.0807         2.55927        0.105064 
        6.08684         2.55921        0.104787 
        6.09298         2.55896        0.104511 
        6.09912         2.56205        0.104235 
        6.10525         2.56091        0.103961 
        6.11138         2.56102        0.103688 
        6.11752         2.56246        0.103416 
        6.12366         2.56342        0.103144 
        6.12979         2.56348        0.102874 
        6.13593         2.56417        0.102605 
        6.14207         2.56574        0.102337 
         6.1482         2.56759        0.102069 
        6.15434         2.56662        0.101803 
        6.16047         2.56782        0.101537 
        6.16661         2.57001        0.101273 
        6.17274         2.57135        0.101009 
        6.17887         2.57157        0.100747 
        6.18501         2.57109        0.100485 
        6.19115          2.5734        0.100224 
        6.19729          2.5743        0.099964 
        6.20342         2.57715       0.0997051 
        6.20956         2.57738       0.0994471 
         6.2157           2.578       0.0991898 
        6.22183         2.58021       0.0989336 
        6.22797         2.58133       0.0986784 
         6.2341         2.58407       0.0984241 
        6.24024         2.58341       0.0981704 
        6.24638         2.58486       0.0979177 
        6.25251         2.58584       0.0976661 
        6.25865         2.58817       0.0974152 
        6.26478         2.59248       0.0971652 
        6.27092         2.59482       0.0969162 
        6.27705          2.5938       0.0966681 
        6.28318          2.5967       0.0964209 
