# k  (h/Mpc)    Pcb(k)  (Mpc/h)^3    Pcb_linear(k)  (Mpc/h)^3
     0.00783031         2733.35         2762.87 
       0.013688         3449.69         3445.64 
       0.019231         3514.86         3512.11 
      0.0249154         3244.33         3271.57 
      0.0312784         2858.89         2865.58 
      0.0375637         2483.85         2477.69 
      0.0433917         2181.71         2191.82 
      0.0492413         1982.26         1983.24 
      0.0555754         1804.78         1822.37 
      0.0619321          1700.5         1692.84 
       0.067871         1561.18         1573.14 
      0.0738098          1430.1         1441.96 
      0.0800417         1278.04         1294.08 
      0.0862327         1142.51         1149.43 
      0.0921407         1026.63         1026.85 
      0.0982031          921.67         925.439 
       0.104506         855.734         847.703 
       0.110769         798.892         793.048 
       0.116806         752.506         752.909 
       0.122832         719.872         716.293 
       0.129052         672.719         675.515 
       0.135211         628.143         629.798 
       0.141259         586.017         581.513 
       0.147318         542.255         533.836 
       0.153489         496.222         490.259 
       0.159709         462.856         454.188 
       0.165845         440.506         426.754 
       0.171974          415.06         405.888 
       0.178125         398.269         388.839 
       0.184229         383.407         373.016 
        0.19034         360.415         356.285 
       0.196428         347.512         337.987 
       0.202534         332.154         318.463 
       0.208729         311.227         298.707 
       0.214876         291.459         280.528 
       0.220989         280.058         264.805 
       0.227147          263.58         251.633 
        0.23329         253.029         240.806 
       0.239377         245.622         231.615 
       0.245482         232.547         223.085 
       0.251667         227.629         214.451 
       0.257832         218.942         205.506 
       0.263955          209.81         196.332 
       0.270079         201.155         187.163 
        0.27624         195.361         178.362 
       0.282372         187.164         170.349 
        0.28843         179.426         163.316 
       0.294538          172.42         157.079 
       0.300721          169.07         151.441 
        0.30691         161.751         146.223 
       0.313033         157.088         141.236 
       0.319153         149.977         136.288 
       0.325316         147.123         131.295 
        0.33145         141.529          126.38 
       0.337538         138.214         121.653 
       0.343633         133.271          117.18 
       0.349808         129.209         112.978 
       0.355968         125.916         109.127 
       0.362074         122.062          105.61 
       0.368217         118.671         102.296 
       0.374374         115.204         99.1295 
       0.380519         112.429         96.0608 
       0.386598         109.373         93.0863 
       0.392688         107.194         90.1718 
        0.39888         104.132         87.2903 
       0.405048         101.657         84.5358 
       0.411186         99.3252         81.9327 
       0.417313         96.3217         79.4768 
       0.423458         94.0527         77.1552 
       0.429607         91.6331         74.9551 
       0.435692         88.7061          72.874 
       0.441815         87.6786         70.8564 
       0.447964         86.2179         68.8945 
       0.454126         82.5866         66.9829 
       0.460267         81.3676         65.1344 
       0.466387         79.3932         63.3556 
        0.47254         78.1225         61.6356 
       0.478662         76.8724         59.9943 
       0.484765         74.7266         58.4288 
       0.490885         73.1865         56.9264 
       0.497035         72.2372         55.4766 
       0.503198         70.3145         54.0761 
       0.509342         68.5998         52.7261 
       0.515458         67.4134          51.425 
       0.521598         66.4331         50.1589 
       0.527764         65.1829         48.9266 
       0.533884          64.072         47.7432 
           0.54         62.7954         46.6015 
       0.546137         61.9652         45.4966 
       0.552299         61.0432         44.4266 
       0.558452         59.2734         43.3951 
       0.564573         58.3142         42.4026 
       0.570708         57.5689         41.4395 
       0.576825         56.3469         40.5092 
       0.582926         55.2792         39.6096 
       0.589034         53.9731         38.7353 
       0.595184         53.3424          37.881 
       0.601379         52.5559         37.0466 
       0.607522         51.3941         36.2445 
       0.613639         51.1326         35.4704 
       0.619772         49.8375         34.7184 
       0.625918         49.5735         33.9876 
       0.632068         48.8158         33.2779 
       0.638161         47.9542         32.5951 
         0.6443         47.1043         31.9264 
       0.650464         46.3695         31.2739 
       0.656582         46.0393         30.6444 
       0.662703         45.1271         30.0321 
       0.668861         44.4598         29.4334 
       0.675024         43.7776         28.8508 
       0.681124         43.0387         28.2903 
       0.687237         42.3275         27.7438 
       0.693381         42.0171         27.2094 
       0.699536         41.0767         26.6884 
       0.705665          41.134         26.1834 
       0.711789         40.1312          25.692 
       0.717957         39.6954           25.21 
        0.72409         39.1463         24.7432 
       0.730186         38.5743         24.2912 
       0.736317         38.2771         23.8481 
       0.742472         37.6121         23.4147 
       0.748622         37.3086         22.9925 
        0.75476         36.7385         22.5818 
       0.760888         36.2095         22.1819 
       0.767043         35.8288         21.7902 
       0.773185         35.2649         21.4088 
       0.779291         35.1048         21.0389 
       0.785407         34.7213         20.6772 
       0.791564         34.1081         20.3219 
       0.797719         33.4495         19.9752 
       0.803834         33.4139         19.6388 
       0.809972          33.053         19.3091 
       0.816124         32.3441         18.9863 
       0.822261          32.163         18.6718 
       0.828378          31.876         18.3655 
       0.834502          31.521         18.0659 
       0.840667         31.1757         17.7711 
       0.846816         30.6796         17.4838 
       0.852925         30.4235         17.2047 
       0.859047         30.0695         16.9312 
       0.865192         29.8113         16.6628 
       0.871341         29.6368         16.4001 
       0.877463         29.0704         16.1443 
       0.883569         28.7877         15.8947 
       0.889708         28.4783         15.6492 
       0.895864         28.2583         15.4082 
       0.902008          28.039         15.1729 
       0.908149         27.7476         14.9427 
       0.914301         27.6325          14.717 
       0.920448          27.083         14.4961 
       0.926574         26.9203         14.2806 
       0.932687         26.6385         14.0701 
       0.938823         26.2971          13.863 
       0.944975         26.0908         13.6597 
       0.951105          25.883         13.4612 
       0.957225         25.5899          13.267 
       0.963368         25.4336         13.0761 
       0.969511         25.2205         12.8889 
       0.975621         25.0215         12.7064 
       0.981748         24.6784         12.5271 
       0.987916         24.5516         12.3501 
        0.99406         24.2758         12.1772 
        1.00019         23.9777          12.008 
        1.00632         23.8933         11.8422 
        1.01246         23.6911         11.6793 
        1.01859         23.3555         11.5197 
        1.02471         23.3048         11.3634 
        1.03085         23.0854         11.2094 
        1.03698         22.7278         11.0587 
        1.04314         22.6011         10.9101 
        1.04929         22.3707         10.7646 
        1.05541         22.1499         10.6224 
        1.06154         22.0373         10.4824 
        1.06769         21.9068         10.3447 
        1.07382         21.6612           10.21 
        1.07993         21.5646          10.078 
        1.08607         21.2948         9.94781 
        1.09222         21.1839         9.81981 
        1.09836         20.9262         9.69423 
        1.10449         20.8301         9.57102 
        1.11063         20.5952         9.44983 
        1.11677         20.5281          9.3308 
         1.1229         20.4211         9.21404 
        1.12903         20.1564          9.0992 
        1.13518         19.9545         8.98624 
        1.14131            19.9         8.87527 
        1.14745         19.7456         8.76626 
        1.15359         19.6274         8.65907 
        1.15973          19.438         8.55365 
        1.16584         19.1969         8.45047 
        1.17197         19.1883         8.34885 
        1.17811         18.9827         8.24861 
        1.18424         18.8241         8.15032 
        1.19038         18.7632         8.05337 
        1.19652         18.6051         7.95803 
        1.20267         18.4488         7.86426 
        1.20881         18.3747         7.77202 
        1.21495         18.2427         7.68143 
        1.22108         18.0696         7.59229 
         1.2272         17.9123          7.5048 
        1.23334         17.8042         7.41849 
        1.23949         17.6481         7.33334 
        1.24562         17.6061         7.24977 
        1.25174         17.4946         7.16764 
        1.25789         17.3641         7.08653 
        1.26402         17.2919         7.00684 
        1.27014         17.1242         6.92857 
        1.27628         16.9347         6.85127 
        1.28244         16.8886         6.77501 
        1.28858         16.8413         6.70002 
        1.29471         16.6703         6.62634 
        1.30084         16.5326         6.55385 
        1.30697         16.4572         6.48234 
        1.31312         16.2928         6.41179 
        1.31925         16.1925         6.34253 
        1.32537         16.1493         6.27437 
        1.33151         16.0116         6.20697 
        1.33765          15.926         6.14061 
        1.34378         15.8365         6.07536 
        1.34992         15.6686         6.01101 
        1.35606         15.6423         5.94747 
         1.3622         15.5465         5.88496 
        1.36833         15.4153         5.82351 
        1.37445         15.3615         5.76297 
        1.38059         15.2698         5.70311 
        1.38675          15.114         5.64397 
        1.39288         15.0691          5.5859 
        1.39901         14.9401         5.52869 
        1.40515         14.8832         5.47215 
         1.4113         14.7859         5.41643 
        1.41742         14.6866         5.36171 
        1.42355         14.6098         5.30764 
         1.4297         14.5342         5.25416 
        1.43585         14.4871         5.20144 
        1.44198         14.3619         5.14965 
        1.44809         14.2927         5.09866 
        1.45423         14.1998         5.04819 
        1.46036         14.1353         4.99849 
        1.46649         14.0684         4.94944 
        1.47263         13.9437         4.90103 
        1.47877         13.8802         4.85328 
        1.48491         13.8137         4.80609 
        1.49104         13.7495         4.75964 
        1.49718         13.6582         4.71377 
        1.50333         13.5965         4.66844 
        1.50947         13.5225          4.6238 
         1.5156         13.4227         4.57981 
        1.52172         13.3618          4.5364 
        1.52787         13.2814         4.49346 
          1.534          13.204         4.45114 
        1.54013         13.1241         4.40941 
        1.54627         13.0471         4.36814 
        1.55241         12.9968         4.32739 
        1.55855         12.9373         4.28722 
        1.56467         12.8517         4.24768 
         1.5708         12.8347         4.20852 
        1.57695         12.7151         4.16981 
        1.58308         12.6646         4.13167 
        1.58922         12.6089         4.09399 
        1.59535         12.5492         4.05679 
         1.6015         12.4575            4.02 
        1.60764         12.3938          3.9837 
        1.61376         12.3722         3.94794 
        1.61989         12.2625         3.91259 
        1.62604         12.2405         3.87761 
        1.63218         12.1676         3.84307 
        1.63831         12.1226         3.80903 
        1.64444         12.0311          3.7754 
        1.65059         11.9649          3.7421 
        1.65673          11.944         3.70923 
        1.66285          11.825         3.67686 
        1.66898         11.8074         3.64486 
        1.67512          11.752         3.61318 
        1.68127         11.6803         3.58185 
         1.6874         11.6337         3.55097 
        1.69353         11.5701         3.52047 
        1.69967         11.5091         3.49026 
        1.70581         11.4554         3.46041 
        1.71193         11.3925         3.43103 
        1.71806         11.3725         3.40194 
        1.72421         11.2819         3.37312 
        1.73035          11.259         3.34467 
        1.73649         11.2061         3.31656 
        1.74262         11.1513         3.28879 
        1.74876         11.1058         3.26133 
        1.75489         11.0549         3.23424 
        1.76101         10.9688         3.20746 
        1.76715         10.9683         3.18095 
        1.77329          10.884         3.15471 
        1.77943         10.8294         3.12876 
        1.78557          10.806         3.10314 
        1.79171         10.7639          3.0778 
        1.79785         10.6848         3.05274 
        1.80399         10.6416         3.02796 
        1.81012          10.603          3.0035 
        1.81625         10.5417         2.97932 
        1.82239         10.5052         2.95536 
        1.82853         10.4321         2.93169 
        1.83466         10.4014          2.9083 
        1.84078         10.3328         2.88519 
        1.84692         10.3289         2.86229 
        1.85306         10.2664         2.83962 
         1.8592         10.2159         2.81723 
        1.86533         10.1804         2.79509 
        1.87147         10.1378         2.77317 
        1.87761          10.101         2.75147 
        1.88375         10.0353         2.73003 
        1.88988         10.0243         2.70885 
        1.89601         9.96831         2.68788 
        1.90215         9.91473         2.66711 
        1.90829         9.87509         2.64658 
        1.91442         9.83435         2.62626 
        1.92056         9.80376         2.60617 
         1.9267         9.75442         2.58628 
        1.93284         9.70572         2.56658 
        1.93897         9.65383         2.54712 
        1.94509         9.62763         2.52791 
        1.95123         9.58727         2.50885 
        1.95737         9.54326         2.48997 
        1.96349         9.50633         2.47133 
        1.96964         9.46135         2.45284 
        1.97578         9.42371         2.43452 
        1.98192         9.37916         2.41643 
        1.98805         9.35383         2.39853 
        1.99419         9.31051          2.3808 
        2.00033         9.28936         2.36325 
        2.00647         9.24424         2.34588 
         2.0126         9.19225         2.32871 
        2.01874         9.16211         2.31169 
        2.02488          9.1151         2.29482 
        2.03101         9.08797         2.27816 
        2.03714         9.04426         2.26168 
        2.04328         9.01659         2.24534 
        2.04941         8.97173         2.22918 
        2.05554         8.94402         2.21319 
        2.06167         8.89641         2.19733 
        2.06781         8.88302         2.18163 
        2.07396         8.84873         2.16606 
        2.08009         8.80169         2.15067 
        2.08622          8.7547         2.13545 
        2.09237         8.74755         2.12034 
        2.09851         8.72251         2.10538 
        2.10464         8.67387         2.09059 
        2.11077          8.6216         2.07596 
        2.11691         8.59043         2.06144 
        2.12305         8.56884         2.04705 
        2.12918         8.54736         2.03284 
        2.13531         8.50159         2.01877 
        2.14145         8.47706         2.00479 
         2.1476         8.43088         1.99093 
        2.15372         8.40732         1.97727 
        2.15985         8.39492         1.96373 
        2.16599         8.34516         1.95028 
        2.17213          8.3274         1.93696 
        2.17827         8.29629         1.92378 
         2.1844          8.2572         1.91073 
        2.19054         8.20568         1.89779 
        2.19666         8.19398           1.885 
         2.2028         8.16104         1.87231 
        2.20893         8.14275         1.85974 
        2.21508         8.09678         1.84726 
        2.22122         8.06133          1.8349 
        2.22736         8.04223         1.82267 
        2.23349         8.00924         1.81056 
        2.23962         7.99215         1.79855 
        2.24577         7.94899         1.78665 
         2.2519         7.92988         1.77486 
        2.25802         7.89346          1.7632 
        2.26417         7.86458         1.75162 
        2.27031         7.83626         1.74013 
        2.27644         7.80874         1.72877 
        2.28257         7.78574         1.71752 
        2.28872         7.75081         1.70635 
        2.29486         7.72811         1.69528 
        2.30099         7.71297         1.68433 
        2.30712         7.68387         1.67347 
        2.31326         7.63246         1.66269 
         2.3194         7.61062         1.65202 
        2.32553         7.60037         1.64145 
        2.33166         7.56871         1.63098 
         2.3378         7.54007         1.62059 
        2.34394         7.51242         1.61029 
        2.35007         7.47397         1.60009 
        2.35619         7.45252         1.58999 
        2.36233         7.42602         1.57996 
        2.36848         7.40898         1.56999 
        2.37462         7.38265         1.56013 
        2.38075         7.35553         1.55036 
        2.38689         7.32967         1.54067 
        2.39303         7.29796         1.53106 
        2.39916         7.27926         1.52155 
        2.40529         7.25558         1.51212 
        2.41143         7.22372         1.50276 
        2.41757         7.22123         1.49348 
         2.4237         7.18645         1.48429 
        2.42983         7.16064         1.47518 
        2.43598         7.14454         1.46612 
        2.44211         7.11308         1.45716 
        2.44823         7.09776         1.44829 
        2.45437         7.07005         1.43947 
        2.46052         7.03089         1.43071 
        2.46665          7.0152         1.42205 
        2.47279         6.98786         1.41346 
        2.47892         6.95768         1.40493 
        2.48507          6.9429         1.39647 
         2.4912         6.91462         1.38809 
        2.49733         6.89569         1.37979 
        2.50347          6.8796         1.37154 
        2.50961          6.8618         1.36336 
        2.51575         6.83225         1.35525 
        2.52188         6.81664         1.34722 
        2.52802         6.78744         1.33924 
        2.53416         6.76511         1.33132 
        2.54029         6.73842         1.32348 
        2.54641         6.71418         1.31571 
        2.55255         6.69335           1.308 
        2.55869         6.67986         1.30033 
        2.56483         6.66246         1.29273 
        2.57096         6.64677         1.28521 
        2.57709         6.61977         1.27774 
        2.58323         6.59882         1.27032 
        2.58937         6.56392         1.26296 
        2.59551         6.55129         1.25567 
        2.60164         6.53072         1.24844 
        2.60778         6.51329         1.24125 
        2.61392          6.4958         1.23413 
        2.62006         6.47287         1.22706 
        2.62619         6.44278         1.22006 
        2.63232         6.42855         1.21311 
        2.63846         6.41229         1.20621 
        2.64459         6.38689         1.19937 
        2.65072         6.36918         1.19258 
        2.65686         6.34146         1.18585 
          2.663         6.33352         1.17915 
        2.66915         6.30699         1.17251 
        2.67527         6.29906         1.16594 
        2.68141         6.27296         1.15941 
        2.68755         6.24598         1.15293 
        2.69368          6.2438          1.1465 
        2.69981         6.21751         1.14013 
        2.70595         6.19625         1.13379 
        2.71209         6.18686          1.1275 
        2.71823         6.14999         1.12127 
        2.72436         6.14241         1.11508 
         2.7305         6.11372         1.10894 
        2.73663         6.10538         1.10285 
        2.74276         6.08092         1.09681 
         2.7489         6.06405         1.09081 
        2.75504         6.05431         1.08484 
        2.76118         6.02926         1.07893 
        2.76732          6.0107         1.07306 
        2.77345         5.99505         1.06724 
        2.77959         5.97764         1.06146 
        2.78572         5.95213         1.05573 
        2.79186          5.9389         1.05003 
        2.79798         5.91948         1.04439 
        2.80412         5.90717         1.03878 
        2.81027         5.89171         1.03321 
         2.8164         5.86818         1.02768 
        2.82253         5.85509          1.0222 
        2.82867         5.83553         1.01675 
        2.83481         5.82886         1.01135 
        2.84095          5.7983         1.00598 
        2.84708         5.78584         1.00066 
        2.85322         5.77602        0.995371 
        2.85935         5.75583        0.990122 
        2.86549         5.74413        0.984914 
        2.87162         5.73044        0.979743 
        2.87776         5.71404        0.974611 
        2.88389         5.69641        0.969511 
        2.89003         5.67986        0.964452 
        2.89617         5.65943        0.959426 
        2.90231         5.64206        0.954437 
        2.90844         5.62607        0.949484 
        2.91458         5.62154        0.944567 
        2.92071         5.59713        0.939691 
        2.92684          5.5808        0.934844 
        2.93298         5.56731        0.930033 
         2.9391         5.54844        0.925263 
        2.94524         5.54294         0.92052 
        2.95138         5.52313        0.915808 
        2.95752         5.50001        0.911124 
        2.96367         5.49398        0.906473 
         2.9698         5.47974        0.901864 
        2.97594         5.45766        0.897283 
        2.98207         5.44739        0.892734 
        2.98821         5.43589         0.88822 
        2.99434         5.42355        0.883738 
        3.00048         5.40627        0.879284 
        3.00662         5.39179         0.87486 
        3.01275         5.37432        0.870473 
        3.01888         5.36616        0.866115 
        3.02503         5.34935        0.861779 
        3.03117         5.33421        0.857476 
        3.03729         5.31841        0.853213 
        3.04342         5.30617        0.848974 
        3.04957         5.28722        0.844755 
         3.0557         5.28218        0.840571 
        3.06183         5.26962        0.836424 
        3.06796         5.24725        0.832299 
        3.07411         5.24354        0.828193 
        3.08025           5.231        0.824123 
        3.08637         5.21232        0.820087 
         3.0925         5.20954        0.816073 
        3.09865         5.18478        0.812078 
         3.1048         5.17395        0.808111 
        3.11093         5.16782        0.804178 
        3.11706         5.14305        0.800272 
         3.1232           5.124         0.79639 
        3.12933         5.11939        0.792532 
        3.13547         5.11404        0.788703 
        3.14159         5.10469        0.784904 
        3.14773         5.08371        0.781123 
        3.15388         5.07355        0.777363 
        3.16001          5.0559        0.773635 
        3.16614         5.05806        0.769932 
        3.17228         5.04304        0.766251 
        3.17842         5.02277        0.762594 
        3.18455         5.01071        0.758964 
        3.19068          5.0015        0.755358 
        3.19682         4.99151        0.751771 
        3.20297         4.97829        0.748206 
         3.2091         4.95989        0.744668 
        3.21524         4.95495        0.741153 
        3.22138         4.93798         0.73766 
         3.2275         4.92938        0.734196 
        3.23363         4.91518        0.730753 
        3.23977         4.89896        0.727328 
        3.24591         4.90039        0.723925 
        3.25205         4.88861        0.720542 
        3.25818         4.87157        0.717183 
        3.26432         4.85785        0.713846 
        3.27046         4.84669         0.71053 
         3.2766         4.83941        0.707235 
        3.28273         4.82677        0.703962 
        3.28887          4.8183        0.700711 
          3.295         4.80729         0.69748 
        3.30113         4.79485         0.69427 
        3.30727         4.78263        0.691078 
        3.31341         4.76653         0.68791 
        3.31954         4.76297        0.684761 
        3.32568         4.74902        0.681629 
        3.33182          4.7388        0.678518 
        3.33795         4.73194        0.675429 
        3.34409         4.71974        0.672355 
        3.35022         4.71213        0.669302 
        3.35636         4.69854         0.66627 
         3.3625         4.69038        0.663255 
        3.36864         4.67935        0.660258 
        3.37477         4.66622        0.657281 
        3.38091         4.66446        0.654324 
        3.38704         4.64799        0.651386 
        3.39318           4.637        0.648463 
        3.39931         4.63183        0.645559 
        3.40545          4.6188        0.642674 
        3.41158         4.60668        0.639806 
        3.41772         4.59733        0.636956 
        3.42385         4.58876        0.634126 
        3.42998         4.58593        0.631311 
        3.43612         4.57554        0.628514 
        3.44226         4.56022        0.625732 
         3.4484         4.55542        0.622964 
        3.45453         4.53503        0.620219 
        3.46066         4.52904        0.617491 
        3.46681         4.52564        0.614772 
        3.47295         4.51004        0.612072 
        3.47908         4.50166        0.609395 
        3.48521         4.49357        0.606732 
        3.49135         4.48268        0.604081 
        3.49749         4.47224        0.601447 
        3.50362         4.46704        0.598831 
        3.50976         4.45329         0.59623 
        3.51589         4.45163        0.593645 
        3.52203         4.43766        0.591074 
        3.52816         4.43355        0.588523 
        3.53429         4.42369        0.585984 
        3.54043         4.41943        0.583456 
        3.54657         4.41215        0.580945 
        3.55271         4.39572        0.578451 
        3.55884         4.38932        0.575974 
        3.56498         4.38539        0.573506 
        3.57112         4.37033        0.571054 
        3.57725         4.35766        0.568618 
        3.58338         4.35654        0.566199 
        3.58952          4.3531        0.563791 
        3.59566         4.34147        0.561394 
         3.6018         4.32501        0.559014 
        3.60793         4.31928         0.55665 
        3.61407         4.31261        0.554299 
        3.62021         4.30796         0.55196 
        3.62634          4.2982        0.549636 
        3.63247         4.29194        0.547326 
        3.63861         4.28694        0.545029 
        3.64475         4.27307        0.542741 
        3.65089         4.26646         0.54047 
        3.65702         4.25331        0.538214 
        3.66316          4.2556        0.535968 
        3.66929         4.24215        0.533736 
        3.67543         4.23591        0.531518 
        3.68156         4.22905        0.529312 
        3.68769         4.21554        0.527118 
        3.69383         4.21513        0.524935 
        3.69997         4.20364        0.522765 
        3.70611         4.19876        0.520609 
        3.71224         4.19045        0.518464 
        3.71838         4.17987        0.516331 
        3.72451          4.1815        0.514212 
        3.73065         4.16905        0.512106 
        3.73678          4.1613         0.51001 
        3.74292         4.15381        0.507924 
        3.74906         4.14704        0.505851 
        3.75519         4.13932         0.50379 
        3.76133           4.127         0.50174 
        3.76746         4.12133        0.499703 
         3.7736         4.12123        0.497678 
        3.77974         4.10964        0.495662 
        3.78588         4.10511        0.493657 
        3.79201         4.09617        0.491665 
        3.79814          4.0942        0.489684 
        3.80428         4.07977        0.487713 
        3.81042         4.07685        0.485752 
        3.81655         4.07179        0.483804 
        3.82268         4.06158        0.481867 
        3.82882         4.05669        0.479941 
        3.83496         4.04637        0.478023 
        3.84109         4.04013        0.476116 
        3.84723         4.04109        0.474221 
        3.85337         4.02988        0.472334 
        3.85951          4.0196        0.470457 
        3.86565         4.01748        0.468593 
        3.87178         4.01141         0.46674 
        3.87791         4.00151        0.464897 
        3.88405         3.98942        0.463061 
        3.89019         3.98444        0.461237 
        3.89632         3.97829        0.459423 
        3.90246         3.96791        0.457618 
         3.9086         3.96926        0.455822 
        3.91473           3.957        0.454038 
        3.92086         3.95706        0.452265 
        3.92699         3.94818        0.450499 
        3.93313         3.94353        0.448741 
        3.93927         3.93756        0.446995 
         3.9454         3.93297        0.445257 
        3.95154         3.92587        0.443528 
        3.95768          3.9174        0.441808 
        3.96382         3.91084        0.440098 
        3.96995         3.90199        0.438397 
        3.97609         3.89832        0.436705 
        3.98222         3.89136        0.435023 
        3.98836         3.88605        0.433349 
         3.9945         3.88108        0.431684 
        4.00063         3.87681        0.430028 
        4.00677         3.86532         0.42838 
        4.01291         3.86034         0.42674 
        4.01904         3.85463        0.425112 
        4.02517         3.85206        0.423492 
        4.03131         3.84688        0.421878 
        4.03745         3.83856        0.420272 
        4.04358         3.83487        0.418677 
        4.04972         3.82717         0.41709 
        4.05585         3.81972         0.41551 
        4.06199         3.81631        0.413939 
        4.06812         3.80621        0.412376 
        4.07426         3.80841        0.410821 
         4.0804         3.80019        0.409273 
        4.08654         3.78877        0.407734 
        4.09267         3.78525        0.406204 
         4.0988         3.77651        0.404683 
        4.10494         3.77204        0.403168 
        4.11108          3.7682         0.40166 
        4.11721         3.76011        0.400161 
        4.12334         3.75483        0.398671 
        4.12948         3.75353        0.397187 
        4.13561         3.74388         0.39571 
        4.14176         3.74075         0.39424 
        4.14789         3.73188        0.392778 
        4.15403         3.72937        0.391325 
        4.16016          3.7192        0.389878 
         4.1663         3.71657        0.388439 
        4.17243         3.71368        0.387008 
        4.17857         3.70545        0.385583 
        4.18471         3.70372        0.384165 
        4.19084           3.692        0.382755 
        4.19698         3.68778        0.381353 
        4.20312         3.68522        0.379956 
        4.20925         3.68026        0.378567 
        4.21538          3.6744        0.377187 
        4.22152         3.66388        0.375811 
        4.22766         3.66048        0.374442 
         4.2338         3.65724        0.373082 
        4.23993         3.65457        0.371728 
        4.24607         3.64412         0.37038 
         4.2522         3.64042        0.369039 
        4.25834          3.6402        0.367705 
        4.26447         3.62998        0.366378 
        4.27061         3.62296        0.365058 
        4.27674         3.61811        0.363743 
        4.28288         3.61391        0.362434 
        4.28902         3.60616        0.361133 
        4.29515         3.60361        0.359839 
        4.30129         3.59791         0.35855 
        4.30743          3.5949        0.357267 
        4.31356         3.58927        0.355991 
        4.31969         3.58476        0.354723 
        4.32583         3.57796        0.353461 
        4.33197         3.57355        0.352202 
         4.3381          3.5674        0.350951 
        4.34424         3.56177        0.349707 
        4.35038         3.55689        0.348466 
        4.35652         3.55573        0.347233 
        4.36265         3.54653        0.346008 
        4.36878         3.54138        0.344787 
        4.37492         3.53878        0.343572 
        4.38106         3.53023        0.342362 
        4.38719         3.52658         0.34116 
        4.39333         3.52223        0.339964 
        4.39946         3.51379        0.338772 
         4.4056         3.51158        0.337587 
        4.41173         3.50708        0.336407 
        4.41786         3.50607        0.335234 
          4.424          3.4951        0.334065 
        4.43014         3.48958        0.332901 
        4.43628         3.48668        0.331743 
        4.44241          3.4801        0.330591 
        4.44855         3.47409        0.329445 
        4.45469         3.46983        0.328303 
        4.46083         3.46315        0.327168 
        4.46696         3.46255        0.326039 
        4.47309         3.45718        0.324914 
        4.47923         3.45285        0.323794 
        4.48537         3.44936         0.32268 
         4.4915         3.44313        0.321572 
        4.49764         3.43429        0.320468 
        4.50378          3.4309        0.319369 
        4.50991         3.42524        0.318277 
        4.51604         3.41937         0.31719 
        4.52218         3.41602        0.316106 
        4.52832         3.41142        0.315028 
        4.53445         3.40448        0.313956 
        4.54059         3.40302        0.312888 
        4.54673         3.39633        0.311825 
        4.55286         3.39436        0.310767 
          4.559         3.39068        0.309714 
        4.56513         3.38186        0.308667 
        4.57127         3.37804        0.307624 
        4.57741         3.37288        0.306585 
        4.58354         3.37007        0.305552 
        4.58968         3.36568        0.304524 
        4.59582         3.35869        0.303499 
        4.60195         3.35498        0.302481 
        4.60809         3.35117        0.301467 
        4.61422         3.34644        0.300457 
        4.62036         3.34422        0.299452 
        4.62649         3.33619        0.298452 
        4.63263         3.32976        0.297456 
        4.63876         3.32721        0.296465 
         4.6449         3.32416        0.295478 
        4.65104         3.31893        0.294496 
        4.65717         3.31245        0.293519 
        4.66331         3.30892        0.292546 
        4.66944         3.30547        0.291577 
        4.67558          3.2989        0.290614 
        4.68171         3.29724        0.289654 
        4.68785         3.29468        0.288697 
        4.69399         3.28863        0.287746 
        4.70012         3.28293          0.2868 
        4.70625         3.27703        0.285858 
        4.71239         3.27285        0.284919 
        4.71853          3.2682        0.283985 
        4.72467         3.26645        0.283055 
         4.7308         3.26423        0.282129 
        4.73694         3.25663        0.281208 
        4.74308         3.24937         0.28029 
        4.74922         3.24937        0.279377 
        4.75535         3.24002        0.278468 
        4.76148         3.23959        0.277564 
        4.76762         3.23062        0.276662 
        4.77376         3.22934        0.275765 
        4.77989         3.22427        0.274873 
        4.78602         3.22025        0.273984 
        4.79216         3.21723        0.273099 
         4.7983         3.21717        0.272218 
        4.80443         3.20944        0.271341 
        4.81056         3.20778        0.270468 
         4.8167         3.20164        0.269598 
        4.82284         3.19063        0.268732 
        4.82898         3.19154        0.267871 
        4.83511         3.18695        0.267013 
        4.84125         3.18216        0.266158 
        4.84739         3.17863        0.265308 
        4.85352         3.17261        0.264462 
        4.85965         3.17119        0.263619 
        4.86579         3.16326         0.26278 
        4.87193          3.1573        0.261944 
        4.87807         3.15599        0.261112 
         4.8842         3.15538        0.260284 
        4.89034         3.14648        0.259459 
        4.89647         3.14318        0.258638 
        4.90261         3.14092        0.257821 
        4.90874         3.13553        0.257007 
        4.91488         3.13146        0.256197 
        4.92102         3.12702         0.25539 
        4.92715         3.12234        0.254586 
        4.93329         3.12038        0.253787 
        4.93942          3.1185         0.25299 
        4.94556         3.11179        0.252197 
         4.9517         3.10871        0.251407 
        4.95783         3.10221        0.250621 
        4.96397         3.09876        0.249838 
        4.97011         3.09667        0.249059 
        4.97624         3.09307        0.248283 
        4.98238         3.08544         0.24751 
        4.98851         3.08304        0.246741 
        4.99465         3.08025        0.245975 
        5.00078         3.07576        0.245212 
        5.00691         3.06965        0.244453 
        5.01305         3.06652        0.243697 
        5.01919         3.06354        0.242943 
        5.02533         3.05891        0.242193 
        5.03146         3.05541        0.241446 
         5.0376         3.05441        0.240703 
        5.04374         3.04857        0.239962 
        5.04987         3.04682        0.239225 
        5.05601         3.03848        0.238491 
        5.06215         3.03868         0.23776 
        5.06829         3.03317        0.237031 
        5.07442         3.03064        0.236307 
        5.08055         3.02296        0.235585 
        5.08668         3.02096        0.234866 
        5.09282         3.01585         0.23415 
        5.09896         3.01494        0.233438 
        5.10509          3.0108        0.232728 
        5.11123         3.00687        0.232022 
        5.11736          3.0009        0.231318 
         5.1235         2.99797        0.230616 
        5.12964         2.99418        0.229918 
        5.13577         2.99055        0.229223 
        5.14191         2.98931        0.228531 
        5.14804          2.9865        0.227842 
        5.15418         2.98004        0.227156 
        5.16032         2.97519        0.226472 
        5.16645         2.97363        0.225791 
        5.17259         2.97191        0.225113 
        5.17872         2.96443        0.224438 
        5.18486         2.96305        0.223765 
          5.191         2.95882        0.223095 
        5.19713         2.95493        0.222429 
        5.20327         2.95209        0.221765 
        5.20941         2.95004        0.221103 
        5.21555           2.947        0.220444 
        5.22168         2.94328        0.219788 
        5.22781         2.93618        0.219135 
        5.23395         2.93494        0.218484 
        5.24009         2.93291        0.217836 
        5.24622         2.92934        0.217191 
        5.25236         2.92388        0.216548 
         5.2585         2.92017        0.215908 
        5.26463         2.91969         0.21527 
        5.27077         2.91208        0.214636 
         5.2769         2.91167        0.214003 
        5.28304         2.90793        0.213374 
        5.28917         2.90691        0.212747 
         5.2953         2.90043        0.212123 
        5.30144         2.89628          0.2115 
        5.30757          2.8924        0.210881 
        5.31371         2.89156        0.210263 
        5.31985         2.89118        0.209649 
        5.32599         2.88347        0.209036 
        5.33213         2.88312        0.208426 
        5.33826         2.87832        0.207819 
         5.3444         2.87449        0.207214 
        5.35053         2.87004        0.206612 
        5.35667         2.87116        0.206012 
        5.36281         2.86763        0.205414 
        5.36894         2.86507        0.204819 
        5.37507          2.8607        0.204226 
        5.38121         2.85693        0.203636 
        5.38735         2.85481        0.203047 
        5.39348         2.85068        0.202462 
        5.39961         2.85164        0.201879 
        5.40575         2.84741        0.201297 
        5.41189         2.84432        0.200718 
        5.41803         2.84143        0.200142 
        5.42416         2.83668        0.199567 
         5.4303         2.83756        0.198995 
        5.43644         2.83259        0.198426 
        5.44257         2.82732        0.197858 
        5.44871         2.82729        0.197293 
        5.45484         2.82433         0.19673 
        5.46098         2.82186        0.196169 
        5.46712         2.82109         0.19561 
        5.47325         2.81724        0.195054 
        5.47938         2.81467          0.1945 
        5.48552         2.81073        0.193948 
        5.49165         2.80815        0.193398 
        5.49779         2.80494         0.19285 
        5.50393         2.80136        0.192304 
        5.51006         2.80081        0.191761 
         5.5162         2.79659        0.191219 
        5.52234         2.79539         0.19068 
        5.52847          2.7915        0.190142 
        5.53461         2.79098        0.189607 
        5.54075          2.7869        0.189074 
        5.54688         2.78499        0.188543 
        5.55302          2.7824        0.188014 
        5.55915         2.77946        0.187487 
        5.56529         2.77743        0.186963 
        5.57143         2.77392         0.18644 
        5.57756         2.77192        0.185918 
         5.5837         2.76913          0.1854 
        5.58983         2.76868        0.184883 
        5.59597         2.76558        0.184368 
         5.6021         2.76167        0.183855 
        5.60824         2.76468        0.183344 
        5.61438         2.75785        0.182835 
        5.62051         2.75842        0.182328 
        5.62665         2.75543        0.181823 
        5.63278          2.7544         0.18132 
        5.63892         2.75112        0.180819 
        5.64505         2.74962        0.180319 
        5.65119         2.74705        0.179822 
        5.65733         2.74394        0.179326 
        5.66346         2.74244        0.178833 
         5.6696         2.74202        0.178341 
        5.67573         2.73961        0.177851 
        5.68187         2.73648        0.177363 
          5.688          2.7371        0.176877 
        5.69414         2.73271        0.176392 
        5.70028         2.73208        0.175909 
        5.70642         2.72982        0.175428 
        5.71255         2.72771        0.174949 
        5.71869           2.727        0.174472 
        5.72482         2.72334        0.173997 
        5.73096          2.7243        0.173523 
        5.73709         2.72189        0.173052 
        5.74322         2.71909        0.172582 
        5.74936         2.71849        0.172113 
         5.7555         2.71718        0.171646 
        5.76164          2.7154        0.171182 
        5.76777         2.71407        0.170719 
        5.77391         2.71414        0.170257 
        5.78005         2.71057        0.169797 
        5.78618         2.70879        0.169339 
        5.79231         2.71018        0.168884 
        5.79845         2.70674        0.168429 
        5.80459         2.70401        0.167976 
        5.81073         2.70504        0.167525 
        5.81686         2.70388        0.167075 
          5.823         2.69955        0.166627 
        5.82914         2.69962        0.166181 
        5.83527         2.69925        0.165736 
         5.8414         2.69641        0.165294 
        5.84754         2.69719        0.164852 
        5.85368         2.69565        0.164412 
        5.85981         2.69406        0.163974 
        5.86595         2.69498        0.163538 
        5.87208         2.69174        0.163103 
        5.87822         2.69067         0.16267 
        5.88435         2.69104        0.162238 
        5.89049         2.69051        0.161808 
        5.89662         2.69175        0.161379 
        5.90276         2.68736        0.160952 
         5.9089         2.68856        0.160526 
        5.91503         2.68688        0.160103 
        5.92117         2.68512         0.15968 
        5.92731         2.68504        0.159259 
        5.93344         2.68672         0.15884 
        5.93958         2.68478        0.158422 
        5.94572         2.68333        0.158006 
        5.95186         2.68309        0.157591 
        5.95799          2.6822        0.157178 
        5.96412         2.67921        0.156766 
        5.97026         2.68273        0.156355 
         5.9764         2.68277        0.155947 
        5.98253         2.68065         0.15554 
        5.98866         2.68097        0.155134 
         5.9948         2.68012        0.154729 
        6.00094         2.67971        0.154326 
        6.00707         2.67867        0.153924 
        6.01321         2.68093        0.153524 
        6.01935         2.67885        0.153125 
        6.02548         2.67924        0.152728 
        6.03162          2.6805        0.152332 
        6.03775            2.68        0.151938 
        6.04389         2.68101        0.151545 
        6.05003         2.68177        0.151153 
        6.05617         2.68115        0.150762 
         6.0623         2.67988        0.150373 
        6.06844         2.67967        0.149986 
        6.07457         2.67838        0.149599 
         6.0807         2.68165        0.149215 
        6.08684         2.68374        0.148832 
        6.09298         2.68178        0.148449 
        6.09912          2.6832        0.148068 
        6.10525         2.68166        0.147689 
        6.11138         2.67982        0.147311 
        6.11752         2.68532        0.146934 
        6.12366         2.68505        0.146559 
        6.12979         2.68502        0.146185 
        6.13593         2.68533        0.145812 
        6.14207         2.68604         0.14544 
         6.1482         2.68889         0.14507 
        6.15434         2.68833        0.144701 
        6.16047         2.68912        0.144334 
        6.16661         2.69175        0.143967 
        6.17274         2.68922        0.143602 
        6.17887         2.69201        0.143239 
        6.18501         2.69211        0.142876 
        6.19115         2.69264        0.142515 
        6.19729         2.69438        0.142155 
        6.20342         2.69624        0.141796 
        6.20956         2.69605        0.141439 
         6.2157         2.69868        0.141082 
        6.22183         2.69965        0.140727 
        6.22797         2.70159        0.140374 
         6.2341          2.7044        0.140021 
        6.24024         2.70333         0.13967 
        6.24638         2.70766        0.139319 
        6.25251         2.70753        0.138971 
        6.25865         2.70742        0.138623 
        6.26478         2.71207        0.138276 
        6.27092         2.71157        0.137931 
        6.27705         2.71192        0.137587 
        6.28318         2.71429        0.137244 
