# k  (h/Mpc)    Pcb(k)  (Mpc/h)^3    Pcb_linear(k)  (Mpc/h)^3
     0.00783031         16055.1         16145.8 
       0.013688         18563.9         19053.5 
       0.019231         18239.8         18513.6 
      0.0249154         16476.1         16410.8 
      0.0312784           13496         13596.7 
      0.0375637         11029.4         11185.9 
      0.0433917          9533.3          9552.8 
      0.0492413         8386.26         8461.94 
      0.0555754         7698.78         7707.33 
      0.0619321         6927.82         7152.52 
       0.067871         6527.46         6638.28 
      0.0738098         6001.41         6043.13 
      0.0800417         5337.79         5339.91 
      0.0862327         4635.05         4636.77 
      0.0921407         4096.51         4042.77 
      0.0982031         3683.66         3564.42 
       0.104506         3282.09         3219.11 
       0.110769         3078.19         3001.29 
       0.116806         2971.06         2861.75 
       0.122832         2810.15         2741.43 
       0.129052         2652.56         2597.25 
       0.135211         2537.94         2417.56 
       0.141259         2309.35         2213.03 
       0.147318         2100.97         2002.81 
       0.153489         1942.98         1808.62 
       0.159709         1843.29         1650.97 
       0.165845         1686.56         1537.67 
       0.171974         1649.31         1459.85 
       0.178125         1596.16         1403.69 
       0.184229         1482.13          1354.5 
        0.19034         1455.17         1299.66 
       0.196428         1403.85         1233.75 
       0.202534         1303.22         1157.61 
       0.208729         1269.68         1076.57 
       0.214876         1201.27         1000.37 
       0.220989         1130.39         934.939 
       0.227147         1097.95         882.219 
        0.23329         1053.93          841.91 
       0.239377         1046.07         810.548 
       0.245482          993.58         783.056 
       0.251667         957.285         755.074 
       0.257832         940.849         724.491 
       0.263955          892.33         691.049 
       0.270079         861.265         655.974 
        0.27624         824.309         621.319 
       0.282372         809.332         589.639 
        0.28843         796.714         562.392 
       0.294538         756.969         539.193 
       0.300721         739.488         519.365 
        0.30691         722.863         501.803 
       0.313033         691.675          485.32 
       0.319153          682.63         468.652 
       0.325316         671.903         451.274 
        0.33145         655.244         433.496 
       0.337538         631.236         415.965 
       0.343633         614.982         399.168 
       0.349808         600.523         383.474 
       0.355968         589.198         369.397 
       0.362074         567.616         356.899 
       0.368217         565.241         345.499 
       0.374374         556.068         334.786 
       0.380519         533.834         324.436 
       0.386598         529.011         314.287 
       0.392688         515.517         304.122 
        0.39888         502.993          293.91 
       0.405048         492.168         284.019 
       0.411186         491.416         274.634 
       0.417313         485.539          265.87 
       0.423458         471.663         257.687 
       0.429607         457.794         250.055 
       0.435692         452.091         242.955 
       0.441815         443.572         236.117 
       0.447964         435.404         229.445 
       0.454126         430.462         222.914 
       0.460267         423.342         216.544 
       0.466387         414.735          210.35 
        0.47254         409.429         204.334 
       0.478662         401.313         198.611 
       0.484765         395.881          193.18 
       0.490885         392.209         187.997 
       0.497035         383.466         183.041 
       0.503198         383.105         178.292 
       0.509342         374.803         173.728 
       0.515458         367.542         169.317 
       0.521598         363.584         165.009 
       0.527764          357.21         160.808 
       0.533884         354.075         156.767 
           0.54         350.048         152.861 
       0.546137         342.911         149.079 
       0.552299         341.559         145.428 
       0.558452         335.822         141.928 
       0.564573         333.765         138.578 
       0.570708         328.373         135.336 
       0.576825         322.426         132.203 
       0.582926          321.03         129.171 
       0.589034         315.196         126.223 
       0.595184         313.157         123.343 
       0.601379         308.156         120.531 
       0.607522         301.765         117.829 
       0.613639         301.007         115.222 
       0.619772         299.824          112.69 
       0.625918         293.878         110.234 
       0.632068         291.539         107.854 
       0.638161         289.425         105.569 
         0.6443         285.075         103.336 
       0.650464         282.048         101.159 
       0.656582         279.147         99.0591 
       0.662703         277.781         97.0154 
       0.668861         272.307         95.0162 
       0.675024         271.369         93.0712 
       0.681124         267.067         91.2007 
       0.687237         265.916         89.3793 
       0.693381         261.713          87.601 
       0.699536         260.978         85.8698 
       0.705665          257.75         84.1941 
       0.711789         255.267         82.5652 
       0.717957         253.077         80.9686 
        0.72409         249.567         79.4228 
       0.730186         250.917         77.9264 
       0.736317         246.644         76.4601 
       0.742472         244.311          75.026 
       0.748622         242.057         73.6301 
        0.75476         241.118          72.273 
       0.760888         238.255         70.9524 
       0.767043          235.31         69.6601 
       0.773185         233.581         68.4031 
       0.779291         231.272         67.1847 
       0.785407         229.947         65.9945 
       0.791564         228.191         64.8259 
       0.797719         224.399         63.6865 
       0.803834         225.625         62.5818 
       0.809972         222.401         61.4994 
       0.816124         219.376         60.4404 
       0.822261         217.992         59.4093 
       0.828378         217.144         58.4054 
       0.834502          214.39          57.424 
       0.840667         214.491         56.4589 
       0.846816         210.332         55.5188 
       0.852925         210.492         54.6062 
       0.859047         208.344         53.7123 
       0.865192          207.68         52.8356 
       0.871341         205.236          51.978 
       0.877463          203.61         51.1434 
       0.883569         202.948         50.3294 
       0.889708         201.158          49.529 
       0.895864         198.739         48.7441 
       0.902008         197.372         47.9779 
       0.908149         195.737         47.2288 
       0.914301          194.48         46.4946 
       0.920448         193.777         45.7767 
       0.926574         191.785         45.0765 
       0.932687         191.545         44.3926 
       0.938823         189.497         43.7205 
       0.944975         189.003         43.0609 
       0.951105         186.808         42.4173 
       0.957225         185.386          41.788 
       0.963368          185.25         41.1694 
       0.969511         182.469         40.5634 
       0.975621         180.597         39.9729 
       0.981748         180.461         39.3927 
       0.987916          179.47         38.8204 
        0.99406         177.952         38.2617 
        1.00019         176.946         37.7151 
        1.00632         175.859         37.1798 
        1.01246         174.571         36.6541 
        1.01859         172.904         36.1394 
        1.02471         171.728         35.6353 
        1.03085         170.694         35.1391 
        1.03698         170.084         34.6535 
        1.04314         169.353          34.175 
        1.04929         168.252         33.7067 
        1.05541         167.481          33.249 
        1.06154         165.767         32.7988 
        1.06769         164.855         32.3562 
        1.07382         163.669         31.9233 
        1.07993         162.491         31.4994 
        1.08607         162.108         31.0814 
        1.09222          160.46         30.6706 
        1.09836         159.837         30.2677 
        1.10449         158.805         29.8726 
        1.11063         157.523         29.4841 
        1.11677         156.713         29.1027 
         1.1229          155.92         28.7287 
        1.12903         154.437          28.361 
        1.13518         153.673         27.9994 
        1.14131         153.188         27.6444 
        1.14745         151.705         27.2958 
        1.15359         150.808         26.9531 
        1.15973         150.235         26.6162 
        1.16584         149.227         26.2865 
        1.17197         148.624          25.962 
        1.17811         147.317         25.6421 
        1.18424         146.547         25.3284 
        1.19038         145.855         25.0191 
        1.19652         144.542         24.7151 
        1.20267         143.732         24.4162 
        1.20881         142.795         24.1223 
        1.21495         142.697         23.8337 
        1.22108         141.414         23.5499 
         1.2272         140.677         23.2714 
        1.23334         139.742         22.9968 
        1.23949         139.178         22.7259 
        1.24562         138.156         22.4602 
        1.25174         137.862         22.1992 
        1.25789         136.588         21.9415 
        1.26402         136.096         21.6884 
        1.27014         135.302         21.4398 
        1.27628          134.57         21.1945 
        1.28244         133.657         20.9525 
        1.28858         132.912         20.7146 
        1.29471         131.928          20.481 
        1.30084          131.26         20.2512 
        1.30697         130.355         20.0245 
        1.31312         129.861         19.8011 
        1.31925         128.774         19.5817 
        1.32537         128.367         19.3659 
        1.33151         127.717         19.1525 
        1.33765         126.884         18.9425 
        1.34378           126.6         18.7361 
        1.34992         125.597         18.5326 
        1.35606         125.106         18.3318 
         1.3622         124.361         18.1342 
        1.36833         123.464         17.9401 
        1.37445         123.174         17.7489 
        1.38059         122.204         17.5599 
        1.38675         121.594         17.3732 
        1.39288         120.811         17.1899 
        1.39901         120.027         17.0094 
        1.40515         119.666         16.8311 
         1.4113         118.897         16.6555 
        1.41742         118.436          16.483 
        1.42355         117.859         16.3126 
         1.4297         117.035         16.1442 
        1.43585         116.521         15.9781 
        1.44198         115.537         15.8151 
        1.44809         115.218         15.6547 
        1.45423         114.796         15.4958 
        1.46036         113.709         15.3395 
        1.46649         113.156         15.1853 
        1.47263         112.557         15.0331 
        1.47877         112.001          14.883 
        1.48491         111.502         14.7348 
        1.49104         110.581         14.5888 
        1.49718         110.194         14.4448 
        1.50333         109.518         14.3025 
        1.50947         109.247         14.1623 
         1.5156          108.42         14.0243 
        1.52172          107.73         13.8881 
        1.52787          107.49         13.7534 
          1.534         106.864         13.6207 
        1.54013         106.085         13.4899 
        1.54627         105.548         13.3606 
        1.55241         105.272         13.2329 
        1.55855          104.55         13.1071 
        1.56467         104.023         12.9833 
         1.5708         103.051         12.8607 
        1.57695         103.031         12.7395 
        1.58308         102.236         12.6202 
        1.58922         101.812         12.5023 
        1.59535         101.624          12.386 
         1.6015         100.762          12.271 
        1.60764         100.162         12.1575 
        1.61376          99.892         12.0457 
        1.61989         99.3494         11.9353 
        1.62604         98.6999          11.826 
        1.63218         98.2168         11.7182 
        1.63831         97.6363         11.6119 
        1.64444          97.025         11.5069 
        1.65059          96.631          11.403 
        1.65673          96.457         11.3005 
        1.66285         95.9544         11.1995 
        1.66898         95.1291         11.0997 
        1.67512         94.4921          11.001 
        1.68127         94.3645         10.9033 
         1.6874         93.7321         10.8071 
        1.69353         93.2115         10.7121 
        1.69967         92.6678          10.618 
        1.70581          92.406          10.525 
        1.71193         91.8521         10.4336 
        1.71806         91.2371          10.343 
        1.72421         90.7672         10.2533 
        1.73035         90.3222         10.1648 
        1.73649         89.9091         10.0773 
        1.74262         89.4644         9.99098 
        1.74876         88.8305         9.90559 
        1.75489         88.7032         9.82136 
        1.76101         88.2494         9.73814 
        1.76715          87.599         9.65577 
        1.77329         87.1515         9.57426 
        1.77943         86.7587         9.49365 
        1.78557         86.4884         9.41408 
        1.79171         85.8703         9.33542 
        1.79785         85.3568         9.25764 
        1.80399         85.0844         9.18076 
        1.81012         84.3937         9.10486 
        1.81625         84.0795         9.02985 
        1.82239         83.7199         8.95558 
        1.82853         83.1461         8.88218 
        1.83466         82.6719         8.80967 
        1.84078         82.5368         8.73804 
        1.84692         82.1921          8.6671 
        1.85306         81.8575         8.59686 
         1.8592         81.4071          8.5275 
        1.86533         80.8334         8.45896 
        1.87147         80.4916         8.39108 
        1.87761         79.7751         8.32392 
        1.88375         79.5961         8.25758 
        1.88988          79.068         8.19203 
        1.89601         78.9716         8.12715 
        1.90215         78.5343         8.06293 
        1.90829         77.8977         7.99943 
        1.91442          77.461         7.93661 
        1.92056         77.2211         7.87453 
         1.9267         76.8828         7.81304 
        1.93284         76.5948         7.75217 
        1.93897         76.0758         7.69207 
        1.94509         75.7589         7.63273 
        1.95123         75.3623         7.57387 
        1.95737         75.0994         7.51559 
        1.96349         74.8053         7.45807 
        1.96964         74.3688         7.40099 
        1.97578         73.9102         7.34447 
        1.98192         73.5149         7.28867 
        1.98805         73.1138         7.23343 
        1.99419         73.0356         7.17876 
        2.00033          72.402         7.12464 
        2.00647         71.9808         7.07108 
         2.0126         71.7844         7.01816 
        2.01874         71.5221         6.96571 
        2.02488         71.1075         6.91374 
        2.03101         70.6469         6.86241 
        2.03714          70.395         6.81164 
        2.04328         70.1996         6.76132 
        2.04941         69.7698         6.71156 
        2.05554         69.3568         6.66233 
        2.06167         68.9557         6.61353 
        2.06781         68.6514         6.56521 
        2.07396         68.1771         6.51731 
        2.08009         68.0184         6.46996 
        2.08622         67.6117         6.42314 
        2.09237         67.3399         6.37669 
        2.09851          66.874          6.3307 
        2.10464         66.6559         6.28523 
        2.11077         66.3995         6.24026 
        2.11691         66.0864         6.19564 
        2.12305         65.6622         6.15144 
        2.12918         65.3277         6.10779 
        2.13531         65.0726         6.06455 
        2.14145         64.7414         6.02164 
         2.1476         64.5631         5.97909 
        2.15372         64.0419         5.93716 
        2.15985         63.7921         5.89559 
        2.16599         63.5325          5.8543 
        2.17213         63.1074         5.81346 
        2.17827         62.6533         5.77301 
         2.1844         62.5775         5.73298 
        2.19054         62.2632         5.69331 
        2.19666         61.9459         5.65408 
         2.2028         61.7328         5.61519 
        2.20893         61.3833         5.57664 
        2.21508           61.06         5.53841 
        2.22122         60.6624         5.50052 
        2.22736         60.3712         5.46307 
        2.23349         60.1249         5.42597 
        2.23962         59.8887          5.3892 
        2.24577         59.6229         5.35274 
         2.2519         59.2737         5.31667 
        2.25802         58.9836         5.28099 
        2.26417         58.7366         5.24553 
        2.27031         58.4994         5.21037 
        2.27644         58.0584         5.17563 
        2.28257         57.8929         5.14121 
        2.28872         57.5302         5.10704 
        2.29486         57.4261         5.07318 
        2.30099         56.9382          5.0397 
        2.30712         56.8083         5.00651 
        2.31326         56.5227         4.97356 
         2.3194         56.2527         4.94092 
        2.32553         55.9216         4.90864 
        2.33166         55.7011         4.87665 
         2.3378         55.4588         4.84491 
        2.34394         55.2067         4.81343 
        2.35007         54.8618         4.78228 
        2.35619         54.7006         4.75145 
        2.36233         54.4349         4.72081 
        2.36848         54.0954         4.69039 
        2.37462         53.8213         4.66029 
        2.38075         53.5661         4.63048 
        2.38689         53.2584         4.60092 
        2.39303         53.1644         4.57161 
        2.39916         52.8052         4.54259 
        2.40529         52.6838         4.51382 
        2.41143         52.4259         4.48529 
        2.41757         52.0472         4.45698 
         2.4237         51.9819         4.42898 
        2.42983          51.646         4.40121 
        2.43598         51.4134         4.37361 
        2.44211         51.1349         4.34629 
        2.44823         50.9781         4.31927 
        2.45437         50.5662          4.2924 
        2.46052         50.4245         4.26574 
        2.46665         50.1021         4.23935 
        2.47279         49.9282         4.21319 
        2.47892          49.677         4.18724 
        2.48507         49.4925         4.16148 
         2.4912         49.2532         4.13598 
        2.49733         48.9587         4.11072 
        2.50347         48.7298         4.08561 
        2.50961         48.5218         4.06072 
        2.51575         48.3166         4.03605 
        2.52188         48.0363         4.01161 
        2.52802         47.8945         3.98735 
        2.53416         47.6357         3.96327 
        2.54029         47.3832         3.93945 
        2.54641         47.2381         3.91582 
        2.55255         46.9365         3.89237 
        2.55869         46.7892         3.86907 
        2.56483         46.5351         3.84599 
        2.57096         46.2224         3.82312 
        2.57709         46.0385         3.80044 
        2.58323         45.8681         3.77791 
        2.58937         45.5942         3.75556 
        2.59551          45.433         3.73342 
        2.60164         45.2761         3.71146 
        2.60778         45.0887         3.68965 
        2.61392         44.7697         3.66803 
        2.62006         44.5631         3.64658 
        2.62619         44.4312         3.62534 
        2.63232          44.163         3.60425 
        2.63846         43.9811         3.58331 
        2.64459         43.8119         3.56256 
        2.65072         43.6068         3.54198 
        2.65686         43.3897         3.52155 
          2.663         43.1731         3.50125 
        2.66915          43.021         3.48112 
        2.67527         42.7918         3.46119 
        2.68141         42.5997         3.44141 
        2.68755         42.4041         3.42175 
        2.69368          42.208         3.40227 
        2.69981         41.9727         3.38297 
        2.70595          41.797         3.36378 
        2.71209         41.6921         3.34472 
        2.71823         41.4614         3.32585 
        2.72436          41.289         3.30712 
         2.7305         41.0715         3.28853 
        2.73663         40.9124         3.27008 
        2.74276         40.7184         3.25179 
         2.7489          40.538         3.23363 
        2.75504         40.3149         3.21559 
        2.76118           40.19         3.19768 
        2.76732          39.956         3.17993 
        2.77345          39.788         3.16232 
        2.77959         39.6278         3.14484 
        2.78572          39.413          3.1275 
        2.79186         39.2605         3.11029 
        2.79798          39.087         3.09324 
        2.80412         38.8659         3.07627 
        2.81027         38.6863         3.05942 
         2.8164         38.5593         3.04272 
        2.82253         38.3506         3.02615 
        2.82867         38.2128          3.0097 
        2.83481         38.0176         2.99337 
        2.84095         37.8429         2.97715 
        2.84708          37.623         2.96108 
        2.85322         37.5083          2.9451 
        2.85935         37.3022         2.92925 
        2.86549         37.1845         2.91352 
        2.87162         37.0014         2.89791 
        2.87776         36.8516         2.88242 
        2.88389         36.6914         2.86702 
        2.89003         36.4847         2.85175 
        2.89617         36.2616         2.83658 
        2.90231          36.185         2.82153 
        2.90844         36.0294         2.80658 
        2.91458         35.8421         2.79175 
        2.92071         35.6383         2.77704 
        2.92684         35.5484         2.76242 
        2.93298         35.3051         2.74792 
         2.9391         35.2657         2.73353 
        2.94524         35.0631         2.71923 
        2.95138          34.859         2.70503 
        2.95752         34.7051         2.69091 
        2.96367         34.6156         2.67689 
         2.9698         34.4564           2.663 
        2.97594         34.2619          2.6492 
        2.98207         34.2022         2.63549 
        2.98821         33.9711          2.6219 
        2.99434         33.8673         2.60839 
        3.00048         33.6646         2.59498 
        3.00662         33.5359         2.58166 
        3.01275         33.4095         2.56845 
        3.01888         33.3057         2.55532 
        3.02503         33.0904         2.54227 
        3.03117         32.9519         2.52932 
        3.03729         32.8428         2.51649 
        3.04342         32.6808         2.50373 
        3.04957         32.5282         2.49104 
         3.0557         32.4141         2.47845 
        3.06183         32.2502         2.46597 
        3.06796         32.1093         2.45356 
        3.07411         31.9469         2.44121 
        3.08025         31.8198         2.42897 
        3.08637         31.6671         2.41683 
         3.0925         31.5546         2.40476 
        3.09865         31.4108         2.39275 
         3.1048         31.3238         2.38082 
        3.11093         31.1218           2.369 
        3.11706         31.0147         2.35726 
         3.1232         30.8288          2.3456 
        3.12933         30.7271           2.334 
        3.13547         30.6322          2.3225 
        3.14159         30.4691         2.31108 
        3.14773         30.3415         2.29972 
        3.15388         30.2226         2.28843 
        3.16001         30.0832         2.27723 
        3.16614         29.9711         2.26612 
        3.17228         29.8418         2.25506 
        3.17842         29.6677         2.24408 
        3.18455         29.5329         2.23318 
        3.19068         29.4549         2.22236 
        3.19682         29.2671         2.21159 
        3.20297         29.1497          2.2009 
         3.2091         29.0626         2.19028 
        3.21524         28.9458         2.17973 
        3.22138         28.8195         2.16925 
         3.2275         28.6611         2.15886 
        3.23363         28.5334         2.14854 
        3.23977         28.4515         2.13826 
        3.24591         28.3311         2.12806 
        3.25205         28.2101         2.11791 
        3.25818         28.1015         2.10784 
        3.26432         27.9588         2.09784 
        3.27046         27.8056          2.0879 
         3.2766         27.7132         2.07802 
        3.28273         27.5924         2.06821 
        3.28887         27.4422         2.05847 
          3.295         27.3292         2.04879 
        3.30113         27.2343         2.03917 
        3.30727         27.1312         2.02961 
        3.31341         26.9995         2.02012 
        3.31954         26.8956         2.01068 
        3.32568         26.8184          2.0013 
        3.33182         26.6504         1.99199 
        3.33795         26.5602         1.98274 
        3.34409         26.4489         1.97353 
        3.35022         26.3438         1.96439 
        3.35636         26.1831         1.95532 
         3.3625          26.114         1.94629 
        3.36864         26.0396         1.93732 
        3.37477         25.9301         1.92841 
        3.38091         25.7713         1.91956 
        3.38704         25.6916         1.91077 
        3.39318         25.5656         1.90203 
        3.39931         25.4522         1.89334 
        3.40545         25.3558         1.88471 
        3.41158         25.2452         1.87613 
        3.41772         25.1676         1.86761 
        3.42385         25.0493         1.85915 
        3.42998         24.9566         1.85073 
        3.43612         24.8319         1.84237 
        3.44226         24.7362         1.83405 
         3.4484         24.6492         1.82578 
        3.45453         24.4887         1.81757 
        3.46066         24.4279         1.80942 
        3.46681         24.3019          1.8013 
        3.47295         24.2442         1.79323 
        3.47908         24.1056         1.78523 
        3.48521         24.0183         1.77727 
        3.49135         23.9019         1.76936 
        3.49749         23.8263         1.76149 
        3.50362         23.7131         1.75368 
        3.50976         23.6163         1.74591 
        3.51589         23.5386         1.73819 
        3.52203         23.4302         1.73051 
        3.52816         23.3281          1.7229 
        3.53429         23.2415         1.71532 
        3.54043         23.1469         1.70777 
        3.54657         23.0879         1.70028 
        3.55271         22.9649         1.69283 
        3.55884         22.8648         1.68544 
        3.56498         22.7591         1.67808 
        3.57112         22.6877         1.67076 
        3.57725         22.6041         1.66349 
        3.58338         22.5253         1.65628 
        3.58952         22.4268         1.64909 
        3.59566         22.3261         1.64195 
         3.6018         22.2302         1.63485 
        3.60793         22.1322          1.6278 
        3.61407         22.0345         1.62079 
        3.62021         21.9682         1.61381 
        3.62634         21.8604         1.60688 
        3.63247         21.7772             1.6 
        3.63861         21.6676         1.59315 
        3.64475         21.6144         1.58633 
        3.65089         21.5074         1.57957 
        3.65702         21.4605         1.57284 
        3.66316         21.3278         1.56615 
        3.66929         21.2545          1.5595 
        3.67543         21.1861         1.55289 
        3.68156            21.1         1.54632 
        3.68769         20.9858         1.53979 
        3.69383         20.9377         1.53329 
        3.69997         20.8301         1.52683 
        3.70611         20.7531         1.52041 
        3.71224         20.6695         1.51402 
        3.71838         20.5705         1.50767 
        3.72451         20.4951         1.50136 
        3.73065         20.4137         1.49509 
        3.73678         20.3336         1.48885 
        3.74292          20.241         1.48265 
        3.74906         20.1898         1.47648 
        3.75519         20.1031         1.47035 
        3.76133         20.0419         1.46425 
        3.76746         19.9348         1.45819 
         3.7736         19.8855         1.45216 
        3.77974         19.7746         1.44616 
        3.78588         19.7208          1.4402 
        3.79201         19.6392         1.43428 
        3.79814         19.5634         1.42839 
        3.80428         19.4702         1.42253 
        3.81042         19.3843         1.41669 
        3.81655           19.33          1.4109 
        3.82268         19.2343         1.40514 
        3.82882          19.168         1.39942 
        3.83496         19.1086         1.39372 
        3.84109         19.0138         1.38805 
        3.84723         18.9714         1.38242 
        3.85337          18.863         1.37681 
        3.85951         18.8114         1.37123 
        3.86565         18.7298         1.36569 
        3.87178         18.6578         1.36019 
        3.87791         18.5923         1.35471 
        3.88405         18.5169         1.34926 
        3.89019         18.4382         1.34384 
        3.89632         18.3632         1.33845 
        3.90246          18.296         1.33309 
         3.9086          18.199         1.32776 
        3.91473         18.1657         1.32246 
        3.92086         18.0782          1.3172 
        3.92699         18.0231         1.31196 
        3.93313         17.9471         1.30674 
        3.93927         17.8654         1.30156 
         3.9454         17.8041          1.2964 
        3.95154         17.7251         1.29127 
        3.95768         17.6742         1.28616 
        3.96382         17.6243         1.28109 
        3.96995         17.5426         1.27604 
        3.97609         17.4796         1.27102 
        3.98222         17.4166         1.26603 
        3.98836         17.3311         1.26107 
         3.9945         17.2641         1.25613 
        4.00063         17.2011         1.25122 
        4.00677         17.1339         1.24633 
        4.01291         17.0709         1.24147 
        4.01904         16.9826         1.23664 
        4.02517         16.9511         1.23184 
        4.03131         16.8823         1.22705 
        4.03745         16.7926         1.22229 
        4.04358         16.7666         1.21757 
        4.04972         16.6712         1.21286 
        4.05585         16.6199         1.20818 
        4.06199         16.5495         1.20352 
        4.06812         16.4916         1.19889 
        4.07426         16.4311         1.19429 
         4.0804         16.3884          1.1897 
        4.08654         16.3251         1.18514 
        4.09267         16.2542         1.18061 
         4.0988         16.1934          1.1761 
        4.10494         16.1368         1.17162 
        4.11108         16.0572         1.16715 
        4.11721         16.0003         1.16271 
        4.12334         15.9593          1.1583 
        4.12948         15.8938          1.1539 
        4.13561         15.8164         1.14953 
        4.14176         15.7704         1.14518 
        4.14789         15.7121         1.14085 
        4.15403         15.6451         1.13655 
        4.16016         15.5797         1.13227 
         4.1663         15.5392         1.12801 
        4.17243         15.4806         1.12377 
        4.17857         15.4266         1.11956 
        4.18471         15.3737         1.11536 
        4.19084         15.2997         1.11119 
        4.19698          15.244         1.10704 
        4.20312         15.1851         1.10291 
        4.20925         15.1267          1.0988 
        4.21538         15.0841         1.09472 
        4.22152         15.0381         1.09065 
        4.22766         14.9682          1.0866 
         4.2338         14.9142         1.08258 
        4.23993         14.8594         1.07857 
        4.24607         14.8224         1.07459 
         4.2522         14.7283         1.07062 
        4.25834         14.6998         1.06668 
        4.26447         14.6441         1.06276 
        4.27061          14.594         1.05886 
        4.27674         14.5364         1.05497 
        4.28288         14.4728          1.0511 
        4.28902         14.4333         1.04726 
        4.29515         14.3753         1.04343 
        4.30129         14.3276         1.03963 
        4.30743         14.2667         1.03584 
        4.31356          14.225         1.03207 
        4.31969         14.1769         1.02832 
        4.32583         14.1218         1.02459 
        4.33197         14.0644         1.02087 
         4.3381         14.0263         1.01718 
        4.34424         13.9597          1.0135 
        4.35038         13.9313         1.00984 
        4.35652         13.8657          1.0062 
        4.36265         13.8309         1.00258 
        4.36878         13.7626         0.99898 
        4.37492         13.7198        0.995391 
        4.38106         13.6856         0.99182 
        4.38719          13.628        0.988272 
        4.39333          13.572        0.984741 
        4.39946         13.5359        0.981225 
         4.4056         13.4887        0.977726 
        4.41173         13.4204        0.974244 
        4.41786         13.3768        0.970783 
          4.424         13.3349        0.967335 
        4.43014         13.2793          0.9639 
        4.43628         13.2415        0.960483 
        4.44241         13.1936        0.957086 
        4.44855         13.1641        0.953704 
        4.45469         13.1035        0.950336 
        4.46083         13.0652        0.946989 
        4.46696         13.0125         0.94366 
        4.47309         12.9622        0.940342 
        4.47923         12.9214         0.93704 
        4.48537         12.8746        0.933757 
         4.4915         12.8435        0.930488 
        4.49764         12.7873        0.927234 
        4.50378         12.7407        0.923994 
        4.50991         12.7014        0.920776 
        4.51604         12.6559        0.917571 
        4.52218         12.6072        0.914376 
        4.52832         12.5638          0.9112 
        4.53445         12.5256        0.908041 
        4.54059         12.4884        0.904896 
        4.54673         12.4345        0.901763 
        4.55286         12.3946        0.898646 
          4.559         12.3392        0.895545 
        4.56513         12.2995         0.89246 
        4.57127          12.267        0.889388 
        4.57741         12.2226        0.886329 
        4.58354         12.1846        0.883286 
        4.58968         12.1348        0.880258 
        4.59582         12.1023        0.877241 
        4.60195         12.0576        0.874242 
        4.60809          12.024        0.871257 
        4.61422         11.9709        0.868285 
        4.62036         11.9351        0.865327 
        4.62649         11.9008        0.862382 
        4.63263         11.8603        0.859452 
        4.63876         11.8037        0.856534 
         4.6449         11.7905         0.85363 
        4.65104         11.7345        0.850739 
        4.65717         11.6984        0.847865 
        4.66331         11.6597        0.845001 
        4.66944         11.6223         0.84215 
        4.67558         11.5891        0.839316 
        4.68171         11.5522        0.836491 
        4.68785         11.5025        0.833678 
        4.69399         11.4627         0.83088 
        4.70012         11.4315        0.828099 
        4.70625         11.3895        0.825327 
        4.71239         11.3514        0.822566 
        4.71853         11.3044        0.819819 
        4.72467         11.2826        0.817083 
         4.7308         11.2386        0.814362 
        4.73694         11.2042        0.811653 
        4.74308          11.163        0.808955 
        4.74922         11.1362        0.806269 
        4.75535         11.0947        0.803598 
        4.76148         11.0638         0.80094 
        4.76762         11.0162         0.79829 
        4.77376         10.9806        0.795653 
        4.77989         10.9456        0.793031 
        4.78602         10.9173        0.790419 
        4.79216         10.8771        0.787817 
         4.7983         10.8354        0.785228 
        4.80443         10.8078        0.782653 
        4.81056         10.7786        0.780088 
         4.8167         10.7456        0.777532 
        4.82284         10.7077        0.774988 
        4.82898         10.6686        0.772457 
        4.83511         10.6468        0.769939 
        4.84125         10.5959        0.767429 
        4.84739         10.5792        0.764931 
        4.85352         10.5335        0.762446 
        4.85965         10.5115        0.759972 
        4.86579         10.4656        0.757507 
        4.87193         10.4377        0.755053 
        4.87807         10.3984        0.752611 
         4.8842         10.3654         0.75018 
        4.89034         10.3352        0.747758 
        4.89647         10.3051        0.745348 
        4.90261         10.2741        0.742949 
        4.90874         10.2471        0.740562 
        4.91488         10.2007        0.738184 
        4.92102         10.1763        0.735815 
        4.92715         10.1478        0.733458 
        4.93329         10.1131        0.731112 
        4.93942          10.078        0.728774 
        4.94556         10.0487        0.726447 
         4.9517         10.0127        0.724131 
        4.95783         9.98896        0.721825 
        4.96397         9.95226        0.719529 
        4.97011          9.9234        0.717242 
        4.97624         9.89427        0.714966 
        4.98238         9.85757        0.712701 
        4.98851         9.83868        0.710445 
        4.99465         9.80473        0.708199 
        5.00078         9.77607        0.705962 
        5.00691         9.74564        0.703737 
        5.01305         9.71738        0.701519 
        5.01919         9.68479         0.69931 
        5.02533         9.66151         0.69711 
        5.03146         9.62346        0.694923 
         5.0376          9.5922        0.692744 
        5.04374         9.57278        0.690573 
        5.04987         9.54004        0.688411 
        5.05601         9.51261        0.686261 
        5.06215         9.48287        0.684117 
        5.06829         9.45727        0.681983 
        5.07442         9.43152         0.67986 
        5.08055         9.39448        0.677747 
        5.08668         9.38106        0.675641 
        5.09282         9.34651        0.673542 
        5.09896         9.31036        0.671455 
        5.10509          9.2938        0.669377 
        5.11123         9.26155        0.667307 
        5.11736         9.23592        0.665245 
         5.1235          9.2035        0.663192 
        5.12964         9.18258        0.661148 
        5.13577         9.16147        0.659111 
        5.14191         9.13249        0.657084 
        5.14804         9.10809        0.655068 
        5.15418           9.081        0.653058 
        5.16032         9.04859        0.651056 
        5.16645         9.02503        0.649062 
        5.17259         8.99334        0.647078 
        5.17872         8.97903        0.645102 
        5.18486         8.95557        0.643132 
          5.191         8.92797        0.641172 
        5.19713          8.8981        0.639221 
        5.20327         8.87639        0.637278 
        5.20941         8.83699        0.635342 
        5.21555         8.82632        0.633412 
        5.22168         8.79648        0.631494 
        5.22781         8.77316        0.629584 
        5.23395         8.74966        0.627681 
        5.24009         8.71979        0.625784 
        5.24622         8.69802        0.623897 
        5.25236         8.67828        0.622018 
         5.2585         8.65937        0.620144 
        5.26463         8.62171        0.618279 
        5.27077         8.60492        0.616423 
         5.2769         8.58598        0.614575 
        5.28304         8.55886        0.612733 
        5.28917         8.53429          0.6109 
         5.2953         8.51889        0.609075 
        5.30144          8.4938        0.607256 
        5.30757         8.46773        0.605445 
        5.31371         8.43972         0.60364 
        5.31985         8.42706        0.601843 
        5.32599         8.39674        0.600052 
        5.33213         8.37109         0.59827 
        5.33826           8.358        0.596495 
         5.3444         8.33864        0.594728 
        5.35053          8.3129        0.592968 
        5.35667         8.29536        0.591215 
        5.36281         8.26729        0.589467 
        5.36894         8.24577        0.587729 
        5.37507         8.22881        0.585998 
        5.38121         8.20632        0.584272 
        5.38735         8.18827        0.582553 
        5.39348         8.16277        0.580844 
        5.39961         8.14512         0.57914 
        5.40575         8.12689        0.577442 
        5.41189         8.10474        0.575751 
        5.41803         8.07569        0.574066 
        5.42416          8.0556         0.57239 
         5.4303         8.04055        0.570719 
        5.43644         8.02428        0.569055 
        5.44257         7.99856        0.567399 
        5.44871         7.97787        0.565748 
        5.45484         7.96034        0.564104 
        5.46098         7.94181        0.562466 
        5.46712         7.92848        0.560835 
        5.47325         7.90428        0.559211 
        5.47938         7.88744        0.557594 
        5.48552         7.86024        0.555983 
        5.49165         7.84382        0.554378 
        5.49779         7.83149         0.55278 
        5.50393         7.80776        0.551186 
        5.51006         7.78848        0.549599 
         5.5162         7.77212        0.548019 
        5.52234         7.75684        0.546446 
        5.52847         7.73822        0.544878 
        5.53461         7.71751        0.543316 
        5.54075         7.69922        0.541761 
        5.54688         7.67994        0.540212 
        5.55302         7.65905        0.538669 
        5.55915         7.64775        0.537132 
        5.56529           7.622        0.535601 
        5.57143         7.61343        0.534076 
        5.57756         7.59758        0.532556 
         5.5837         7.57955        0.531043 
        5.58983         7.55744        0.529537 
        5.59597         7.53486        0.528036 
         5.6021         7.52524         0.52654 
        5.60824         7.51693        0.525049 
        5.61438         7.49643        0.523566 
        5.62051         7.47917        0.522087 
        5.62665         7.45583        0.520615 
        5.63278          7.4443        0.519148 
        5.63892         7.43166        0.517687 
        5.64505         7.41405        0.516232 
        5.65119         7.39887        0.514782 
        5.65733         7.37796        0.513337 
        5.66346         7.36682        0.511899 
         5.6696         7.35157        0.510465 
        5.67573         7.33241        0.509038 
        5.68187         7.32327        0.507615 
          5.688          7.3074        0.506199 
        5.69414         7.29655        0.504788 
        5.70028         7.28073        0.503381 
        5.70642          7.2586        0.501979 
        5.71255         7.25644        0.500584 
        5.71869         7.23098        0.499195 
        5.72482         7.21922         0.49781 
        5.73096         7.20297        0.496431 
        5.73709         7.19504        0.495058 
        5.74322         7.17747        0.493689 
        5.74936         7.16768        0.492325 
         5.7555         7.14893        0.490965 
        5.76164         7.13795        0.489612 
        5.76777         7.12426        0.488264 
        5.77391         7.11346         0.48692 
        5.78005         7.09937        0.485581 
        5.78618         7.08121        0.484249 
        5.79231         7.07672        0.482922 
        5.79845         7.05786        0.481598 
        5.80459         7.04668        0.480278 
        5.81073         7.03383        0.478966 
        5.81686         7.02319        0.477658 
          5.823         7.00896        0.476354 
        5.82914         6.99724        0.475055 
        5.83527         6.98878        0.473762 
         5.8414          6.9723        0.472474 
        5.84754         6.96007        0.471189 
        5.85368         6.95324        0.469909 
        5.85981         6.94182        0.468635 
        5.86595         6.92941        0.467365 
        5.87208         6.92179          0.4661 
        5.87822         6.91057         0.46484 
        5.88435         6.89991        0.463585 
        5.89049         6.88277        0.462334 
        5.89662         6.87411        0.461087 
        5.90276         6.86179        0.459845 
         5.9089         6.84798        0.458607 
        5.91503          6.8411        0.457375 
        5.92117         6.83103        0.456146 
        5.92731         6.81916        0.454922 
        5.93344         6.81154        0.453703 
        5.93958         6.80299        0.452489 
        5.94572         6.79519        0.451278 
        5.95186          6.7782        0.450071 
        5.95799          6.7758        0.448871 
        5.96412         6.76571        0.447674 
        5.97026         6.75992        0.446481 
         5.9764         6.74695        0.445293 
        5.98253         6.74066         0.44411 
        5.98866         6.73555         0.44293 
         5.9948         6.72184        0.441754 
        6.00094         6.70917        0.440583 
        6.00707         6.70269        0.439416 
        6.01321         6.69584        0.438254 
        6.01935         6.68835        0.437095 
        6.02548         6.68278        0.435941 
        6.03162         6.67166        0.434791 
        6.03775         6.65945        0.433646 
        6.04389         6.65282        0.432504 
        6.05003           6.647        0.431366 
        6.05617         6.64292        0.430231 
         6.0623         6.63222        0.429102 
        6.06844         6.62411        0.427977 
        6.07457         6.62081        0.426856 
         6.0807         6.61274        0.425739 
        6.08684         6.60565        0.424626 
        6.09298         6.59924        0.423516 
        6.09912         6.59708         0.42241 
        6.10525         6.58968        0.421309 
        6.11138         6.58567        0.420212 
        6.11752         6.57611        0.419118 
        6.12366         6.56639        0.418028 
        6.12979         6.55955        0.416943 
        6.13593         6.55598        0.415861 
        6.14207         6.55334        0.414783 
         6.1482         6.54824        0.413708 
        6.15434         6.54159        0.412638 
        6.16047         6.53619        0.411572 
        6.16661         6.53487        0.410509 
        6.17274         6.52497         0.40945 
        6.17887         6.51837        0.408395 
        6.18501         6.51643        0.407343 
        6.19115         6.51031        0.406295 
        6.19729         6.50744         0.40525 
        6.20342         6.50423        0.404209 
        6.20956         6.50076        0.403172 
         6.2157         6.49785        0.402138 
        6.22183         6.49648        0.401109 
        6.22797         6.49283        0.400083 
         6.2341         6.49282        0.399061 
        6.24024         6.48659        0.398041 
        6.24638         6.48175        0.397025 
        6.25251         6.47655        0.396014 
        6.25865         6.47839        0.395006 
        6.26478         6.47862        0.394001 
        6.27092         6.47748           0.393 
        6.27705         6.47093        0.392002 
        6.28318         6.46486        0.391008 
