# k  (h/Mpc)    P(k)  (Mpc/h)^3    P_linear(k)  (Mpc/h)^3
     0.00783031         8176.54         8302.09 
       0.013688         9702.05         9660.28 
       0.019231          9336.9         9320.46 
      0.0249154         8142.48         8251.74 
      0.0312784         6833.11         6862.48 
      0.0375637         5700.74         5677.84 
      0.0433917         4832.02         4866.51 
      0.0492413         4308.94         4310.02 
      0.0555754         3846.15         3907.44 
      0.0619321         3628.28         3600.44 
       0.067871         3281.14         3321.39 
      0.0738098         2979.11         3013.59 
      0.0800417         2620.18         2664.56 
      0.0862327         2312.54         2324.19 
      0.0921407         2056.95         2039.32 
      0.0982031         1815.58         1808.72 
       0.104506          1683.6         1638.05 
       0.110769         1561.37         1524.27 
       0.116806         1469.18         1445.56 
       0.122832         1403.97         1375.64 
       0.129052         1302.87         1296.14 
       0.135211         1216.79         1203.84 
       0.141259         1137.02         1103.84 
       0.147318         1048.12         1003.82 
       0.153489         950.383         912.201 
       0.159709         886.253         836.996 
       0.165845         841.704         780.984 
       0.171974          792.41          739.91 
       0.178125         758.451         707.854 
       0.184229          728.45         679.016 
        0.19034         680.983         648.516 
       0.196428         661.528         614.533 
       0.202534         633.556         577.503 
       0.208729         594.168         539.393 
       0.214876         557.902         503.934 
       0.220989         534.734         473.126 
       0.227147         505.961         447.413 
        0.23329         484.566         426.575 
       0.239377         472.184         409.288 
       0.245482         441.387          393.65 
       0.251667         435.476         378.093 
       0.257832         419.126         362.034 
       0.263955         402.708         345.476 
       0.270079          385.59         328.776 
        0.27624         377.744         312.567 
       0.282372         362.209         297.687 
        0.28843         349.469         284.552 
       0.294538         333.059         272.916 
       0.300721          329.18         262.482 
        0.30691         313.817         252.955 
       0.313033         306.345          243.99 
       0.319153         294.406         235.196 
       0.325316         286.758         226.371 
        0.33145         276.686         217.678 
       0.337538         271.977          209.28 
       0.343633         262.372         201.283 
       0.349808         253.542         193.719 
       0.355968         249.429         186.766 
       0.362074         243.066          180.41 
       0.368217         236.168         174.458 
       0.374374         227.623         168.815 
       0.380519         224.114         163.394 
       0.386598          218.14         158.185 
       0.392688         214.948         153.094 
        0.39888         209.166         148.069 
       0.405048         203.865         143.255 
       0.411186         199.368         138.685 
       0.417313         195.117         134.361 
       0.423458           190.9         130.268 
       0.429607         186.527         126.387 
       0.435692         180.791         122.731 
       0.441815         179.236         119.206 
       0.447964         175.803         115.791 
       0.454126         168.468         112.479 
       0.460267         166.468         109.288 
       0.466387         164.214         106.217 
        0.47254         160.429         103.244 
       0.478662         159.284         100.404 
       0.484765         154.177          97.694 
       0.490885         151.828         95.0901 
       0.497035         149.695         92.5786 
       0.503198         145.689         90.1596 
       0.509342         143.504         87.8357 
       0.515458         141.391         85.6011 
       0.521598         138.986         83.4298 
       0.527764         137.018          81.321 
       0.533884         134.932         79.2985 
           0.54         132.484         77.3475 
       0.546137         131.343         75.4577 
       0.552299         128.953         73.6265 
       0.558452         126.703         71.8626 
       0.564573         124.553         70.1683 
       0.570708         122.352         68.5267 
       0.576825         120.855          66.943 
       0.582926         118.519         65.4126 
       0.589034         116.875         63.9273 
       0.595184         115.378          62.478 
       0.601379          113.89         61.0641 
       0.607522         111.382         59.7059 
       0.613639         110.857         58.3955 
       0.619772         108.497          57.122 
       0.625918         107.201         55.8848 
       0.632068         106.011         54.6843 
       0.638161          104.91         53.5303 
         0.6443         103.494         52.4018 
       0.650464         102.352          51.302 
       0.656582         100.762         50.2419 
       0.662703         99.2331         49.2115 
       0.668861         97.8407         48.2042 
       0.675024         96.7496         47.2244 
       0.681124         95.8615         46.2821 
       0.687237         94.0567         45.3639 
       0.693381         92.8722         44.4667 
       0.699536         92.0193         43.5926 
       0.705665         92.0931         42.7461 
       0.711789         89.7528         41.9231 
       0.717957         89.3254         41.1164 
        0.72409         87.9446         40.3356 
       0.730186         86.5396         39.5799 
       0.736317         86.2115         38.8397 
       0.742472         85.3735         38.1158 
       0.748622         84.4319         37.4112 
        0.75476         83.5658         36.7261 
       0.760888         82.3798         36.0594 
       0.767043         81.7419         35.4068 
       0.773185         80.7824         34.7719 
       0.779291         79.8777         34.1564 
       0.785407         79.2849          33.555 
       0.791564         78.5157         32.9645 
       0.797719         77.1762         32.3886 
       0.803834         76.8436         31.8303 
       0.809972         75.6515         31.2833 
       0.816124         75.2585          30.748 
       0.822261         74.6057         30.2269 
       0.828378         73.9799         29.7194 
       0.834502          73.301         29.2233 
       0.840667         72.4711         28.7354 
       0.846816         71.5457         28.2601 
       0.852925         71.0356         27.7987 
       0.859047         70.1042         27.3466 
       0.865192         69.7124         26.9032 
       0.871341         69.2316         26.4694 
       0.877463         68.1719         26.0472 
       0.883569         67.7759         25.6354 
       0.889708         67.3052         25.2304 
       0.895864         66.7571         24.8332 
       0.902008         66.1219         24.4454 
       0.908149         65.6728         24.0662 
       0.914301         65.0263         23.6944 
       0.920448          64.544          23.331 
       0.926574         63.8963         22.9764 
       0.932687         63.7271         22.6301 
       0.938823         62.6846         22.2897 
       0.944975         62.2601         21.9556 
       0.951105         61.7567         21.6295 
       0.957225         61.0342         21.3107 
       0.963368         60.8774         20.9973 
       0.969511         60.5026         20.6903 
       0.975621         60.1078          20.391 
       0.981748         59.4483          20.097 
       0.987916         58.9575          19.807 
        0.99406         58.5977         19.5238 
        1.00019         58.0192         19.2468 
        1.00632         57.6991         18.9755 
        1.01246         57.2539          18.709 
        1.01859         56.4596         18.4481 
        1.02471         56.4975         18.1925 
        1.03085         55.9293          17.941 
        1.03698         55.5134         17.6947 
        1.04314          55.006         17.4521 
        1.04929         54.6517         17.2147 
        1.05541         54.1089         16.9826 
        1.06154         54.0841         16.7543 
        1.06769         53.5833         16.5298 
        1.07382         53.3254         16.3103 
        1.07993         52.9688         16.0952 
        1.08607         52.5145         15.8832 
        1.09222         52.2334         15.6747 
        1.09836         51.8273         15.4703 
        1.10449         51.5016         15.2698 
        1.11063          51.013         15.0727 
        1.11677         50.7244         14.8791 
         1.1229         50.3435         14.6892 
        1.12903         49.7102         14.5026 
        1.13518         49.9355          14.319 
        1.14131         49.5624         14.1387 
        1.14745         48.9214         13.9617 
        1.15359         48.8481         13.7876 
        1.15973         48.3258         13.6165 
        1.16584         48.0748          13.449 
        1.17197         47.7912         13.2842 
        1.17811         47.5759         13.1216 
        1.18424         47.1091         12.9622 
        1.19038         46.8364          12.805 
        1.19652         46.7158         12.6506 
        1.20267         46.2881         12.4986 
        1.20881         46.0523         12.3492 
        1.21495         45.6496         12.2025 
        1.22108         45.4659         12.0583 
         1.2272          44.981         11.9167 
        1.23334         44.8283         11.7771 
        1.23949         44.7711         11.6393 
        1.24562         44.2894         11.5042 
        1.25174         44.1558         11.3715 
        1.25789         43.9399         11.2404 
        1.26402         43.5546         11.1117 
        1.27014         43.1621         10.9853 
        1.27628         43.0118         10.8605 
        1.28244         42.7383         10.7375 
        1.28858         42.5709         10.6165 
        1.29471         42.3937         10.4976 
        1.30084           42.15         10.3807 
        1.30697         41.8367         10.2654 
        1.31312         41.5208         10.1517 
        1.31925         41.4065         10.0401 
        1.32537         41.2111         9.93026 
        1.33151         40.8088          9.8217 
        1.33765         40.7348         9.71483 
        1.34378         40.4559         9.60977 
        1.34992         40.1741         9.50621 
        1.35606          39.956         9.40394 
         1.3622         39.7254         9.30338 
        1.36833         39.4946         9.20452 
        1.37445         39.4001         9.10716 
        1.38059         39.1276         9.01091 
        1.38675         38.8295         8.91583 
        1.39288         38.7444          8.8225 
        1.39901         38.4695         8.73055 
        1.40515          38.272         8.63971 
         1.4113         38.1344          8.5502 
        1.41742         37.8834         8.46231 
        1.42355         37.6392         8.37549 
         1.4297         37.4894         8.28963 
        1.43585         37.3493         8.20502 
        1.44198         37.0346         8.12191 
        1.44809          36.943         8.04012 
        1.45423         36.7443         7.95916 
        1.46036         36.6139         7.87946 
        1.46649         36.3579         7.80084 
        1.47263         36.1415         7.72322 
        1.47877         36.0307         7.64671 
        1.48491         35.9807         7.57111 
        1.49104         35.6414          7.4967 
        1.49718         35.2854         7.42324 
        1.50333         35.2875         7.35066 
        1.50947         35.1587         7.27919 
         1.5156         34.9045         7.20879 
        1.52172         34.7639         7.13932 
        1.52787         34.6858         7.07064 
          1.534          34.458         7.00294 
        1.54013         34.2177         6.93621 
        1.54627         34.1283         6.87023 
        1.55241         33.8418          6.8051 
        1.55855         33.7536          6.7409 
        1.56467         33.4395         6.67772 
         1.5708         33.5163         6.61517 
        1.57695         33.2138         6.55333 
        1.58308          33.097         6.49243 
        1.58922         33.0531         6.43226 
        1.59535         32.8438         6.37287 
         1.6015         32.5845         6.31416 
        1.60764         32.4311         6.25621 
        1.61376         32.2901         6.19915 
        1.61989         32.0824         6.14276 
        1.62604         32.0221         6.08695 
        1.63218          31.916         6.03186 
        1.63831         31.7199         5.97759 
        1.64444         31.5737         5.92397 
        1.65059         31.3737         5.87088 
        1.65673            31.2          5.8185 
        1.66285         31.0975          5.7669 
        1.66898         30.9289         5.71592 
        1.67512         30.8122         5.66546 
        1.68127         30.6237         5.61556 
         1.6874         30.5136         5.56638 
        1.69353         30.3657         5.51782 
        1.69967         30.2126         5.46973 
        1.70581         30.1424         5.42223 
        1.71193         30.0122         5.37547 
        1.71806         29.7679         5.32917 
        1.72421         29.6352         5.28333 
        1.73035         29.4977         5.23808 
        1.73649         29.3619         5.19337 
        1.74262         29.2491         5.14922 
        1.74876         29.2237         5.10555 
        1.75489         29.0306         5.06249 
        1.76101         28.8622         5.01993 
        1.76715         28.7769         4.97781 
        1.77329         28.6689         4.93612 
        1.77943         28.5345         4.89489 
        1.78557         28.3447          4.8542 
        1.79171          28.236         4.81396 
        1.79785         28.0973         4.77417 
        1.80399         28.0291         4.73484 
        1.81012         27.8962         4.69601 
        1.81625         27.7484         4.65764 
        1.82239          27.659         4.61963 
        1.82853         27.4762         4.58207 
        1.83466         27.3994         4.54496 
        1.84078         27.1818         4.50831 
        1.84692         27.1115           4.472 
        1.85306         26.9919         4.43604 
         1.8592         26.8608         4.40054 
        1.86533         26.7446         4.36545 
        1.87147         26.6615          4.3307 
        1.87761         26.5844         4.29631 
        1.88375         26.4649         4.26234 
        1.88988         26.3591         4.22878 
        1.89601         26.1929         4.19556 
        1.90215         26.1128         4.16267 
        1.90829         26.0641         4.13015 
        1.91442         25.8851         4.09797 
        1.92056         25.8197         4.06617 
         1.9267         25.6533         4.03467 
        1.93284         25.4964         4.00349 
        1.93897         25.4731          3.9727 
        1.94509         25.3289          3.9423 
        1.95123         25.2379         3.91214 
        1.95737         25.0855         3.88228 
        1.96349         25.0171         3.85281 
        1.96964         24.8971         3.82355 
        1.97578         24.8021         3.79459 
        1.98192         24.6753         3.76599 
        1.98805         24.6143         3.73768 
        1.99419         24.4823         3.70966 
        2.00033         24.3502         3.68192 
        2.00647         24.2746         3.65447 
         2.0126         24.1761         3.62734 
        2.01874          24.085         3.60045 
        2.02488         24.0279         3.57381 
        2.03101         23.8625         3.54749 
        2.03714         23.7793         3.52146 
        2.04328         23.6608         3.49566 
        2.04941         23.5843         3.47014 
        2.05554         23.4937          3.4449 
        2.06167         23.4014         3.41987 
        2.06781         23.2892         3.39509 
        2.07396          23.233         3.37052 
        2.08009          23.159         3.34624 
        2.08622         22.9809         3.32222 
        2.09237         22.9084         3.29839 
        2.09851          22.832          3.2748 
        2.10464         22.7666         3.25147 
        2.11077         22.6133          3.2284 
        2.11691         22.5536          3.2055 
        2.12305         22.4885         3.18282 
        2.12918         22.4231         3.16042 
        2.13531         22.3024         3.13823 
        2.14145         22.2676         3.11621 
         2.1476         22.1166         3.09437 
        2.15372         22.0165         3.07285 
        2.15985         21.8967         3.05151 
        2.16599         21.8837         3.03031 
        2.17213          21.805         3.00934 
        2.17827         21.6351         2.98858 
         2.1844         21.5422         2.96803 
        2.19054         21.4873         2.94766 
        2.19666         21.4137         2.92752 
         2.2028         21.3309         2.90754 
        2.20893         21.2598         2.88774 
        2.21508         21.1644         2.86811 
        2.22122         21.0078         2.84865 
        2.22736          21.018         2.82941 
        2.23349         20.8987         2.81036 
        2.23962         20.8113         2.79147 
        2.24577         20.7128         2.77274 
         2.2519         20.6771         2.75421 
        2.25802         20.5506         2.73588 
        2.26417         20.5278         2.71766 
        2.27031         20.4258         2.69959 
        2.27644         20.3302         2.68174 
        2.28257         20.2341         2.66405 
        2.28872         20.1404         2.64649 
        2.29486          20.117         2.62909 
        2.30099         20.0069         2.61189 
        2.30712         19.9526         2.59483 
        2.31326         19.9002         2.57789 
         2.3194         19.8077         2.56112 
        2.32553         19.6998         2.54452 
        2.33166         19.6028         2.52808 
         2.3378         19.5393         2.51176 
        2.34394         19.4774         2.49558 
        2.35007         19.3974         2.47956 
        2.35619         19.2978         2.46371 
        2.36233          19.264         2.44795 
        2.36848         19.1519         2.43231 
        2.37462         19.0819         2.41683 
        2.38075          19.018          2.4015 
        2.38689         18.9791          2.3863 
        2.39303         18.8643         2.37122 
        2.39916         18.7814          2.3563 
        2.40529          18.717          2.3415 
        2.41143          18.647         2.32682 
        2.41757         18.6021         2.31226 
         2.4237         18.4955         2.29785 
        2.42983         18.4215         2.28357 
        2.43598         18.3916         2.26937 
        2.44211          18.296         2.25531 
        2.44823         18.2196         2.24141 
        2.45437         18.1412         2.22758 
        2.46052         18.0988         2.21386 
        2.46665         18.0495         2.20028 
        2.47279         17.9267         2.18682 
        2.47892         17.8944         2.17346 
        2.48507         17.8189          2.1602 
         2.4912         17.7885         2.14708 
        2.49733         17.7006         2.13407 
        2.50347         17.6153         2.12115 
        2.50961         17.5642         2.10833 
        2.51575         17.4808         2.09563 
        2.52188         17.4104         2.08305 
        2.52802         17.3618         2.07056 
        2.53416         17.3062         2.05816 
        2.54029         17.2005         2.04589 
        2.54641         17.1564         2.03373 
        2.55255         17.0824         2.02165 
        2.55869         17.0288         2.00965 
        2.56483         16.9605         1.99776 
        2.57096         16.9239         1.98599 
        2.57709         16.8551          1.9743 
        2.58323         16.7735          1.9627 
        2.58937         16.7285         1.95119 
        2.59551         16.6486         1.93978 
        2.60164         16.6183         1.92847 
        2.60778         16.5427         1.91723 
        2.61392         16.4895         1.90609 
        2.62006         16.4102         1.89504 
        2.62619         16.3487         1.88409 
        2.63232         16.2767         1.87323 
        2.63846         16.2408         1.86243 
        2.64459         16.1779         1.85174 
        2.65072         16.1012         1.84113 
        2.65686         16.0342         1.83061 
          2.663         15.9884         1.82014 
        2.66915          15.918         1.80977 
        2.67527         15.8653         1.79949 
        2.68141         15.8217         1.78929 
        2.68755         15.7514         1.77916 
        2.69368         15.6955         1.76912 
        2.69981         15.6347         1.75917 
        2.70595         15.6106         1.74927 
        2.71209         15.5208         1.73945 
        2.71823         15.4581         1.72972 
        2.72436         15.3965         1.72006 
         2.7305         15.3565         1.71047 
        2.73663         15.3166         1.70096 
        2.74276         15.2284         1.69153 
         2.7489         15.2231         1.68216 
        2.75504         15.1526         1.67286 
        2.76118         15.0851         1.66362 
        2.76732         15.0492         1.65446 
        2.77345         14.9714         1.64538 
        2.77959          14.917         1.63636 
        2.78572         14.8498         1.62742 
        2.79186         14.8176         1.61854 
        2.79798         14.7648         1.60974 
        2.80412          14.705         1.60098 
        2.81027         14.6405         1.59229 
         2.8164         14.5923         1.58367 
        2.82253         14.5571         1.57512 
        2.82867         14.5051         1.56663 
        2.83481         14.4308          1.5582 
        2.84095         14.3903         1.54983 
        2.84708         14.3623         1.54154 
        2.85322         14.2683         1.53329 
        2.85935          14.248         1.52511 
        2.86549          14.192         1.51699 
        2.87162         14.1475         1.50893 
        2.87776         14.0966         1.50093 
        2.88389         14.0354         1.49299 
        2.89003         13.9835          1.4851 
        2.89617         13.9447         1.47727 
        2.90231         13.8993          1.4695 
        2.90844         13.8624         1.46178 
        2.91458         13.7998         1.45412 
        2.92071          13.737         1.44653 
        2.92684         13.7069         1.43898 
        2.93298         13.6621         1.43149 
         2.9391         13.6097         1.42406 
        2.94524         13.5581         1.41667 
        2.95138         13.5278         1.40934 
        2.95752         13.4557         1.40204 
        2.96367         13.4144          1.3948 
         2.9698         13.3748         1.38763 
        2.97594         13.3294          1.3805 
        2.98207         13.2998         1.37342 
        2.98821         13.2335         1.36639 
        2.99434         13.1822         1.35942 
        3.00048         13.1487         1.35249 
        3.00662         13.1034          1.3456 
        3.01275         13.0399         1.33878 
        3.01888          13.014           1.332 
        3.02503         12.9417         1.32525 
        3.03117         12.9033         1.31856 
        3.03729         12.8688         1.31193 
        3.04342         12.8166         1.30533 
        3.04957         12.7938         1.29877 
         3.0557         12.7302         1.29226 
        3.06183          12.691         1.28581 
        3.06796         12.6409          1.2794 
        3.07411         12.6119         1.27302 
        3.08025         12.5415         1.26669 
        3.08637         12.5147         1.26041 
         3.0925         12.4516         1.25417 
        3.09865          12.444         1.24796 
         3.1048         12.3864          1.2418 
        3.11093         12.3332         1.23568 
        3.11706         12.3062         1.22961 
         3.1232         12.2609         1.22358 
        3.12933         12.2274         1.21758 
        3.13547         12.1805         1.21163 
        3.14159         12.1393         1.20573 
        3.14773         12.0846         1.19986 
        3.15388         12.0551         1.19402 
        3.16001         12.0161         1.18822 
        3.16614         11.9784         1.18247 
        3.17228         11.9315         1.17676 
        3.17842         11.9141         1.17108 
        3.18455          11.864         1.16544 
        3.19068           11.81         1.15984 
        3.19682         11.7695         1.15427 
        3.20297         11.7352         1.14873 
         3.2091         11.7161         1.14324 
        3.21524         11.6535         1.13778 
        3.22138         11.6078         1.13236 
         3.2275         11.5855         1.12698 
        3.23363         11.5461         1.12164 
        3.23977         11.5066         1.11633 
        3.24591         11.4741         1.11104 
        3.25205         11.4286         1.10579 
        3.25818          11.389         1.10058 
        3.26432         11.3625          1.0954 
        3.27046          11.318         1.09026 
         3.2766         11.2796         1.08515 
        3.28273          11.245         1.08007 
        3.28887         11.2048         1.07502 
          3.295         11.1682         1.07001 
        3.30113         11.1202         1.06503 
        3.30727         11.0989         1.06008 
        3.31341         11.0648         1.05517 
        3.31954          11.022         1.05028 
        3.32568          10.984         1.04543 
        3.33182          10.951          1.0406 
        3.33795         10.9184         1.03581 
        3.34409         10.8837         1.03105 
        3.35022         10.8411         1.02631 
        3.35636         10.8116         1.02161 
         3.3625         10.7678         1.01694 
        3.36864         10.7457         1.01229 
        3.37477         10.7189         1.00768 
        3.38091         10.6771          1.0031 
        3.38704         10.6385        0.998541 
        3.39318         10.5935        0.994012 
        3.39931         10.5594        0.989512 
        3.40545         10.5231        0.985041 
        3.41158         10.4823        0.980598 
        3.41772         10.4639        0.976182 
        3.42385         10.4432        0.971797 
        3.42998          10.392        0.967437 
        3.43612         10.3574        0.963104 
        3.44226         10.3238        0.958795 
         3.4484         10.3127        0.954507 
        3.45453          10.255        0.950255 
        3.46066         10.2342         0.94603 
        3.46681         10.1839         0.94182 
        3.47295         10.1682        0.937639 
        3.47908         10.1369        0.933493 
        3.48521         10.1078         0.92937 
        3.49135         10.0583        0.925266 
        3.49749         10.0463        0.921189 
        3.50362         10.0086        0.917138 
        3.50976         9.97435        0.913112 
        3.51589         9.93245         0.90911 
        3.52203         9.89539        0.905131 
        3.52816         9.87386        0.901182 
        3.53429         9.83888        0.897252 
        3.54043         9.82301         0.89334 
        3.54657         9.78657        0.889454 
        3.55271         9.75377        0.885595 
        3.55884          9.7206        0.881761 
        3.56498         9.69403        0.877943 
        3.57112         9.65102        0.874148 
        3.57725         9.63013         0.87038 
        3.58338         9.61092        0.866638 
        3.58952         9.56633        0.862912 
        3.59566         9.53866        0.859205 
         3.6018         9.50419        0.855523 
        3.60793         9.48665        0.851866 
        3.61407         9.44869         0.84823 
        3.62021         9.42074        0.844613 
        3.62634         9.39019        0.841018 
        3.63247         9.35786        0.837446 
        3.63861         9.33828        0.833894 
        3.64475         9.29668        0.830357 
        3.65089         9.27652        0.826846 
        3.65702         9.23695        0.823358 
        3.66316         9.21495        0.819886 
        3.66929         9.18115        0.816437 
        3.67543         9.16241        0.813007 
        3.68156         9.13024        0.809597 
        3.68769          9.1067        0.806206 
        3.69383         9.07611        0.802833 
        3.69997         9.03411         0.79948 
        3.70611         9.02881        0.796148 
        3.71224         8.99494        0.792833 
        3.71838         8.96131        0.789538 
        3.72451          8.9294        0.786264 
        3.73065         8.91118        0.783009 
        3.73678         8.88986        0.779771 
        3.74292          8.8464        0.776548 
        3.74906         8.81868        0.773346 
        3.75519         8.79574        0.770163 
        3.76133         8.77412        0.766997 
        3.76746         8.75297         0.76385 
         3.7736         8.72123        0.760722 
        3.77974         8.69368        0.757608 
        3.78588         8.66684        0.754511 
        3.79201         8.63932        0.751435 
        3.79814          8.6175        0.748376 
        3.80428         8.60109        0.745333 
        3.81042         8.55319        0.742305 
        3.81655         8.53977        0.739297 
        3.82268          8.5066        0.736307 
        3.82882         8.49387        0.733333 
        3.83496         8.46933        0.730372 
        3.84109         8.43983        0.727429 
        3.84723         8.39995        0.724504 
        3.85337         8.37735         0.72159 
        3.85951         8.35678        0.718693 
        3.86565         8.33274        0.715816 
        3.87178         8.30619        0.712957 
        3.87791           8.282        0.710112 
        3.88405         8.25988         0.70728 
        3.89019          8.2415        0.704464 
        3.89632         8.20896        0.701665 
        3.90246         8.18421         0.69888 
         3.9086         8.14874        0.696109 
        3.91473         8.12991        0.693357 
        3.92086         8.10313        0.690622 
        3.92699         8.09698        0.687897 
        3.93313         8.06249        0.685186 
        3.93927         8.03813        0.682492 
         3.9454          8.0103        0.679812 
        3.95154         7.98798        0.677145 
        3.95768         7.97065        0.674493 
        3.96382         7.94131        0.671855 
        3.96995         7.92001        0.669232 
        3.97609         7.89612        0.666623 
        3.98222         7.86864        0.664031 
        3.98836         7.85809        0.661449 
         3.9945         7.82677        0.658882 
        4.00063         7.80367         0.65633 
        4.00677          7.7816        0.653788 
        4.01291         7.75715        0.651261 
        4.01904         7.73363        0.648751 
        4.02517         7.71505        0.646254 
        4.03131         7.68905        0.643766 
        4.03745         7.66236        0.641291 
        4.04358         7.64238        0.638832 
        4.04972         7.62716        0.636386 
        4.05585         7.60099        0.633952 
        4.06199         7.57525         0.63153 
        4.06812         7.55067        0.629122 
        4.07426         7.52835        0.626726 
         4.0804         7.51132        0.624341 
        4.08654          7.4784        0.621969 
        4.09267         7.46335        0.619612 
         4.0988         7.44306        0.617269 
        4.10494         7.42078        0.614935 
        4.11108         7.40358        0.612611 
        4.11721         7.37525        0.610303 
        4.12334         7.35188        0.608006 
        4.12948         7.34016        0.605721 
        4.13561         7.31649        0.603446 
        4.14176         7.29913        0.601182 
        4.14789         7.27062         0.59893 
        4.15403         7.25397        0.596692 
        4.16016         7.23202        0.594464 
         4.1663         7.20954        0.592248 
        4.17243         7.18848        0.590045 
        4.17857         7.16699        0.587851 
        4.18471         7.14369        0.585668 
        4.19084         7.12828        0.583496 
        4.19698         7.10479        0.581337 
        4.20312         7.08516        0.579187 
        4.20925         7.06597        0.577049 
        4.21538         7.04747        0.574924 
        4.22152         7.02709        0.572807 
        4.22766         7.00027          0.5707 
         4.2338         6.98667        0.568606 
        4.23993         6.96975        0.566521 
        4.24607         6.94685        0.564448 
         4.2522          6.9273        0.562384 
        4.25834         6.89213         0.56033 
        4.26447         6.88646        0.558289 
        4.27061         6.86406        0.556257 
        4.27674         6.84926        0.554235 
        4.28288         6.82965        0.552221 
        4.28902         6.80899        0.550219 
        4.29515         6.79105        0.548228 
        4.30129         6.76173        0.546246 
        4.30743         6.75084        0.544272 
        4.31356         6.73194        0.542309 
        4.31969         6.70978        0.540359 
        4.32583         6.69212        0.538417 
        4.33197          6.6703        0.536481 
         4.3381         6.65304        0.534557 
        4.34424         6.63752        0.532643 
        4.35038         6.62057        0.530736 
        4.35652         6.59388        0.528839 
        4.36265         6.58643        0.526954 
        4.36878         6.55846        0.525078 
        4.37492         6.53964        0.523209 
        4.38106         6.52163        0.521348 
        4.38719         6.50569          0.5195 
        4.39333         6.48838        0.517661 
        4.39946         6.46591        0.515829 
         4.4056         6.45523        0.514006 
        4.41173         6.43258        0.512192 
        4.41786          6.4196        0.510389 
          4.424         6.40178        0.508593 
        4.43014          6.3771        0.506803 
        4.43628         6.36671        0.505023 
        4.44241         6.35069        0.503253 
        4.44855         6.33173        0.501491 
        4.45469         6.30616        0.499736 
        4.46083         6.29258        0.497992 
        4.46696          6.2793        0.496256 
        4.47309         6.25701        0.494527 
        4.47923         6.23774        0.492806 
        4.48537         6.21821        0.491096 
         4.4915         6.20253        0.489392 
        4.49764         6.18698        0.487696 
        4.50378         6.17182        0.486007 
        4.50991         6.15478         0.48433 
        4.51604         6.13274         0.48266 
        4.52218         6.12036        0.480994 
        4.52832         6.10467        0.479339 
        4.53445         6.09149        0.477692 
        4.54059         6.07293        0.476052 
        4.54673         6.04699        0.474419 
        4.55286         6.03735        0.472794 
          4.559         6.01639        0.471177 
        4.56513         6.00073        0.469569 
        4.57127         5.99251        0.467967 
        4.57741         5.97394        0.466372 
        4.58354         5.96393        0.464786 
        4.58968         5.94811        0.463207 
        4.59582         5.92415        0.461634 
        4.60195         5.91067        0.460069 
        4.60809         5.88852        0.458513 
        4.61422         5.87283        0.456963 
        4.62036         5.85765         0.45542 
        4.62649         5.84649        0.453884 
        4.63263         5.82935        0.452356 
        4.63876         5.81503        0.450835 
         4.6449         5.80173         0.44932 
        4.65104         5.77933        0.447812 
        4.65717         5.76537        0.446313 
        4.66331         5.75532        0.444819 
        4.66944         5.73697        0.443332 
        4.67558         5.71821        0.441853 
        4.68171         5.70497         0.44038 
        4.68785         5.69294        0.438912 
        4.69399         5.67685        0.437452 
        4.70012         5.66288        0.436001 
        4.70625         5.64107        0.434555 
        4.71239         5.62879        0.433115 
        4.71853         5.61943        0.431681 
        4.72467         5.60147        0.430254 
         4.7308         5.57859        0.428834 
        4.73694         5.57216         0.42742 
        4.74308         5.55996        0.426013 
        4.74922         5.54676        0.424611 
        4.75535         5.52491        0.423217 
        4.76148         5.51147         0.42183 
        4.76762         5.50473        0.420447 
        4.77376         5.48003         0.41907 
        4.77989         5.46986        0.417702 
        4.78602         5.45696        0.416339 
        4.79216         5.44141        0.414981 
         4.7983         5.43195        0.413629 
        4.80443         5.41437        0.412286 
        4.81056         5.39894        0.410947 
         4.8167         5.38718        0.409612 
        4.82284         5.37517        0.408284 
        4.82898         5.36359        0.406963 
        4.83511          5.3447        0.405649 
        4.84125         5.33346        0.404338 
        4.84739         5.32271        0.403034 
        4.85352         5.30557        0.401737 
        4.85965         5.28912        0.400445 
        4.86579         5.27906        0.399158 
        4.87193         5.26765        0.397877 
        4.87807         5.25142        0.396601 
         4.8842          5.2384        0.395332 
        4.89034         5.22068        0.394068 
        4.89647         5.21237        0.392809 
        4.90261          5.1994        0.391557 
        4.90874         5.18483         0.39031 
        4.91488         5.17324        0.389068 
        4.92102         5.15974        0.387831 
        4.92715          5.1489          0.3866 
        4.93329         5.13976        0.385374 
        4.93942         5.11865        0.384153 
        4.94556         5.10717        0.382938 
         4.9517          5.0966        0.381728 
        4.95783         5.08165        0.380523 
        4.96397         5.07208        0.379324 
        4.97011         5.06212         0.37813 
        4.97624         5.05175        0.376941 
        4.98238         5.03388        0.375758 
        4.98851         5.02461        0.374579 
        4.99465          5.0121        0.373405 
        5.00078         4.99813        0.372237 
        5.00691          4.9902        0.371074 
        5.01305         4.97456        0.369916 
        5.01919         4.96343        0.368761 
        5.02533         4.95036        0.367612 
        5.03146         4.93984        0.366469 
         5.0376         4.92585         0.36533 
        5.04374         4.91749        0.364196 
        5.04987         4.90345        0.363066 
        5.05601         4.89315        0.361943 
        5.06215         4.87799        0.360822 
        5.06829         4.86682        0.359707 
        5.07442         4.85577        0.358597 
        5.08055           4.841        0.357493 
        5.08668         4.83393        0.356392 
        5.09282         4.82572        0.355296 
        5.09896         4.81233        0.354205 
        5.10509         4.80061        0.353119 
        5.11123         4.79142        0.352036 
        5.11736         4.77984        0.350959 
         5.1235          4.7673        0.349885 
        5.12964         4.75573        0.348817 
        5.13577         4.74673        0.347752 
        5.14191         4.73793        0.346692 
        5.14804         4.72308        0.345638 
        5.15418         4.71636        0.344587 
        5.16032         4.70213        0.343541 
        5.16645         4.69012        0.342498 
        5.17259         4.68185        0.341461 
        5.17872         4.67004        0.340428 
        5.18486          4.6613        0.339398 
          5.191         4.65088        0.338373 
        5.19713         4.63751        0.337353 
        5.20327         4.62764        0.336337 
        5.20941         4.61878        0.335324 
        5.21555         4.61066        0.334315 
        5.22168         4.59885        0.333312 
        5.22781         4.58893        0.332313 
        5.23395         4.57945        0.331318 
        5.24009         4.56854        0.330326 
        5.24622         4.56083        0.329339 
        5.25236         4.54466        0.328356 
         5.2585         4.53879        0.327376 
        5.26463         4.53024          0.3264 
        5.27077         4.51827        0.325429 
         5.2769         4.50932        0.324463 
        5.28304         4.50009          0.3235 
        5.28917          4.4928        0.322541 
         5.2953         4.48021        0.321586 
        5.30144         4.46985        0.320634 
        5.30757         4.46213        0.319687 
        5.31371         4.45705        0.318743 
        5.31985         4.44457        0.317802 
        5.32599         4.43655        0.316865 
        5.33213         4.42167        0.315933 
        5.33826         4.41871        0.315004 
         5.3444         4.40492         0.31408 
        5.35053          4.3958        0.313159 
        5.35667         4.39027        0.312241 
        5.36281         4.38183        0.311327 
        5.36894           4.372        0.310417 
        5.37507         4.36313        0.309511 
        5.38121         4.35003        0.308608 
        5.38735         4.34631        0.307709 
        5.39348         4.33617        0.306814 
        5.39961          4.3296        0.305922 
        5.40575         4.31864        0.305033 
        5.41189         4.31162        0.304148 
        5.41803         4.30416        0.303267 
        5.42416         4.29379        0.302389 
         5.4303         4.28964        0.301514 
        5.43644         4.27835        0.300644 
        5.44257         4.26773        0.299777 
        5.44871         4.26478        0.298912 
        5.45484         4.25621        0.298052 
        5.46098         4.24283        0.297194 
        5.46712         4.23617         0.29634 
        5.47325         4.22802         0.29549 
        5.47938         4.22095        0.294644 
        5.48552         4.21924          0.2938 
        5.49165         4.20384         0.29296 
        5.49779         4.19729        0.292123 
        5.50393         4.19136        0.291289 
        5.51006         4.18432        0.290458 
         5.5162         4.17463        0.289631 
        5.52234         4.16745        0.288806 
        5.52847         4.16056        0.287985 
        5.53461         4.15217        0.287168 
        5.54075         4.14426        0.286353 
        5.54688         4.13869        0.285542 
        5.55302         4.12822        0.284734 
        5.55915         4.12155        0.283929 
        5.56529         4.11695        0.283127 
        5.57143         4.10878        0.282328 
        5.57756          4.1041        0.281532 
         5.5837         4.09396         0.28074 
        5.58983         4.09015        0.279951 
        5.59597         4.08093        0.279165 
         5.6021          4.0765        0.278381 
        5.60824         4.06826        0.277601 
        5.61438         4.06282        0.276823 
        5.62051         4.05856        0.276049 
        5.62665         4.04978        0.275277 
        5.63278         4.04171        0.274509 
        5.63892         4.03408        0.273744 
        5.64505         4.03057        0.272981 
        5.65119          4.0241        0.272222 
        5.65733         4.01757        0.271465 
        5.66346          4.0116        0.270711 
         5.6696          4.0045         0.26996 
        5.67573         3.99682        0.269212 
        5.68187         3.99321        0.268467 
          5.688         3.98962        0.267725 
        5.69414         3.97908        0.266985 
        5.70028         3.97611        0.266248 
        5.70642         3.97132        0.265514 
        5.71255         3.96165        0.264782 
        5.71869         3.96065        0.264054 
        5.72482         3.95014        0.263329 
        5.73096         3.94849        0.262606 
        5.73709         3.94239        0.261886 
        5.74322         3.93806        0.261169 
        5.74936         3.93011        0.260454 
         5.7555         3.92838        0.259741 
        5.76164         3.91838        0.259032 
        5.76777         3.91537        0.258325 
        5.77391         3.91158        0.257621 
        5.78005         3.90248        0.256919 
        5.78618         3.89985        0.256221 
        5.79231         3.89267        0.255525 
        5.79845         3.88996        0.254831 
        5.80459         3.88388        0.254139 
        5.81073         3.87837        0.253451 
        5.81686         3.87454        0.252765 
          5.823         3.87024        0.252082 
        5.82914          3.8669        0.251401 
        5.83527         3.86225        0.250723 
         5.8414         3.85472        0.250047 
        5.84754         3.84926        0.249374 
        5.85368         3.84839        0.248703 
        5.85981         3.84379        0.248034 
        5.86595         3.83775        0.247369 
        5.87208         3.83227        0.246705 
        5.87822         3.83105        0.246045 
        5.88435         3.82559        0.245387 
        5.89049         3.82198         0.24473 
        5.89662         3.81784        0.244077 
        5.90276         3.81558        0.243425 
         5.9089         3.80967        0.242776 
        5.91503         3.80506         0.24213 
        5.92117         3.80281        0.241485 
        5.92731          3.8001        0.240843 
        5.93344         3.79592        0.240204 
        5.93958         3.78928        0.239567 
        5.94572         3.78656        0.238932 
        5.95186         3.78422        0.238299 
        5.95799         3.78419        0.237669 
        5.96412          3.7771        0.237041 
        5.97026         3.77446        0.236415 
         5.9764         3.77414        0.235792 
        5.98253         3.77114        0.235172 
        5.98866         3.76558        0.234553 
         5.9948         3.75937        0.233936 
        6.00094         3.76047        0.233321 
        6.00707         3.75872        0.232709 
        6.01321         3.75279        0.232099 
        6.01935         3.75076        0.231491 
        6.02548         3.74893        0.230886 
        6.03162         3.74774        0.230282 
        6.03775         3.74311        0.229681 
        6.04389         3.74126        0.229082 
        6.05003         3.73844        0.228485 
        6.05617         3.73464         0.22789 
         6.0623         3.73616        0.227297 
        6.06844         3.73204        0.226706 
        6.07457         3.73095        0.226118 
         6.0807          3.7269        0.225532 
        6.08684         3.72672        0.224948 
        6.09298         3.72545        0.224365 
        6.09912         3.72146        0.223785 
        6.10525         3.72103        0.223207 
        6.11138         3.72151        0.222631 
        6.11752         3.71671        0.222057 
        6.12366         3.71296        0.221485 
        6.12979         3.71673        0.220915 
        6.13593         3.71539        0.220347 
        6.14207         3.71133        0.219781 
         6.1482         3.71129        0.219217 
        6.15434         3.70869        0.218655 
        6.16047         3.70634        0.218096 
        6.16661         3.70941        0.217538 
        6.17274         3.70829        0.216981 
        6.17887          3.7031        0.216428 
        6.18501         3.70214        0.215875 
        6.19115         3.70521        0.215325 
        6.19729         3.70507        0.214776 
        6.20342         3.70561         0.21423 
        6.20956         3.70439        0.213686 
         6.2157         3.69953        0.213143 
        6.22183         3.70262        0.212602 
        6.22797         3.70103        0.212063 
         6.2341          3.7021        0.211526 
        6.24024         3.69944        0.210991 
        6.24638         3.70357        0.210458 
        6.25251          3.7006        0.209926 
        6.25865         3.69966        0.209397 
        6.26478           3.702        0.208869 
        6.27092         3.70179        0.208343 
        6.27705         3.70067        0.207819 
        6.28318         3.70167        0.207297 
