# k  (h/Mpc)    Pcb(k)  (Mpc/h)^3    Pcb_linear(k)  (Mpc/h)^3
     0.00783031         29883.5         30045.7 
       0.013688         33428.8         34590.5 
       0.019231         32154.7         32831.5 
      0.0249154         28622.7         28482.5 
      0.0312784         22920.2         23191.6 
      0.0375637         18582.2         18953.5 
      0.0433917         16145.5         16234.5 
      0.0492413         14295.1         14479.6 
      0.0555754         13144.7         13236.7 
      0.0619321         11697.2         12206.9 
       0.067871         10868.5         11158.1 
      0.0738098         9889.89         9954.08 
      0.0800417         8659.16          8624.2 
      0.0862327         7484.91         7409.97 
      0.0921407         6692.01         6477.71 
      0.0982031         6119.98         5794.45 
       0.104506         5526.91         5338.31 
       0.110769         5242.11         5046.78 
       0.116806         5037.03         4815.35 
       0.122832         4746.73         4554.47 
       0.129052         4376.36         4218.96 
       0.135211         4183.96         3835.45 
       0.141259         3778.23         3454.12 
       0.147318         3477.96          3114.3 
       0.153489         3250.02         2841.33 
       0.159709         3141.36         2645.56 
       0.165845         2914.45         2513.53 
       0.171974         2835.53         2414.01 
       0.178125         2759.21         2318.01 
       0.184229         2528.35         2207.47 
        0.19034         2487.85         2076.51 
       0.196428         2397.92         1933.49 
       0.202534         2254.04         1791.65 
       0.208729         2192.97         1663.28 
       0.214876         2077.97         1559.27 
       0.220989         1998.01         1479.34 
       0.227147         1935.43         1416.89 
        0.23329          1860.1         1364.02 
       0.239377          1852.9         1312.86 
       0.245482         1768.35         1257.58 
       0.251667         1704.11         1196.36 
       0.257832          1664.6         1132.62 
       0.263955         1593.16         1070.82 
       0.270079         1551.64         1014.36 
        0.27624          1491.1         965.289 
       0.282372         1478.41         924.139 
        0.28843          1433.7         889.447 
       0.294538         1379.75         857.933 
       0.300721         1357.44         827.156 
        0.30691         1312.51         795.858 
       0.313033         1272.12         764.029 
       0.319153         1261.57         731.989 
       0.325316          1240.2         700.652 
        0.33145         1207.54         671.498 
       0.337538         1172.05         645.252 
       0.343633         1146.91          621.67 
       0.349808         1128.95         600.132 
       0.355968          1102.5         580.182 
       0.362074         1075.73         561.246 
       0.368217         1066.14         542.512 
       0.374374         1047.58         523.869 
       0.380519         1015.46         505.564 
       0.386598         1008.95         487.996 
       0.392688          982.06         471.272 
        0.39888         970.866         455.365 
       0.405048           946.5         440.614 
       0.411186         944.323          426.94 
       0.417313         928.852         414.057 
       0.423458         907.905         401.665 
       0.429607         887.618         389.648 
       0.435692         876.277         378.063 
       0.441815         859.802         366.691 
       0.447964         853.094         355.643 
       0.454126         839.395         345.032 
       0.460267         831.607         334.955 
       0.466387         812.425         325.408 
        0.47254         807.421         316.292 
       0.478662         790.379          307.64 
       0.484765         781.149          299.35 
       0.490885         776.011         291.308 
       0.497035         757.964          283.48 
       0.503198         755.835         275.884 
       0.509342         741.771         268.555 
       0.515458         730.535         261.511 
       0.521598         729.039         254.705 
       0.527764         713.054         248.147 
       0.533884         700.488           241.9 
           0.54         700.551         235.894 
       0.546137         689.452         230.075 
       0.552299         681.874         224.424 
       0.558452         674.056         218.965 
       0.564573         674.519         213.706 
       0.570708          662.34         208.601 
       0.576825          652.11         203.673 
       0.582926         648.496         198.916 
       0.589034         640.289         194.309 
       0.595184         631.943         189.826 
       0.601379         622.507         185.464 
       0.607522         615.787          181.28 
       0.613639          612.88         177.245 
       0.619772          605.38         173.321 
       0.625918         601.217         169.505 
       0.632068         596.852         165.799 
       0.638161          587.11         162.234 
         0.6443         582.392          158.75 
       0.650464         575.995         155.357 
       0.656582         571.061          152.09 
       0.662703         566.196         148.919 
       0.668861         559.319         145.822 
       0.675024         556.352         142.812 
       0.681124         545.319         139.917 
       0.687237         543.293         137.097 
       0.693381         536.832          134.34 
       0.699536         536.088         131.655 
       0.705665         527.535         129.054 
       0.711789         526.271         126.527 
       0.717957         519.256          124.05 
        0.72409         513.839         121.654 
       0.730186         514.159         119.337 
       0.736317         507.178         117.068 
       0.742472         501.773          114.85 
       0.748622         502.147         112.692 
        0.75476         489.825         110.595 
       0.760888         491.281         108.554 
       0.767043         487.328         106.556 
       0.773185         482.807         104.614 
       0.779291         477.558          102.73 
       0.785407         474.818         100.891 
       0.791564         472.439         99.0848 
       0.797719         464.738         97.3242 
       0.803834         462.891         95.6177 
       0.809972         457.935         93.9462 
       0.816124         454.978         92.3113 
       0.822261         450.581         90.7199 
       0.828378         449.076          89.171 
       0.834502         444.985         87.6571 
       0.840667         438.471         86.1688 
       0.846816         437.328         84.7194 
       0.852925         437.096         83.3126 
       0.859047         428.877          81.935 
       0.865192         428.662         80.5842 
       0.871341         424.889          79.263 
       0.877463         421.598         77.9776 
       0.883569         420.188         76.7241 
       0.889708         413.651         75.4918 
       0.895864         410.574         74.2836 
       0.902008         409.346         73.1045 
       0.908149         405.619         71.9518 
       0.914301          402.48         70.8221 
       0.920448         398.524         69.7179 
       0.926574         396.452         68.6411 
       0.932687         392.668         67.5895 
       0.938823         390.345         66.5561 
       0.944975         388.606         65.5421 
       0.951105         385.979          64.553 
       0.957225         382.165         63.5859 
       0.963368         380.282         62.6355 
       0.969511         377.145         61.7045 
       0.975621         374.386         60.7975 
       0.981748         372.139         59.9065 
       0.987916         369.534         59.0277 
        0.99406         365.584         58.1698 
        1.00019         362.393         57.3308 
        1.00632          360.65          56.509 
        1.01246         357.528         55.7023 
        1.01859         356.134         54.9126 
        1.02471         354.443         54.1392 
        1.03085         351.442         53.3781 
        1.03698          347.15         52.6332 
        1.04314          345.98         51.8995 
        1.04929         345.042         51.1814 
        1.05541         342.057         50.4799 
        1.06154         337.414         49.7898 
        1.06769         335.886         49.1116 
        1.07382         333.665         48.4483 
        1.07993         333.705         47.7988 
        1.08607         329.966         47.1585 
        1.09222         328.209         46.5294 
        1.09836         326.335         45.9125 
        1.10449         323.409         45.3075 
        1.11063         321.092         44.7128 
        1.11677         318.881          44.129 
         1.1229         316.436         43.5567 
        1.12903         314.201         42.9941 
        1.13518         312.897         42.4409 
        1.14131          310.08         41.8978 
        1.14745         308.118         41.3646 
        1.15359          305.15         40.8405 
        1.15973         304.163         40.3254 
        1.16584         303.443         39.8214 
        1.17197         300.149         39.3254 
        1.17811         297.767         38.8363 
        1.18424         295.688         38.3569 
        1.19038         295.082         37.8843 
        1.19652         291.447         37.4198 
        1.20267          289.55         36.9631 
        1.20881         288.981         36.5141 
        1.21495         286.116         36.0733 
        1.22108         284.289         35.6398 
         1.2272         282.467         35.2145 
        1.23334         280.091         34.7951 
        1.23949         278.597         34.3816 
        1.24562         276.614          33.976 
        1.25174         274.468         33.5775 
        1.25789         273.207         33.1841 
        1.26402         270.955         32.7978 
        1.27014         270.165         32.4186 
        1.27628         267.484         32.0443 
        1.28244         265.631         31.6751 
        1.28858         264.219         31.3123 
        1.29471         262.335          30.956 
        1.30084         261.576         30.6055 
        1.30697         259.503         30.2599 
        1.31312         257.806         29.9192 
        1.31925         255.211         29.5848 
        1.32537         254.559         29.2559 
        1.33151         252.326         28.9308 
        1.33765         251.428         28.6108 
        1.34378         250.134         28.2963 
        1.34992         247.495         27.9863 
        1.35606         245.505         27.6803 
         1.3622         244.598         27.3794 
        1.36833         242.764         27.0837 
        1.37445          241.91         26.7925 
        1.38059         240.089         26.5048 
        1.38675         237.818         26.2205 
        1.39288         236.902         25.9416 
        1.39901         235.208         25.6669 
        1.40515         233.737         25.3955 
         1.4113         232.318         25.1281 
        1.41742         230.793         24.8656 
        1.42355         228.859         24.6064 
         1.4297         228.331           24.35 
        1.43585         226.081         24.0975 
        1.44198         224.794         23.8495 
        1.44809         224.144         23.6054 
        1.45423         221.931         23.3638 
        1.46036         221.301         23.1261 
        1.46649         219.317         22.8916 
        1.47263         218.649         22.6602 
        1.47877         216.713          22.432 
        1.48491         215.879         22.2067 
        1.49104         213.861         21.9849 
        1.49718         212.451         21.7659 
        1.50333         211.007         21.5496 
        1.50947         209.459         21.3367 
         1.5156         208.959          21.127 
        1.52172         206.587           20.92 
        1.52787         205.254         20.7155 
          1.534         204.468         20.5139 
        1.54013         203.404         20.3152 
        1.54627         201.808         20.1188 
        1.55241         201.075         19.9249 
        1.55855         199.276         19.7339 
        1.56467         198.279         19.5459 
         1.5708         197.321         19.3598 
        1.57695         196.223         19.1758 
        1.58308         194.376         18.9947 
        1.58922         193.166         18.8158 
        1.59535         192.459         18.6392 
         1.6015         191.279         18.4647 
        1.60764         189.657         18.2925 
        1.61376         188.728          18.123 
        1.61989         187.418         17.9554 
        1.62604          186.58         17.7896 
        1.63218         185.315         17.6261 
        1.63831         184.122         17.4649 
        1.64444          183.05         17.3057 
        1.65059         181.658         17.1481 
        1.65673         180.725         16.9926 
        1.66285         179.793         16.8395 
        1.66898         177.968         16.6882 
        1.67512          177.41         16.5385 
        1.68127          176.47         16.3905 
         1.6874         175.089         16.2446 
        1.69353         174.318         16.1006 
        1.69967         172.866          15.958 
        1.70581         171.674         15.8172 
        1.71193         170.673         15.6786 
        1.71806         169.819         15.5414 
        1.72421         168.796         15.4055 
        1.73035         168.065         15.2715 
        1.73649         166.421          15.139 
        1.74262         165.871         15.0082 
        1.74876         164.816         14.8789 
        1.75489         163.437         14.7513 
        1.76101         162.712         14.6253 
        1.76715          161.93         14.5006 
        1.77329         160.786         14.3772 
        1.77943         159.819         14.2552 
        1.78557         158.946         14.1347 
        1.79171          157.67         14.0157 
        1.79785         156.593         13.8979 
        1.80399          156.01         13.7816 
        1.81012          155.13         13.6667 
        1.81625         153.965         13.5532 
        1.82239         153.215         13.4408 
        1.82853         152.153         13.3298 
        1.83466         151.287         13.2201 
        1.84078         150.699         13.1117 
        1.84692         149.828         13.0044 
        1.85306         148.524         12.8982 
         1.8592         147.434         12.7933 
        1.86533         146.713         12.6896 
        1.87147         146.125          12.587 
        1.87761         145.417         12.4854 
        1.88375         144.058         12.3851 
        1.88988         142.899          12.286 
        1.89601         142.431         12.1879 
        1.90215         141.628         12.0908 
        1.90829         141.094         11.9948 
        1.91442         139.999         11.8999 
        1.92056         139.042         11.8061 
         1.9267         138.299         11.7131 
        1.93284         137.531         11.6212 
        1.93897         136.674         11.5303 
        1.94509         135.891         11.4407 
        1.95123         135.063         11.3517 
        1.95737         134.165         11.2637 
        1.96349         133.314         11.1768 
        1.96964         132.765         11.0906 
        1.97578         132.038         11.0052 
        1.98192         130.952         10.9209 
        1.98805         130.244         10.8375 
        1.99419         129.466          10.755 
        2.00033         128.926         10.6732 
        2.00647         128.361         10.5924 
         2.0126         127.344         10.5125 
        2.01874          126.77         10.4333 
        2.02488         125.909         10.3548 
        2.03101         125.315         10.2773 
        2.03714         124.538         10.2007 
        2.04328         123.592         10.1248 
        2.04941          122.97         10.0497 
        2.05554         122.385         9.97539 
        2.06167         121.581         9.90175 
        2.06781         120.855         9.82884 
        2.07396         119.975         9.75656 
        2.08009         119.425         9.68513 
        2.08622         118.919          9.6145 
        2.09237         118.253         9.54443 
        2.09851         117.366         9.47505 
        2.10464         116.746         9.40647 
        2.11077         116.322         9.33865 
        2.11691         115.254         9.27135 
        2.12305         114.844          9.2047 
        2.12918         114.231         9.13887 
        2.13531         113.336         9.07368 
        2.14145         112.832         9.00897 
         2.1476         112.177         8.94482 
        2.15372         111.163         8.88161 
        2.15985         110.789         8.81895 
        2.16599         110.107         8.75671 
        2.17213          109.76         8.69514 
        2.17827         109.077         8.63417 
         2.1844         108.334         8.57384 
        2.19054         107.843         8.51406 
        2.19666         107.237         8.45494 
         2.2028         106.408         8.39632 
        2.20893         105.923         8.33823 
        2.21508         105.317         8.28063 
        2.22122         104.738         8.22355 
        2.22736         104.288         8.16712 
        2.23349         103.461         8.11124 
        2.23962         102.975         8.05585 
        2.24577         102.608         8.00092 
         2.2519         101.766         7.94659 
        2.25802         101.126         7.89284 
        2.26417         100.732         7.83944 
        2.27031          100.03         7.78649 
        2.27644         99.4903         7.73418 
        2.28257         99.0962         7.68235 
        2.28872         98.4251         7.63089 
        2.29486         97.9935         7.57992 
        2.30099         97.4676         7.52951 
        2.30712         96.8442         7.47954 
        2.31326         96.1167         7.42994 
         2.3194         95.7633         7.38082 
        2.32553          95.087         7.33222 
        2.33166         94.5276         7.28408 
         2.3378         94.1289          7.2363 
        2.34394         93.6984         7.18894 
        2.35007         93.2889         7.14206 
        2.35619         92.7685         7.09566 
        2.36233         92.0318         7.04956 
        2.36848         91.7597         7.00378 
        2.37462         91.1189         6.95849 
        2.38075         90.5281         6.91365 
        2.38689         90.1386         6.86917 
        2.39303         89.6549         6.82509 
        2.39916         89.1734         6.78143 
        2.40529         88.6164         6.73817 
        2.41143         88.1856         6.69524 
        2.41757         87.6579         6.65268 
         2.4237          87.257         6.61055 
        2.42983         86.7568          6.5688 
        2.43598         86.3317          6.5273 
        2.44211         85.8056         6.48622 
        2.44823         85.4018         6.44559 
        2.45437         84.8703         6.40519 
        2.46052         84.4745         6.36511 
        2.46665         84.1813         6.32544 
        2.47279         83.6141         6.28611 
        2.47892         83.0096          6.2471 
        2.48507         82.6331         6.20838 
         2.4912         82.1435         6.17006 
        2.49733         81.7144         6.13209 
        2.50347         81.3182         6.09436 
        2.50961         80.9057         6.05695 
        2.51575         80.4448         6.01987 
        2.52188         80.0747         5.98315 
        2.52802         79.5507         5.94669 
        2.53416         79.2051         5.91053 
        2.54029         78.7185         5.87473 
        2.54641          78.353         5.83923 
        2.55255         77.9372           5.804 
        2.55869          77.508         5.76899 
        2.56483         77.0996         5.73432 
        2.57096         76.7359         5.69998 
        2.57709           76.38         5.66591 
        2.58323          75.955         5.63208 
        2.58937         75.4814         5.59851 
        2.59551         74.9328         5.56525 
        2.60164         74.7396         5.53227 
        2.60778         74.4447         5.49953 
        2.61392         73.8212         5.46706 
        2.62006         73.5283         5.43486 
        2.62619         73.1888         5.40296 
        2.63232          72.759          5.3713 
        2.63846         72.2957         5.33986 
        2.64459         71.9292         5.30872 
        2.65072         71.5837         5.27782 
        2.65686          71.312         5.24716 
          2.663         70.8219         5.21669 
        2.66915         70.5266         5.18647 
        2.67527          70.087         5.15656 
        2.68141         69.7415         5.12687 
        2.68755          69.457         5.09738 
        2.69368         69.1206         5.06815 
        2.69981         68.5865         5.03919 
        2.70595         68.3779         5.01038 
        2.71209         67.9302         4.98179 
        2.71823         67.6666         4.95347 
        2.72436         67.2487         4.92537 
         2.7305         66.9628         4.89748 
        2.73663         66.6392          4.8698 
        2.74276         66.2307         4.84237 
         2.7489         65.9456         4.81513 
        2.75504         65.6297         4.78807 
        2.76118         65.3453          4.7612 
        2.76732         64.9607         4.73458 
        2.77345         64.5923         4.70817 
        2.77959         64.2274         4.68196 
        2.78572         63.9148         4.65595 
        2.79186         63.5272         4.63015 
        2.79798         63.3932         4.60457 
        2.80412         63.0076         4.57913 
        2.81027         62.6041         4.55386 
         2.8164         62.2781         4.52883 
        2.82253         62.0393         4.50399 
        2.82867         61.6833         4.47932 
        2.83481         61.4193         4.45483 
        2.84095         61.0983         4.43053 
        2.84708          60.713         4.40643 
        2.85322          60.414         4.38249 
        2.85935         60.1069         4.35873 
        2.86549         59.8368         4.33515 
        2.87162         59.4991         4.31176 
        2.87776         59.3184         4.28854 
        2.88389         58.9267         4.26547 
        2.89003         58.6288         4.24258 
        2.89617         58.4257         4.21986 
        2.90231         58.0865          4.1973 
        2.90844         57.7866          4.1749 
        2.91458         57.4534         4.15268 
        2.92071         57.2363         4.13064 
        2.92684         56.8369         4.10874 
        2.93298         56.6099         4.08701 
         2.9391         56.4039         4.06546 
        2.94524         56.0004         4.04404 
        2.95138         55.8226         4.02276 
        2.95752          55.475         4.00161 
        2.96367         55.2218         3.98062 
         2.9698         54.9705         3.95981 
        2.97594         54.6877         3.93914 
        2.98207         54.5038         3.91861 
        2.98821          54.187         3.89825 
        2.99434         53.9442         3.87803 
        3.00048         53.6551         3.85794 
        3.00662         53.3703         3.83799 
        3.01275         53.0774         3.81821 
        3.01888         52.8646         3.79857 
        3.02503         52.6292         3.77903 
        3.03117         52.3778         3.75963 
        3.03729         52.1843         3.74042 
        3.04342         51.9363         3.72133 
        3.04957         51.5686         3.70232 
         3.0557         51.3785         3.68348 
        3.06183         51.1839          3.6648 
        3.06796         50.8014         3.64623 
        3.07411         50.6062         3.62775 
        3.08025         50.3914         3.60943 
        3.08637         50.1275         3.59126 
         3.0925         49.9297          3.5732 
        3.09865         49.7034         3.55522 
         3.1048         49.4655         3.53738 
        3.11093         49.2741         3.51969 
        3.11706         48.9578         3.50212 
         3.1232         48.6726         3.48466 
        3.12933         48.4901         3.46732 
        3.13547         48.2433          3.4501 
        3.14159         48.0245         3.43303 
        3.14773         47.7795         3.41603 
        3.15388         47.5719         3.39914 
        3.16001         47.4159         3.38239 
        3.16614         47.1307         3.36576 
        3.17228         46.8436         3.34922 
        3.17842         46.7169          3.3328 
        3.18455         46.3759          3.3165 
        3.19068         46.2264         3.30031 
        3.19682         46.0114         3.28421 
        3.20297          45.732         3.26821 
         3.2091          45.548         3.25233 
        3.21524         45.3794         3.23656 
        3.22138         45.1232         3.22089 
         3.2275         44.9061         3.20535 
        3.23363         44.7276         3.18991 
        3.23977         44.5035         3.17455 
        3.24591         44.3761          3.1593 
        3.25205         44.0243         3.14413 
        3.25818         43.8766         3.12907 
        3.26432         43.6974         3.11412 
        3.27046         43.4595         3.09926 
         3.2766          43.248         3.08449 
        3.28273         43.0671         3.06983 
        3.28887         42.9162         3.05526 
          3.295         42.7159         3.04079 
        3.30113         42.4407         3.02642 
        3.30727         42.2677         3.01213 
        3.31341         42.0996         2.99794 
        3.31954         41.9452         2.98385 
        3.32568         41.7329         2.96983 
        3.33182         41.5538          2.9559 
        3.33795         41.3059         2.94208 
        3.34409         41.0904         2.92833 
        3.35022         40.9252         2.91467 
        3.35636         40.7675         2.90111 
         3.3625         40.5704         2.88762 
        3.36864         40.3492         2.87423 
        3.37477         40.1588         2.86091 
        3.38091         40.0094         2.84769 
        3.38704         39.8096         2.83456 
        3.39318         39.6539          2.8215 
        3.39931         39.4733         2.80852 
        3.40545         39.2785         2.79563 
        3.41158         39.0724         2.78282 
        3.41772         38.9373         2.77009 
        3.42385          38.732         2.75745 
        3.42998         38.5791         2.74488 
        3.43612         38.4242         2.73239 
        3.44226         38.1687         2.71997 
         3.4484         38.0532         2.70761 
        3.45453         37.8758         2.69536 
        3.46066          37.681         2.68318 
        3.46681         37.5445         2.67105 
        3.47295         37.3512         2.65901 
        3.47908         37.2079         2.64706 
        3.48521         37.0444         2.63519 
        3.49135         36.8798         2.62336 
        3.49749         36.6715         2.61162 
        3.50362          36.547         2.59995 
        3.50976         36.4246         2.58836 
        3.51589         36.2085         2.57683 
        3.52203         36.0811         2.56538 
        3.52816         35.8733         2.55401 
        3.53429         35.7025         2.54269 
        3.54043         35.5711         2.53143 
        3.54657         35.4556         2.52024 
        3.55271         35.2726         2.50914 
        3.55884         35.1505          2.4981 
        3.56498         34.9331         2.48711 
        3.57112           34.79         2.47619 
        3.57725         34.6616         2.46535 
        3.58338         34.5115         2.45458 
        3.58952         34.3235         2.44386 
        3.59566         34.1952         2.43319 
         3.6018         34.0635          2.4226 
        3.60793         33.8986         2.41208 
        3.61407         33.7251         2.40162 
        3.62021         33.5803         2.39122 
        3.62634           33.41         2.38088 
        3.63247         33.3305         2.37061 
        3.63861          33.136         2.36039 
        3.64475         33.0088         2.35022 
        3.65089         32.8606         2.34013 
        3.65702         32.7135          2.3301 
        3.66316         32.5932         2.32011 
        3.66929         32.4503          2.3102 
        3.67543          32.299         2.30034 
        3.68156         32.1805         2.29054 
        3.68769         32.0219         2.28079 
        3.69383         31.8329          2.2711 
        3.69997         31.7484         2.26146 
        3.70611         31.6155         2.25189 
        3.71224         31.4474         2.24236 
        3.71838         31.3161         2.23289 
        3.72451         31.1764         2.22349 
        3.73065         31.0656         2.21414 
        3.73678         30.9246         2.20484 
        3.74292         30.7482         2.19558 
        3.74906          30.675         2.18638 
        3.75519         30.4902         2.17724 
        3.76133          30.397         2.16815 
        3.76746         30.2735         2.15911 
         3.7736         30.1449         2.15013 
        3.77974         29.9958         2.14119 
        3.78588         29.8838          2.1323 
        3.79201         29.7747         2.12347 
        3.79814          29.618         2.11469 
        3.80428         29.5252         2.10595 
        3.81042         29.3823         2.09726 
        3.81655         29.2872         2.08862 
        3.82268          29.134         2.08004 
        3.82882         28.9993         2.07151 
        3.83496         28.8909         2.06301 
        3.84109         28.7696         2.05457 
        3.84723          28.663         2.04617 
        3.85337         28.5478         2.03782 
        3.85951         28.3757         2.02951 
        3.86565          28.283         2.02125 
        3.87178         28.1724         2.01305 
        3.87791         28.0489         2.00489 
        3.88405         27.9482         1.99677 
        3.89019         27.8188         1.98869 
        3.89632         27.7283         1.98066 
        3.90246         27.5813         1.97268 
         3.9086         27.4662         1.96473 
        3.91473         27.3796         1.95684 
        3.92086          27.264           1.949 
        3.92699         27.1543         1.94119 
        3.93313          27.004         1.93342 
        3.93927         26.8939         1.92569 
         3.9454         26.7595         1.91801 
        3.95154         26.6751         1.91037 
        3.95768         26.5959         1.90277 
        3.96382         26.4721         1.89521 
        3.96995         26.3464         1.88769 
        3.97609         26.2326         1.88022 
        3.98222          26.128         1.87279 
        3.98836         26.0431         1.86539 
         3.9945         25.9478         1.85804 
        4.00063         25.8228         1.85073 
        4.00677         25.6911         1.84345 
        4.01291         25.6049          1.8362 
        4.01904         25.5325         1.82902 
        4.02517         25.4171         1.82187 
        4.03131         25.2891         1.81474 
        4.03745         25.1944         1.80765 
        4.04358         25.0887         1.80061 
        4.04972          25.018         1.79361 
        4.05585         24.8979         1.78664 
        4.06199         24.7646         1.77971 
        4.06812         24.6825         1.77281 
        4.07426         24.5735         1.76596 
         4.0804         24.4744         1.75913 
        4.08654         24.3869         1.75234 
        4.09267         24.2921         1.74559 
         4.0988          24.203         1.73889 
        4.10494         24.0888         1.73221 
        4.11108         24.0032         1.72556 
        4.11721         23.8912         1.71895 
        4.12334         23.8117         1.71238 
        4.12948         23.7005         1.70585 
        4.13561         23.6134         1.69934 
        4.14176         23.5286         1.69286 
        4.14789         23.4412         1.68642 
        4.15403         23.3121         1.68002 
        4.16016         23.2552         1.67365 
         4.1663         23.1564         1.66731 
        4.17243          23.068         1.66101 
        4.17857         22.9383         1.65473 
        4.18471         22.8599         1.64849 
        4.19084         22.8023         1.64228 
        4.19698          22.712         1.63611 
        4.20312         22.6031         1.62996 
        4.20925          22.515         1.62385 
        4.21538         22.4134         1.61777 
        4.22152         22.3236         1.61172 
        4.22766         22.2859          1.6057 
         4.2338         22.1367         1.59972 
        4.23993         22.0996         1.59376 
        4.24607         21.9818         1.58783 
         4.2522         21.8987         1.58193 
        4.25834         21.8211         1.57607 
        4.26447         21.7293         1.57023 
        4.27061         21.6236         1.56443 
        4.27674         21.5728         1.55865 
        4.28288         21.4831          1.5529 
        4.28902         21.4082         1.54718 
        4.29515         21.3215         1.54149 
        4.30129         21.2593         1.53583 
        4.30743           21.18         1.53019 
        4.31356         21.0798         1.52459 
        4.31969         20.9904         1.51902 
        4.32583         20.9284         1.51347 
        4.33197         20.8306         1.50794 
         4.3381         20.7277         1.50245 
        4.34424         20.6528         1.49699 
        4.35038          20.578         1.49154 
        4.35652         20.5065         1.48613 
        4.36265         20.4241         1.48075 
        4.36878         20.3367         1.47539 
        4.37492         20.2733         1.47005 
        4.38106         20.1874         1.46475 
        4.38719         20.1248         1.45947 
        4.39333         20.0545         1.45422 
        4.39946          19.985           1.449 
         4.4056         19.8966         1.44379 
        4.41173         19.8296         1.43862 
        4.41786         19.7277         1.43347 
          4.424         19.6728         1.42835 
        4.43014         19.5921         1.42324 
        4.43628         19.5326         1.41816 
        4.44241          19.453         1.41312 
        4.44855         19.3846         1.40809 
        4.45469         19.3001         1.40308 
        4.46083          19.226         1.39811 
        4.46696         19.1415         1.39316 
        4.47309          19.094         1.38823 
        4.47923         19.0259         1.38332 
        4.48537         18.9658         1.37844 
         4.4915         18.8759         1.37359 
        4.49764         18.7836         1.36875 
        4.50378         18.7193         1.36394 
        4.50991         18.6388         1.35915 
        4.51604         18.5939         1.35439 
        4.52218         18.5193         1.34965 
        4.52832         18.4428         1.34493 
        4.53445         18.3965         1.34023 
        4.54059         18.3188         1.33556 
        4.54673         18.2473         1.33091 
        4.55286         18.1898         1.32627 
          4.559         18.1131         1.32167 
        4.56513         18.0466         1.31708 
        4.57127         17.9741         1.31252 
        4.57741         17.9188         1.30798 
        4.58354         17.8519         1.30346 
        4.58968         17.7804         1.29896 
        4.59582         17.7071         1.29448 
        4.60195         17.6644         1.29002 
        4.60809         17.5858         1.28559 
        4.61422         17.5196         1.28117 
        4.62036         17.4572         1.27678 
        4.62649         17.4048         1.27241 
        4.63263         17.3289         1.26805 
        4.63876         17.2682         1.26372 
         4.6449         17.2031         1.25941 
        4.65104         17.1623         1.25512 
        4.65717         17.0869         1.25085 
        4.66331         17.0215         1.24659 
        4.66944         16.9636         1.24236 
        4.67558         16.8956         1.23815 
        4.68171         16.8471         1.23396 
        4.68785         16.7964         1.22978 
        4.69399         16.7266         1.22563 
        4.70012         16.6718          1.2215 
        4.70625         16.6025         1.21738 
        4.71239         16.5563         1.21328 
        4.71853         16.4748          1.2092 
        4.72467         16.4419         1.20514 
         4.7308         16.3749          1.2011 
        4.73694         16.2986         1.19708 
        4.74308         16.2432         1.19308 
        4.74922         16.1931         1.18909 
        4.75535         16.1415         1.18512 
        4.76148         16.0847         1.18118 
        4.76762         16.0316         1.17724 
        4.77376          15.964         1.17333 
        4.77989         15.9224         1.16944 
        4.78602         15.8643         1.16556 
        4.79216          15.809          1.1617 
         4.7983         15.7568         1.15786 
        4.80443         15.6889         1.15403 
        4.81056         15.6418         1.15023 
         4.8167         15.5884         1.14643 
        4.82284         15.5378         1.14266 
        4.82898         15.4867          1.1389 
        4.83511         15.4251         1.13517 
        4.84125         15.3681         1.13144 
        4.84739         15.3312         1.12773 
        4.85352         15.2724         1.12405 
        4.85965         15.2168         1.12037 
        4.86579         15.1605         1.11672 
        4.87193         15.1193         1.11308 
        4.87807         15.0675         1.10945 
         4.8842         15.0156         1.10584 
        4.89034         14.9731         1.10225 
        4.89647          14.903         1.09868 
        4.90261         14.8507         1.09512 
        4.90874         14.8066         1.09158 
        4.91488         14.7663         1.08805 
        4.92102         14.7104         1.08453 
        4.92715         14.6523         1.08104 
        4.93329         14.6114         1.07756 
        4.93942         14.5645         1.07409 
        4.94556         14.5062         1.07064 
         4.9517         14.4712          1.0672 
        4.95783         14.4167         1.06378 
        4.96397         14.3727         1.06037 
        4.97011         14.3274         1.05698 
        4.97624         14.2839         1.05361 
        4.98238         14.2158         1.05025 
        4.98851         14.1763          1.0469 
        4.99465         14.1342         1.04357 
        5.00078         14.0831         1.04025 
        5.00691         14.0371         1.03695 
        5.01305         14.0075         1.03366 
        5.01919         13.9511         1.03038 
        5.02533          13.911         1.02712 
        5.03146         13.8614         1.02388 
         5.0376         13.8129         1.02065 
        5.04374         13.7737         1.01743 
        5.04987         13.7326         1.01422 
        5.05601         13.6923         1.01103 
        5.06215         13.6373         1.00786 
        5.06829         13.5983         1.00469 
        5.07442          13.552         1.00154 
        5.08055         13.5001        0.998411 
        5.08668         13.4709        0.995288 
        5.09282         13.4157        0.992177 
        5.09896         13.3882        0.989083 
        5.10509         13.3375        0.986002 
        5.11123         13.3048        0.982932 
        5.11736         13.2589        0.979876 
         5.1235         13.2191        0.976831 
        5.12964         13.1671        0.973801 
        5.13577         13.1274        0.970782 
        5.14191          13.084        0.967777 
        5.14804          13.051        0.964788 
        5.15418         13.0025        0.961809 
        5.16032         12.9612        0.958841 
        5.16645         12.9347        0.955886 
        5.17259          12.894        0.952945 
        5.17872           12.84        0.950016 
        5.18486         12.8047        0.947097 
          5.191         12.7665        0.944191 
        5.19713         12.7215        0.941301 
        5.20327         12.6908        0.938421 
        5.20941         12.6486         0.93555 
        5.21555         12.6103        0.932691 
        5.22168         12.5682        0.929848 
        5.22781         12.5386        0.927017 
        5.23395         12.4947        0.924197 
        5.24009         12.4615        0.921386 
        5.24622         12.4222        0.918589 
        5.25236         12.3938        0.915805 
         5.2585         12.3548        0.913029 
        5.26463         12.3126        0.910266 
        5.27077          12.274        0.907515 
         5.2769          12.243        0.904776 
        5.28304         12.2087        0.902048 
        5.28917         12.1725        0.899332 
         5.2953         12.1431        0.896628 
        5.30144         12.0965        0.893933 
        5.30757         12.0538        0.891249 
        5.31371         12.0283        0.888575 
        5.31985         11.9872        0.885913 
        5.32599         11.9556         0.88326 
        5.33213         11.9238        0.880619 
        5.33826         11.8855        0.877991 
         5.3444         11.8446        0.875373 
        5.35053         11.8225        0.872765 
        5.35667          11.797        0.870168 
        5.36281         11.7581         0.86758 
        5.36894         11.7247        0.865004 
        5.37507         11.6963         0.86244 
        5.38121         11.6569        0.859884 
        5.38735         11.6253        0.857339 
        5.39348         11.5909        0.854806 
        5.39961          11.566        0.852284 
        5.40575         11.5242        0.849768 
        5.41189         11.4949        0.847263 
        5.41803         11.4557        0.844769 
        5.42416         11.4295        0.842286 
         5.4303         11.3932        0.839812 
        5.43644         11.3659        0.837348 
        5.44257         11.3325        0.834895 
        5.44871         11.3011         0.83245 
        5.45484         11.2802        0.830016 
        5.46098         11.2416        0.827591 
        5.46712         11.2165        0.825175 
        5.47325         11.1889         0.82277 
        5.47938         11.1473        0.820377 
        5.48552         11.1242        0.817992 
        5.49165         11.0935        0.815615 
        5.49779          11.071        0.813248 
        5.50393         11.0314        0.810889 
        5.51006         11.0067         0.80854 
         5.5162         10.9784        0.806201 
        5.52234         10.9463        0.803871 
        5.52847         10.9244         0.80155 
        5.53461         10.8962        0.799238 
        5.54075         10.8703        0.796936 
        5.54688         10.8407        0.794643 
        5.55302         10.8191        0.792358 
        5.55915          10.788        0.790083 
        5.56529          10.751        0.787817 
        5.57143         10.7341        0.785559 
        5.57756            10.7        0.783309 
         5.5837         10.6756         0.78107 
        5.58983         10.6462         0.77884 
        5.59597           10.63        0.776618 
         5.6021         10.5931        0.774404 
        5.60824         10.5639        0.772198 
        5.61438         10.5418        0.770002 
        5.62051         10.5261        0.767814 
        5.62665         10.4911        0.765634 
        5.63278         10.4808        0.763464 
        5.63892         10.4539        0.761301 
        5.64505         10.4265        0.759148 
        5.65119         10.3954        0.757002 
        5.65733         10.3693        0.754864 
        5.66346         10.3456        0.752735 
         5.6696         10.3244        0.750614 
        5.67573         10.3094        0.748501 
        5.68187         10.2741        0.746397 
          5.688          10.244        0.744301 
        5.69414          10.229        0.742212 
        5.70028         10.2042        0.740131 
        5.70642         10.1844        0.738057 
        5.71255           10.16        0.735993 
        5.71869         10.1431        0.733937 
        5.72482         10.1196        0.731888 
        5.73096         10.0928        0.729847 
        5.73709         10.0619        0.727815 
        5.74322         10.0546        0.725791 
        5.74936         10.0239        0.723772 
         5.7555         10.0003        0.721761 
        5.76164         9.97752        0.719758 
        5.76777          9.9575        0.717765 
        5.77391         9.93681        0.715777 
        5.78005         9.90727        0.713796 
        5.78618         9.90348        0.711824 
        5.79231         9.88235        0.709862 
        5.79845         9.85842        0.707903 
        5.80459         9.84251        0.705951 
        5.81073          9.8211        0.704009 
        5.81686         9.79878        0.702075 
          5.823         9.77617        0.700146 
        5.82914         9.76512        0.698225 
        5.83527         9.73731        0.696313 
         5.8414         9.72498        0.694407 
        5.84754         9.70336        0.692507 
        5.85368         9.68722        0.690614 
        5.85981         9.67558        0.688729 
        5.86595         9.64433        0.686851 
        5.87208         9.63461        0.684981 
        5.87822         9.60317        0.683117 
        5.88435         9.59722        0.681261 
        5.89049         9.58254         0.67941 
        5.89662           9.564        0.677567 
        5.90276         9.54095        0.675729 
         5.9089         9.52785        0.673899 
        5.91503         9.51538        0.672077 
        5.92117         9.48906        0.670261 
        5.92731         9.47292         0.66845 
        5.93344         9.45974        0.666647 
        5.93958         9.44948        0.664852 
        5.94572         9.42763        0.663062 
        5.95186         9.41087        0.661277 
        5.95799         9.39903        0.659502 
        5.96412         9.37855        0.657733 
        5.97026         9.37165        0.655968 
         5.9764         9.34981        0.654212 
        5.98253         9.33574        0.652463 
        5.98866         9.32068        0.650719 
         5.9948         9.30867         0.64898 
        6.00094         9.29949        0.647249 
        6.00707         9.27711        0.645524 
        6.01321         9.26248        0.643805 
        6.01935         9.24566        0.642092 
        6.02548         9.24369        0.640386 
        6.03162         9.22858        0.638686 
        6.03775         9.22015        0.636993 
        6.04389          9.1976        0.635305 
        6.05003         9.18896        0.633622 
        6.05617         9.17989        0.631946 
         6.0623         9.16406        0.630276 
        6.06844         9.14819        0.628613 
        6.07457         9.14736        0.626956 
         6.0807         9.12447        0.625305 
        6.08684         9.12355        0.623661 
        6.09298         9.10278         0.62202 
        6.09912         9.09706        0.620386 
        6.10525         9.08391        0.618758 
        6.11138         9.07666        0.617137 
        6.11752         9.06721         0.61552 
        6.12366         9.06031        0.613909 
        6.12979          9.0394        0.612306 
        6.13593         9.03429        0.610707 
        6.14207          9.0216        0.609113 
         6.1482         9.01948        0.607525 
        6.15434          9.0023        0.605944 
        6.16047         8.99333        0.604369 
        6.16661         8.98931        0.602798 
        6.17274          8.9783        0.601233 
        6.17887         8.96713        0.599674 
        6.18501         8.95914         0.59812 
        6.19115         8.95559        0.596572 
        6.19729         8.94646        0.595028 
        6.20342          8.9466         0.59349 
        6.20956         8.92435        0.591959 
         6.2157          8.9198        0.590431 
        6.22183         8.91961         0.58891 
        6.22797         8.90618        0.587395 
         6.2341         8.90253        0.585885 
        6.24024         8.90092        0.584379 
        6.24638         8.89333        0.582878 
        6.25251         8.88383        0.581384 
        6.25865         8.88123        0.579895 
        6.26478          8.8766         0.57841 
        6.27092         8.87088        0.576932 
        6.27705         8.86595        0.575459 
        6.28318          8.8598        0.573991 
