# k  (h/Mpc)    Pcb(k)  (Mpc/h)^3    Pcb_linear(k)  (Mpc/h)^3
     0.00783031         15168.2         15386.3 
       0.013688         19258.1         19080.3 
       0.019231         19609.3         19588.2 
      0.0249154         18058.1         18471.6 
      0.0312784         16147.1           16372 
      0.0375637         14141.9         14193.8 
      0.0433917         12177.2         12454.1 
      0.0492413         10969.6         11094.6 
      0.0555754         9666.18           10022 
      0.0619321         9210.08         9234.59 
       0.067871         8338.78         8625.27 
      0.0738098         7763.35         8034.44 
      0.0800417         7032.51         7375.89 
      0.0862327         6454.68         6680.43 
      0.0921407         5923.81         6015.49 
      0.0982031         5285.33         5383.07 
       0.104506         4911.44          4823.8 
       0.110769         4485.36         4387.64 
       0.116806         4172.87         4073.86 
       0.122832         3949.93         3840.61 
       0.129052         3668.76         3648.99 
       0.135211         3501.86         3474.18 
       0.141259         3376.22         3293.08 
       0.147318         3204.04         3092.52 
       0.153489         2951.08         2872.58 
       0.159709         2791.96         2648.86 
       0.165845         2673.63         2442.55 
       0.171974         2507.43          2263.5 
       0.178125         2373.07         2116.77 
       0.184229         2259.89         2002.37 
        0.19034          2136.5         1912.01 
       0.196428         2097.44         1836.32 
       0.202534          2022.3          1765.1 
       0.208729         1938.52         1690.26 
       0.214876         1864.03         1610.13 
       0.220989         1803.37         1525.41 
       0.227147         1725.76         1438.75 
        0.23329         1655.83         1355.82 
       0.239377         1627.93         1281.22 
       0.245482         1525.42         1216.27 
       0.251667         1515.97         1160.77 
       0.257832         1455.88         1114.14 
       0.263955         1409.01         1073.64 
       0.270079          1362.3         1035.99 
        0.27624         1348.17         998.555 
       0.282372         1292.16         960.354 
        0.28843         1285.39         921.549 
       0.294538         1222.34         882.076 
       0.300721         1215.31         843.104 
        0.30691         1167.55         806.358 
       0.313033         1144.46         773.182 
       0.319153         1125.55         743.464 
       0.325316         1088.33         716.774 
        0.33145         1064.74         692.726 
       0.337538         1046.43         670.512 
       0.343633         1023.03         649.108 
       0.349808         989.527         627.758 
       0.355968         982.862         606.511 
       0.362074         973.097         585.625 
       0.368217         942.695         565.039 
       0.374374         907.805         545.205 
       0.380519         908.953         526.525 
       0.386598         883.979         509.275 
       0.392688         881.043         493.265 
        0.39888         855.285          478.11 
       0.405048         844.773         463.918 
       0.411186           832.7          450.45 
       0.417313         815.219         437.425 
       0.423458         801.758         424.669 
       0.429607         790.923         412.178 
       0.435692         774.815         400.108 
       0.441815         768.525         388.338 
       0.447964         752.445         376.994 
       0.454126         745.081         366.148 
       0.460267           727.5         355.888 
       0.466387         718.929         346.195 
        0.47254         713.368         336.914 
       0.478662         706.876          328.07 
       0.484765         686.516         319.578 
       0.490885         682.433          311.33 
       0.497035         667.949         303.269 
       0.503198         663.743         295.416 
       0.509342          656.82         287.824 
       0.515458         652.898         280.513 
       0.521598         636.977         273.432 
       0.527764         625.154         266.591 
       0.533884         623.716         260.074 
           0.54         616.965         253.816 
       0.546137         612.229         247.765 
       0.552299         603.314         241.898 
       0.558452         599.079         236.231 
       0.564573         591.159         230.765 
       0.570708         584.641         225.445 
       0.576825         568.788         220.292 
       0.582926         571.189         215.303 
       0.589034         565.642         210.462 
       0.595184         560.477         205.743 
       0.601379         552.603         201.147 
       0.607522          544.85         196.736 
       0.613639          544.89         192.482 
       0.619772         532.755          188.35 
       0.625918         529.959         184.336 
       0.632068         522.893         180.437 
       0.638161         521.058         176.685 
         0.6443         511.621         173.008 
       0.650464         509.584         169.418 
       0.656582         505.935         165.953 
       0.662703         503.658         162.584 
       0.668861         495.015         159.292 
       0.675024         491.159         156.092 
       0.681124         487.762         153.014 
       0.687237         483.634         150.016 
       0.693381         477.243         147.085 
       0.699536         469.991         144.227 
       0.705665         469.453         141.458 
       0.711789          466.53         138.764 
       0.717957          462.34         136.122 
        0.72409         459.586         133.564 
       0.730186         453.265         131.087 
       0.736317         450.092         128.659 
       0.742472         447.897         126.285 
       0.748622         442.877         123.973 
        0.75476         436.797         121.724 
       0.760888         432.641         119.536 
       0.767043           433.1         117.392 
       0.773185         428.352         115.307 
       0.779291         423.557         113.284 
       0.785407         420.912         111.307 
       0.791564         416.024         109.366 
       0.797719          413.87         107.472 
       0.803834         409.706         105.636 
       0.809972          408.48         103.836 
       0.816124         407.496         102.074 
       0.822261          401.54         100.358 
       0.828378         399.445         98.6869 
       0.834502         395.188         97.0528 
       0.840667         392.065         95.4453 
       0.846816         390.379         93.8789 
       0.852925         387.285         92.3578 
       0.859047         385.584         90.8673 
       0.865192         380.922         89.4051 
       0.871341         377.878         87.9742 
       0.877463         377.233         86.5812 
       0.883569         373.867         85.2222 
       0.889708         371.101         83.8854 
       0.895864         368.982          82.574 
       0.902008          365.96         81.2936 
       0.908149         362.356         80.0411 
       0.914301         359.685         78.8131 
       0.920448         357.663         77.6122 
       0.926574         352.708         76.4405 
       0.932687         352.797         75.2957 
       0.938823         349.034         74.1702 
       0.944975         348.953         73.0653 
       0.951105         344.887         71.9869 
       0.957225         342.626         70.9323 
       0.963368          338.87         69.8952 
       0.969511         337.616         68.8789 
       0.975621          335.33         67.8884 
       0.981748          333.97          66.915 
       0.987916         331.853         65.9545 
        0.99406         326.406         65.0167 
        1.00019         325.616          64.099 
        1.00632         324.078         63.1999 
        1.01246         321.268         62.3168 
        1.01859         321.763         61.4522 
        1.02471         316.748          60.605 
        1.03085         315.199          59.771 
        1.03698         314.013         58.9546 
        1.04314         311.017           58.15 
        1.04929           308.3         57.3624 
        1.05541         309.019         56.5926 
        1.06154         303.738         55.8351 
        1.06769         302.993         55.0904 
        1.07382         300.918         54.3618 
        1.07993         299.018         53.6481 
        1.08607         298.052         52.9443 
        1.09222         295.161         52.2524 
        1.09836         293.232         51.5738 
        1.10449         290.596          50.908 
        1.11063         287.728         50.2533 
        1.11677         287.837         49.6104 
         1.1229         285.691         48.9799 
        1.12903         283.695         48.3598 
        1.13518         281.254           47.75 
        1.14131         279.677          47.151 
        1.14745          278.55         46.5627 
        1.15359         276.396         45.9843 
        1.15973         274.571         45.4155 
        1.16584         272.579          44.859 
        1.17197         272.498         44.3109 
        1.17811         269.137         43.7703 
        1.18424         267.333         43.2404 
        1.19038         266.473         42.7177 
        1.19652         264.214         42.2038 
        1.20267         263.533         41.6985 
        1.20881         261.524         41.2015 
        1.21495         259.541         40.7134 
        1.22108         258.102         40.2333 
         1.2272         256.454         39.7621 
        1.23334         255.039         39.2974 
        1.23949          253.22         38.8391 
        1.24562         252.222         38.3893 
        1.25174         250.264         37.9474 
        1.25789         248.303         37.5111 
        1.26402         246.418         37.0825 
        1.27014         245.035         36.6616 
        1.27628         243.734          36.246 
        1.28244         243.413         35.8361 
        1.28858         240.816          35.433 
        1.29471         239.161         35.0371 
        1.30084         237.816         34.6477 
        1.30697         236.429         34.2636 
        1.31312         234.083         33.8847 
        1.31925         233.438         33.5128 
        1.32537         232.539         33.1469 
        1.33151         230.241         32.7851 
        1.33765          228.59          32.429 
        1.34378         227.912         32.0789 
        1.34992         226.625         31.7336 
        1.35606         226.215         31.3928 
         1.3622          223.92         31.0575 
        1.36833         221.983          30.728 
        1.37445         221.155         30.4034 
        1.38059         219.249         30.0825 
        1.38675         218.432         29.7655 
        1.39288         217.092         29.4543 
        1.39901         216.361         29.1477 
        1.40515         214.536         28.8448 
         1.4113         213.343         28.5464 
        1.41742         211.725         28.2532 
        1.42355          210.75         27.9637 
         1.4297         208.967         27.6773 
        1.43585         207.983         27.3951 
        1.44198         206.962         27.1179 
        1.44809         205.789          26.845 
        1.45423         204.602         26.5749 
        1.46036         203.383          26.309 
        1.46649         201.809         26.0466 
        1.47263         200.596         25.7876 
        1.47877         199.407         25.5323 
        1.48491         197.749           25.28 
        1.49104         197.153         25.0316 
        1.49718         195.409         24.7864 
        1.50333         194.748         24.5441 
        1.50947         193.598         24.3056 
         1.5156         191.877         24.0705 
        1.52172         191.236         23.8386 
        1.52787         189.536         23.6093 
          1.534         189.182         23.3833 
        1.54013         187.557         23.1604 
        1.54627         186.582         22.9401 
        1.55241         185.324         22.7226 
        1.55855         184.158         22.5082 
        1.56467         183.002         22.2972 
         1.5708         182.399         22.0884 
        1.57695          181.21         21.8818 
        1.58308         180.143         21.6784 
        1.58922         178.691         21.4775 
        1.59535         177.377         21.2791 
         1.6015         176.882          21.083 
        1.60764         175.652         20.8895 
        1.61376         174.645         20.6989 
        1.61989         173.756         20.5106 
        1.62604         172.601         20.3242 
        1.63218         171.712         20.1402 
        1.63831         170.444         19.9589 
        1.64444         169.711         19.7798 
        1.65059         168.558         19.6025 
        1.65673         167.349         19.4275 
        1.66285         166.498         19.2551 
        1.66898         165.418         19.0848 
        1.67512         165.137         18.9162 
        1.68127         163.294         18.7495 
         1.6874         162.522         18.5851 
        1.69353         161.649         18.4229 
        1.69967         160.428         18.2621 
        1.70581         159.774         18.1034 
        1.71193         158.639         17.9472 
        1.71806         158.065         17.7924 
        1.72421         156.917         17.6392 
        1.73035         156.334         17.4879 
        1.73649         155.409         17.3385 
        1.74262         154.295         17.1909 
        1.74876         153.385          17.045 
        1.75489         152.541          16.901 
        1.76101         151.324         16.7588 
        1.76715         150.959          16.618 
        1.77329         150.074         16.4786 
        1.77943          149.19         16.3408 
        1.78557         148.385         16.2048 
        1.79171         147.562         16.0702 
        1.79785         146.533         15.9372 
        1.80399          145.63         15.8057 
        1.81012         144.774         15.6759 
        1.81625         144.259         15.5476 
        1.82239         143.257         15.4206 
        1.82853         142.644          15.295 
        1.83466          141.55         15.1709 
        1.84078         141.018         15.0484 
        1.84692         139.629          14.927 
        1.85306         139.528         14.8068 
         1.8592         138.476         14.6881 
        1.86533         137.655         14.5707 
        1.87147         136.593         14.4546 
        1.87761         135.994         14.3396 
        1.88375         134.935          14.226 
        1.88988         134.221         14.1138 
        1.89601         133.808         14.0027 
        1.90215         132.768         13.8928 
        1.90829         132.128          13.784 
        1.91442         131.413         13.6764 
        1.92056          130.67         13.5701 
         1.9267         130.043         13.4648 
        1.93284         129.105         13.3605 
        1.93897         128.454         13.2575 
        1.94509         127.821         13.1559 
        1.95123         127.258          13.055 
        1.95737         126.525         12.9551 
        1.96349         125.795         12.8566 
        1.96964         124.738         12.7587 
        1.97578         124.022         12.6619 
        1.98192         123.658         12.5662 
        1.98805         122.747         12.4715 
        1.99419         122.186         12.3778 
        2.00033         121.406          12.285 
        2.00647          120.92         12.1932 
         2.0126         119.803         12.1025 
        2.01874         119.318         12.0126 
        2.02488         118.971         11.9234 
        2.03101         117.809         11.8354 
        2.03714          117.42         11.7483 
        2.04328         116.637         11.6621 
        2.04941         116.104         11.5767 
        2.05554         115.294         11.4923 
        2.06167         114.967         11.4086 
        2.06781         114.219         11.3257 
        2.07396         113.452         11.2435 
        2.08009         112.978         11.1622 
        2.08622         112.175         11.0819 
        2.09237         111.598         11.0022 
        2.09851          111.03         10.9233 
        2.10464         110.626         10.8453 
        2.11077         109.927         10.7681 
        2.11691         109.399         10.6915 
        2.12305         108.504         10.6156 
        2.12918         107.914         10.5407 
        2.13531         107.414         10.4665 
        2.14145         106.675         10.3928 
         2.1476         105.897         10.3198 
        2.15372         105.737         10.2478 
        2.15985         105.243         10.1764 
        2.16599         104.377         10.1055 
        2.17213         103.855         10.0354 
        2.17827         103.381         9.96593 
         2.1844         102.535         9.89719 
        2.19054         102.247         9.82907 
        2.19666         101.707         9.76169 
         2.2028         100.998         9.69489 
        2.20893         100.626         9.62867 
        2.21508           99.95         9.56299 
        2.22122         99.4195         9.49791 
        2.22736         98.9404         9.43357 
        2.23349         98.4313         9.36983 
        2.23962         97.8003         9.30665 
        2.24577         97.3557           9.244 
         2.2519         97.0347         9.18201 
        2.25802         96.0632         9.12068 
        2.26417         95.7486         9.05975 
        2.27031         95.1588         8.99931 
        2.27644         94.7052          8.9396 
        2.28257         94.0749         8.88044 
        2.28872         93.7686         8.82169 
        2.29486         93.0946          8.7635 
        2.30099         92.6681         8.70594 
        2.30712         92.1941         8.64888 
        2.31326         91.5847         8.59223 
         2.3194         91.0888         8.53612 
        2.32553         90.7099          8.4806 
        2.33166         90.2077          8.4256 
         2.3378         89.7737         8.37101 
        2.34394         89.3015         8.31689 
        2.35007         88.7143         8.26333 
        2.35619         88.3984          8.2103 
        2.36233         87.8389         8.15761 
        2.36848         87.2889         8.10527 
        2.37462          86.944          8.0535 
        2.38075         86.3857         8.00223 
        2.38689         85.9844         7.95136 
        2.39303         85.3201         7.90095 
        2.39916         85.1203         7.85102 
        2.40529         84.7402         7.80153 
        2.41143         84.0893         7.75243 
        2.41757         83.7557         7.70373 
         2.4237         83.3072         7.65553 
        2.42983         82.7409         7.60776 
        2.43598         82.2983         7.56026 
        2.44211         82.1764         7.51324 
        2.44823         81.6051         7.46674 
        2.45437         80.9135         7.42049 
        2.46052         80.5345          7.3746 
        2.46665         80.2744         7.32918 
        2.47279         79.7616         7.28416 
        2.47892         79.4234         7.23948 
        2.48507         78.9512         7.19513 
         2.4912         78.6238         7.15125 
        2.49733          78.054         7.10775 
        2.50347         77.7999         7.06453 
        2.50961         77.3582         7.02167 
        2.51575         76.9405         6.97919 
        2.52188         76.5357         6.93712 
        2.52802         76.1285         6.89534 
        2.53416         75.7385         6.85389 
        2.54029         75.2764         6.81286 
        2.54641         74.8944         6.77218 
        2.55255         74.5052         6.73178 
        2.55869         74.1779         6.69165 
        2.56483         73.8644          6.6519 
        2.57096         73.3585         6.61252 
        2.57709         73.0322         6.57345 
        2.58323         72.5366         6.53465 
        2.58937         72.2091         6.49614 
        2.59551         71.9222         6.45799 
        2.60164         71.6357         6.42016 
        2.60778         71.2094          6.3826 
        2.61392         70.7667         6.34534 
        2.62006          70.463         6.30839 
        2.62619         70.1186         6.27178 
        2.63232         69.7686         6.23545 
        2.63846         69.3848         6.19936 
        2.64459         69.0096         6.16361 
        2.65072         68.6242         6.12814 
        2.65686         68.1874         6.09294 
          2.663         67.9989         6.05796 
        2.66915         67.6737         6.02326 
        2.67527         67.2559         5.98891 
        2.68141         66.9328         5.95481 
        2.68755         66.6366         5.92094 
        2.69368         66.3464         5.88737 
        2.69981         65.9936          5.8541 
        2.70595         65.5507         5.82101 
        2.71209         65.2401         5.78816 
        2.71823          64.936         5.75562 
        2.72436         64.6129         5.72334 
         2.7305         64.2074         5.69128 
        2.73663         63.9963         5.65948 
        2.74276         63.7061         5.62795 
         2.7489         63.3879         5.59664 
        2.75504          62.954         5.56553 
        2.76118         62.6011         5.53464 
        2.76732         62.2994         5.50404 
        2.77345         62.1021         5.47368 
        2.77959         61.7979         5.44353 
        2.78572         61.4742         5.41362 
        2.79186         61.1155         5.38394 
        2.79798         60.8353         5.35452 
        2.80412          60.604         5.32526 
        2.81027         60.1396         5.29619 
         2.8164         59.9537          5.2674 
        2.82253         59.7078         5.23882 
        2.82867         59.3268         5.21043 
        2.83481         59.0935         5.18225 
        2.84095         58.6285         5.15428 
        2.84708         58.4877         5.12655 
        2.85322         58.0952         5.09899 
        2.85935         57.8814         5.07164 
        2.86549         57.5387         5.04451 
        2.87162         57.3894         5.01757 
        2.87776         56.9686         4.99084 
        2.88389         56.8181         4.96428 
        2.89003         56.4803         4.93793 
        2.89617         56.1286         4.91176 
        2.90231         55.9552         4.88578 
        2.90844         55.7014         4.85999 
        2.91458         55.4003          4.8344 
        2.92071         55.0785         4.80902 
        2.92684         54.8667         4.78379 
        2.93298         54.5485         4.75875 
         2.9391          54.246         4.73393 
        2.94524         54.0426         4.70924 
        2.95138         53.7839         4.68472 
        2.95752         53.5103         4.66036 
        2.96367         53.2959         4.63616 
         2.9698         53.0553         4.61218 
        2.97594         52.8423         4.58835 
        2.98207         52.5501         4.56469 
        2.98821         52.3235         4.54122 
        2.99434         51.9741         4.51791 
        3.00048         51.7139         4.49475 
        3.00662         51.5703         4.47175 
        3.01275         51.2978         4.44894 
        3.01888         51.0185         4.42629 
        3.02503         50.7577         4.40375 
        3.03117         50.5008         4.38138 
        3.03729         50.3099         4.35923 
        3.04342          50.033          4.3372 
        3.04957         49.8628         4.31527 
         3.0557         49.5715         4.29354 
        3.06183         49.3604         4.27199 
        3.06796         49.1279         4.25056 
        3.07411         48.8807         4.22923 
        3.08025         48.6268         4.20809 
        3.08637          48.367         4.18713 
         3.0925         48.1605         4.16628 
        3.09865         47.9842         4.14554 
         3.1048         47.7246         4.12494 
        3.11093         47.4702         4.10452 
        3.11706          47.355         4.08425 
         3.1232         47.0988         4.06409 
        3.12933         46.8626         4.04407 
        3.13547         46.6316         4.02419 
        3.14159         46.4194         4.00448 
        3.14773         46.2625         3.98485 
        3.15388         45.9491         3.96534 
        3.16001         45.7334           3.946 
        3.16614         45.5137         3.92679 
        3.17228         45.3308          3.9077 
        3.17842         45.0574         3.88873 
        3.18455         44.9158          3.8699 
        3.19068         44.5768          3.8512 
        3.19682         44.5022         3.83259 
        3.20297         44.2535         3.81411 
         3.2091         44.0208         3.79576 
        3.21524         43.8449         3.77754 
        3.22138         43.7199         3.75943 
         3.2275         43.5316         3.74147 
        3.23363         43.2995         3.72363 
        3.23977         43.1435         3.70587 
        3.24591         42.8847         3.68824 
        3.25205         42.6667          3.6707 
        3.25818         42.4536          3.6533 
        3.26432         42.2607         3.63601 
        3.27046         42.1365         3.61883 
         3.2766         41.9313         3.60176 
        3.28273         41.7433          3.5848 
        3.28887         41.4941         3.56796 
          3.295         41.2986         3.55123 
        3.30113         41.1062          3.5346 
        3.30727         40.8954         3.51807 
        3.31341         40.7932         3.50167 
        3.31954         40.5931         3.48536 
        3.32568         40.4364         3.46914 
        3.33182         40.1955         3.45304 
        3.33795         40.0314         3.43705 
        3.34409         39.9018         3.42114 
        3.35022         39.6719         3.40534 
        3.35636         39.4905         3.38965 
         3.3625         39.2746         3.37404 
        3.36864         39.1376         3.35853 
        3.37477         38.9452         3.34313 
        3.38091         38.7704         3.32783 
        3.38704         38.6121         3.31263 
        3.39318         38.4069         3.29751 
        3.39931         38.2395         3.28249 
        3.40545         38.0759         3.26757 
        3.41158         37.9349         3.25274 
        3.41772         37.7766           3.238 
        3.42385         37.6012         3.22336 
        3.42998         37.3894         3.20881 
        3.43612         37.2577         3.19435 
        3.44226         37.0994         3.17996 
         3.4484         36.8669         3.16565 
        3.45453         36.7953         3.15146 
        3.46066         36.6033         3.13736 
        3.46681         36.3895         3.12331 
        3.47295         36.2735         3.10936 
        3.47908         36.1151         3.09552 
        3.48521         35.9639         3.08176 
        3.49135         35.7659         3.06807 
        3.49749         35.6198         3.05446 
        3.50362         35.4847         3.04094 
        3.50976         35.3113         3.02751 
        3.51589         35.1439         3.01415 
        3.52203          35.036         3.00088 
        3.52816         34.8613          2.9877 
        3.53429         34.6965         2.97459 
        3.54043         34.5492         2.96154 
        3.54657         34.3699         2.94857 
        3.55271         34.2345          2.9357 
        3.55884         34.0911         2.92291 
        3.56498         33.9781         2.91017 
        3.57112         33.7287         2.89751 
        3.57725         33.6177         2.88494 
        3.58338         33.5093         2.87245 
        3.58952         33.3818         2.86002 
        3.59566         33.2208         2.84766 
         3.6018          33.098         2.83538 
        3.60793         32.9229         2.82317 
        3.61407         32.7202         2.81105 
        3.62021          32.657         2.79898 
        3.62634          32.505         2.78699 
        3.63247         32.3309         2.77508 
        3.63861         32.1918         2.76323 
        3.64475         32.0946         2.75143 
        3.65089         31.9464         2.73972 
        3.65702         31.8243         2.72809 
        3.66316         31.6696          2.7165 
        3.66929         31.5093           2.705 
        3.67543         31.4323         2.69356 
        3.68156         31.2873         2.68219 
        3.68769          31.105         2.67088 
        3.69383         30.9617         2.65963 
        3.69997         30.8449         2.64845 
        3.70611         30.7278         2.63733 
        3.71224         30.6014         2.62628 
        3.71838         30.4505         2.61529 
        3.72451           30.34         2.60437 
        3.73065         30.1977         2.59352 
        3.73678         30.0967         2.58272 
        3.74292         29.9666         2.57197 
        3.74906         29.8182         2.56129 
        3.75519         29.7019         2.55068 
        3.76133         29.5578         2.54012 
        3.76746         29.4393         2.52963 
         3.7736         29.3354          2.5192 
        3.77974         29.1909         2.50882 
        3.78588         29.0635         2.49849 
        3.79201         28.9448         2.48824 
        3.79814          28.854         2.47804 
        3.80428         28.7214         2.46789 
        3.81042         28.5786          2.4578 
        3.81655         28.4798         2.44777 
        3.82268         28.3415          2.4378 
        3.82882         28.2272         2.42789 
        3.83496         28.1137         2.41802 
        3.84109         27.9798         2.40821 
        3.84723         27.8774         2.39846 
        3.85337         27.7803         2.38875 
        3.85951         27.6435         2.37909 
        3.86565         27.5162          2.3695 
        3.87178         27.4294         2.35997 
        3.87791         27.3154         2.35049 
        3.88405         27.1939         2.34105 
        3.89019         27.0858         2.33166 
        3.89632         27.0127         2.32233 
        3.90246         26.8508         2.31305 
         3.9086          26.732         2.30382 
        3.91473         26.6692         2.29465 
        3.92086         26.5315         2.28553 
        3.92699         26.4341         2.27645 
        3.93313         26.3125         2.26741 
        3.93927         26.2499         2.25844 
         3.9454         26.0984         2.24951 
        3.95154         26.0011         2.24062 
        3.95768         25.8766         2.23178 
        3.96382         25.8085         2.22299 
        3.96995         25.7044         2.21425 
        3.97609         25.5914         2.20556 
        3.98222         25.4829         2.19692 
        3.98836         25.4101         2.18832 
         3.9945         25.2894         2.17976 
        4.00063         25.1739         2.17126 
        4.00677         25.0601         2.16279 
        4.01291         24.9803         2.15437 
        4.01904         24.8568         2.14601 
        4.02517         24.7719         2.13769 
        4.03131         24.6876          2.1294 
        4.03745         24.5593         2.12115 
        4.04358         24.4743         2.11296 
        4.04972         24.3754         2.10481 
        4.05585         24.2646          2.0967 
        4.06199         24.1847         2.08863 
        4.06812         24.0638         2.08061 
        4.07426         24.0071         2.07263 
         4.0804         23.8639         2.06469 
        4.08654         23.7907         2.05679 
        4.09267          23.703         2.04894 
         4.0988         23.6086         2.04113 
        4.10494         23.5248         2.03336 
        4.11108         23.4401         2.02562 
        4.11721         23.3403         2.01793 
        4.12334         23.2615         2.01028 
        4.12948         23.1372         2.00267 
        4.13561         23.0492         1.99509 
        4.14176         22.9695         1.98755 
        4.14789         22.8661         1.98005 
        4.15403         22.7803          1.9726 
        4.16016         22.6705         1.96518 
         4.1663          22.619          1.9578 
        4.17243         22.5404         1.95047 
        4.17857         22.4422         1.94316 
        4.18471         22.3139         1.93589 
        4.19084         22.2818         1.92866 
        4.19698         22.1662         1.92147 
        4.20312         22.0752         1.91431 
        4.20925         22.0116          1.9072 
        4.21538         21.9355         1.90012 
        4.22152         21.8234         1.89307 
        4.22766         21.7258         1.88605 
         4.2338         21.6399         1.87908 
        4.23993         21.5614         1.87214 
        4.24607         21.4939         1.86524 
         4.2522         21.4099         1.85837 
        4.25834         21.3229         1.85153 
        4.26447         21.2389         1.84474 
        4.27061         21.1748         1.83797 
        4.27674          21.095         1.83124 
        4.28288         21.0202         1.82454 
        4.28902         20.9139         1.81787 
        4.29515         20.8363         1.81124 
        4.30129         20.7622         1.80464 
        4.30743         20.6936         1.79808 
        4.31356         20.5925         1.79154 
        4.31969         20.5208         1.78505 
        4.32583         20.4507         1.77858 
        4.33197          20.358         1.77214 
         4.3381         20.3015         1.76574 
        4.34424         20.2193         1.75937 
        4.35038         20.1487         1.75302 
        4.35652         20.0699         1.74671 
        4.36265         19.9946         1.74044 
        4.36878         19.9061         1.73419 
        4.37492         19.8459         1.72797 
        4.38106         19.7633         1.72178 
        4.38719         19.6878         1.71563 
        4.39333         19.6223         1.70951 
        4.39946         19.5416         1.70341 
         4.4056         19.4669         1.69735 
        4.41173         19.3992         1.69131 
        4.41786         19.3341         1.68531 
          4.424         19.2377         1.67934 
        4.43014         19.1824         1.67338 
        4.43628         19.1086         1.66746 
        4.44241         19.0401         1.66157 
        4.44855         18.9556         1.65571 
        4.45469           18.89         1.64987 
        4.46083         18.8365         1.64407 
        4.46696         18.7789         1.63829 
        4.47309         18.6953         1.63254 
        4.47923         18.6393         1.62682 
        4.48537         18.5491         1.62113 
         4.4915         18.4829         1.61546 
        4.49764         18.4368         1.60982 
        4.50378         18.3546          1.6042 
        4.50991         18.2835         1.59862 
        4.51604         18.2242         1.59306 
        4.52218         18.1487         1.58752 
        4.52832         18.0962         1.58202 
        4.53445         18.0281         1.57654 
        4.54059         17.9506         1.57109 
        4.54673         17.8888         1.56565 
        4.55286         17.8375         1.56025 
          4.559         17.7457         1.55487 
        4.56513         17.6958         1.54952 
        4.57127         17.6343          1.5442 
        4.57741         17.5704         1.53889 
        4.58354         17.5112         1.53362 
        4.58968         17.4422         1.52836 
        4.59582         17.3634         1.52313 
        4.60195         17.3202         1.51793 
        4.60809         17.2574         1.51276 
        4.61422         17.2079          1.5076 
        4.62036         17.1283         1.50247 
        4.62649         17.0665         1.49736 
        4.63263         17.0101         1.49228 
        4.63876         16.9665         1.48722 
         4.6449         16.8786         1.48219 
        4.65104         16.8263         1.47717 
        4.65717         16.7713         1.47219 
        4.66331         16.7071         1.46722 
        4.66944         16.6413         1.46228 
        4.67558         16.5926         1.45736 
        4.68171         16.5447         1.45246 
        4.68785         16.4839         1.44758 
        4.69399         16.4045         1.44273 
        4.70012         16.3667         1.43791 
        4.70625         16.3102          1.4331 
        4.71239         16.2639         1.42831 
        4.71853         16.1905         1.42355 
        4.72467         16.1303          1.4188 
         4.7308         16.0724         1.41408 
        4.73694         16.0236         1.40938 
        4.74308         15.9751         1.40471 
        4.74922         15.9044         1.40005 
        4.75535         15.8491         1.39541 
        4.76148         15.7951          1.3908 
        4.76762         15.7477         1.38621 
        4.77376         15.6832         1.38163 
        4.77989         15.6316         1.37709 
        4.78602         15.5887         1.37256 
        4.79216         15.5221         1.36804 
         4.7983         15.4848         1.36355 
        4.80443         15.4281         1.35909 
        4.81056          15.379         1.35464 
         4.8167         15.3207          1.3502 
        4.82284         15.2631         1.34579 
        4.82898         15.2162          1.3414 
        4.83511         15.1534         1.33703 
        4.84125         15.1133         1.33268 
        4.84739         15.0623         1.32834 
        4.85352         15.0251         1.32403 
        4.85965         14.9729         1.31974 
        4.86579         14.9165         1.31547 
        4.87193         14.8572         1.31121 
        4.87807         14.8151         1.30697 
         4.8842         14.7635         1.30275 
        4.89034         14.7172         1.29855 
        4.89647         14.6649         1.29437 
        4.90261         14.6275         1.29021 
        4.90874         14.5732         1.28607 
        4.91488          14.527         1.28194 
        4.92102         14.4795         1.27783 
        4.92715         14.4181         1.27374 
        4.93329         14.3778         1.26967 
        4.93942         14.3349         1.26562 
        4.94556         14.2844         1.26158 
         4.9517         14.2422         1.25756 
        4.95783          14.204         1.25356 
        4.96397         14.1342         1.24958 
        4.97011         14.1019         1.24561 
        4.97624         14.0522         1.24166 
        4.98238         14.0018         1.23773 
        4.98851         13.9624         1.23382 
        4.99465         13.9172         1.22992 
        5.00078         13.8626         1.22604 
        5.00691         13.8324         1.22218 
        5.01305         13.7759         1.21833 
        5.01919         13.7513          1.2145 
        5.02533         13.6943         1.21068 
        5.03146         13.6512         1.20688 
         5.0376         13.5952          1.2031 
        5.04374         13.5712         1.19934 
        5.04987         13.5203         1.19559 
        5.05601         13.4702         1.19185 
        5.06215          13.428         1.18813 
        5.06829         13.3878         1.18443 
        5.07442         13.3531         1.18075 
        5.08055         13.3086         1.17708 
        5.08668         13.2586         1.17343 
        5.09282         13.2252         1.16978 
        5.09896         13.1776         1.16616 
        5.10509         13.1365         1.16256 
        5.11123         13.1002         1.15896 
        5.11736         13.0584         1.15539 
         5.1235         13.0158         1.15182 
        5.12964         12.9848         1.14828 
        5.13577         12.9494         1.14474 
        5.14191         12.9028         1.14123 
        5.14804         12.8615         1.13773 
        5.15418         12.8252         1.13424 
        5.16032         12.7807         1.13076 
        5.16645         12.7472          1.1273 
        5.17259         12.7092         1.12386 
        5.17872         12.6679         1.12043 
        5.18486         12.6254         1.11701 
          5.191         12.5849         1.11361 
        5.19713          12.554         1.11023 
        5.20327          12.526         1.10686 
        5.20941         12.4816         1.10349 
        5.21555         12.4504         1.10015 
        5.22168         12.3942         1.09682 
        5.22781         12.3761          1.0935 
        5.23395         12.3197          1.0902 
        5.24009         12.2925         1.08691 
        5.24622         12.2481         1.08363 
        5.25236         12.2146         1.08037 
         5.2585         12.1746         1.07712 
        5.26463         12.1389         1.07388 
        5.27077         12.1125         1.07066 
         5.2769         12.0806         1.06745 
        5.28304          12.045         1.06426 
        5.28917         12.0055         1.06107 
         5.2953         11.9667         1.05791 
        5.30144         11.9288         1.05475 
        5.30757         11.9006         1.05161 
        5.31371         11.8702         1.04847 
        5.31985         11.8349         1.04535 
        5.32599         11.8031         1.04225 
        5.33213         11.7743         1.03915 
        5.33826         11.7375         1.03607 
         5.3444         11.7092           1.033 
        5.35053          11.669         1.02995 
        5.35667         11.6382         1.02691 
        5.36281          11.604         1.02387 
        5.36894         11.5798         1.02085 
        5.37507         11.5375         1.01785 
        5.38121         11.5134         1.01485 
        5.38735         11.4824         1.01187 
        5.39348         11.4456          1.0089 
        5.39961         11.4167         1.00595 
        5.40575         11.3828           1.003 
        5.41189         11.3463         1.00006 
        5.41803          11.332        0.997139 
        5.42416         11.3071        0.994228 
         5.4303         11.2547        0.991328 
        5.43644         11.2212         0.98844 
        5.44257         11.1914        0.985564 
        5.44871         11.1614        0.982698 
        5.45484         11.1416        0.979845 
        5.46098         11.1028        0.977002 
        5.46712         11.0847         0.97417 
        5.47325         11.0563         0.97135 
        5.47938         11.0224        0.968544 
        5.48552         10.9922        0.965749 
        5.49165         10.9626        0.962962 
        5.49779         10.9373        0.960187 
        5.50393         10.9008        0.957421 
        5.51006         10.8781        0.954666 
         5.5162          10.847        0.951923 
        5.52234         10.8213        0.949192 
        5.52847         10.7941         0.94647 
        5.53461         10.7785        0.943759 
        5.54075          10.738        0.941059 
        5.54688         10.7147        0.938371 
        5.55302         10.6892        0.935691 
        5.55915         10.6534        0.933023 
        5.56529         10.6303        0.930365 
        5.57143         10.6084        0.927717 
        5.57756         10.5823        0.925079 
         5.5837         10.5568        0.922453 
        5.58983         10.5329        0.919838 
        5.59597         10.5067        0.917231 
         5.6021         10.4803        0.914634 
        5.60824         10.4499        0.912047 
        5.61438         10.4349        0.909471 
        5.62051         10.4041        0.906904 
        5.62665         10.3814        0.904348 
        5.63278          10.361        0.901801 
        5.63892         10.3428        0.899264 
        5.64505         10.2988        0.896738 
        5.65119         10.2863        0.894221 
        5.65733         10.2731        0.891713 
        5.66346         10.2472        0.889215 
         5.6696          10.212        0.886726 
        5.67573         10.1994        0.884247 
        5.68187         10.1663        0.881778 
          5.688         10.1388        0.879318 
        5.69414         10.1153        0.876868 
        5.70028         10.1025        0.874425 
        5.70642         10.0823        0.871992 
        5.71255         10.0567        0.869569 
        5.71869         10.0274        0.867157 
        5.72482         10.0096        0.864753 
        5.73096         9.99636        0.862357 
        5.73709         9.97634        0.859973 
        5.74322         9.94466        0.857597 
        5.74936         9.92756        0.855227 
         5.7555         9.90888        0.852866 
        5.76164         9.87571        0.850516 
        5.76777         9.86445        0.848176 
        5.77391         9.84615        0.845842 
        5.78005         9.81471        0.843517 
        5.78618         9.80065        0.841203 
        5.79231         9.78865        0.838899 
        5.79845         9.76297          0.8366 
        5.80459         9.74068        0.834309 
        5.81073          9.7259        0.832029 
        5.81686         9.70836        0.829758 
          5.823         9.68617        0.827494 
        5.82914         9.67737        0.825238 
        5.83527         9.64639        0.822993 
         5.8414         9.63306        0.820755 
        5.84754         9.61451        0.818524 
        5.85368         9.59221        0.816302 
        5.85981         9.58366        0.814089 
        5.86595         9.56413        0.811884 
        5.87208         9.54434        0.809687 
        5.87822         9.52369        0.807499 
        5.88435         9.50882         0.80532 
        5.89049         9.49538        0.803146 
        5.89662         9.47302        0.800981 
        5.90276         9.45357        0.798824 
         5.9089         9.43548        0.796674 
        5.91503         9.42692        0.794535 
        5.92117         9.40862        0.792401 
        5.92731         9.39663        0.790275 
        5.93344         9.38481        0.788158 
        5.93958         9.36032        0.786049 
        5.94572          9.3435        0.783946 
        5.95186         9.33719        0.781851 
        5.95799          9.3239        0.779766 
        5.96412         9.30435        0.777688 
        5.97026         9.28892        0.775615 
         5.9764         9.27621        0.773552 
        5.98253         9.25801        0.771498 
        5.98866         9.25341        0.769449 
         5.9948         9.24202        0.767407 
        6.00094         9.22596        0.765373 
        6.00707         9.20812        0.763347 
        6.01321         9.18794        0.761327 
        6.01935         9.17356        0.759315 
        6.02548         9.16517         0.75731 
        6.03162         9.15918        0.755314 
        6.03775         9.14233        0.753325 
        6.04389         9.13306        0.751342 
        6.05003         9.11504        0.749364 
        6.05617         9.10322        0.747394 
         6.0623         9.09793        0.745433 
        6.06844          9.0815        0.743478 
        6.07457         9.06753        0.741532 
         6.0807         9.05751        0.739592 
        6.08684         9.04626        0.737659 
        6.09298         9.03876        0.735731 
        6.09912         9.02493        0.733811 
        6.10525         9.01725        0.731898 
        6.11138         9.00983        0.729992 
        6.11752         8.99123        0.728092 
        6.12366         8.98824          0.7262 
        6.12979         8.97832        0.724315 
        6.13593         8.96995        0.722436 
        6.14207          8.9583        0.720562 
         6.1482         8.95101        0.718696 
        6.15434         8.94367        0.716838 
        6.16047         8.93441        0.714986 
        6.16661         8.92953        0.713139 
        6.17274          8.9198          0.7113 
        6.17887         8.90587        0.709467 
        6.18501           8.898        0.707641 
        6.19115         8.88918         0.70582 
        6.19729         8.88768        0.704005 
        6.20342         8.87561        0.702198 
        6.20956         8.87351        0.700397 
         6.2157          8.8602        0.698601 
        6.22183         8.85048        0.696813 
        6.22797         8.84637        0.695031 
         6.2341         8.84552        0.693256 
        6.24024         8.83221        0.691485 
        6.24638         8.84032        0.689721 
        6.25251         8.82434        0.687964 
        6.25865         8.81925        0.686213 
        6.26478         8.81806        0.684468 
        6.27092         8.81921        0.682729 
        6.27705         8.80748        0.680997 
        6.28318         8.80437        0.679271 
