# k  (h/Mpc)    P(k)  (Mpc/h)^3    P_linear(k)  (Mpc/h)^3
     0.00783031         15253.6         15392.6 
       0.013688         17205.3         17679.9 
       0.019231         16634.6         16893.3 
      0.0249154         14835.1         14774.8 
      0.0312784         12008.2         12083.3 
      0.0375637         9705.98         9824.18 
      0.0433917            8306         8306.71 
      0.0492413          7254.2         7297.03 
      0.0555754          6619.2         6603.92 
      0.0619321            5945         6106.53 
       0.067871         5591.96         5659.08 
      0.0738098         5135.26         5147.85 
      0.0800417         4562.39         4543.15 
      0.0862327         3949.26         3933.92 
      0.0921407          3472.3          3414.1 
      0.0982031          3102.9         2990.85 
       0.104506         2747.12         2681.88 
       0.110769         2564.41         2486.12 
       0.116806         2468.53         2363.43 
       0.122832         2334.73         2263.32 
       0.129052         2207.26         2147.85 
       0.135211         2111.42         2003.84 
       0.141259         1922.09         1836.96 
       0.147318          1745.5         1661.59 
       0.153489         1606.18         1495.87 
       0.159709         1514.82         1358.28 
       0.165845         1380.71         1257.42 
       0.171974         1346.29         1187.62 
       0.178125         1297.99          1138.5 
       0.184229         1207.83         1098.15 
        0.19034         1184.36         1055.43 
       0.196428         1142.13         1004.51 
       0.202534         1057.92         944.655 
       0.208729         1030.08         879.228 
       0.214876         972.978         815.945 
       0.220989         910.456         760.139 
       0.227147         882.675         714.148 
        0.23329         845.785         678.577 
       0.239377         836.766         651.274 
       0.245482         793.592         628.364 
       0.251667         763.883         606.142 
       0.257832         751.101         582.487 
       0.263955         710.731         556.608 
       0.270079         683.946          528.94 
        0.27624          653.99         500.962 
       0.282372         639.877         474.711 
        0.28843         630.348         451.651 
       0.294538         597.555         431.774 
       0.300721         581.925         414.806 
        0.30691         569.511         400.118 
       0.313033         543.548         386.745 
       0.319153         535.501         373.608 
       0.325316         526.077         360.044 
        0.33145         512.527         346.142 
       0.337538         492.923         332.225 
       0.343633         479.374         318.655 
       0.349808         467.085         305.765 
       0.355968         458.036          294.03 
       0.362074         440.772         283.606 
       0.368217          438.13         274.133 
       0.374374         430.118         265.395 
       0.380519         412.302         257.104 
       0.386598         407.869         249.064 
       0.392688          396.97         241.083 
        0.39888         387.083         233.013 
       0.405048         378.303         225.131 
       0.411186         377.401         217.587 
       0.417313         371.787         210.449 
       0.423458         361.461         203.756 
       0.429607         350.458         197.529 
       0.435692          345.49          191.75 
       0.441815         338.956         186.238 
       0.447964         331.584         180.925 
       0.454126         327.695         175.748 
       0.460267         322.112         170.699 
       0.466387         315.015         165.793 
        0.47254         311.126         161.008 
       0.478662         304.133         156.418 
       0.484765          299.74         152.041 
       0.490885         296.533          147.87 
       0.497035         290.108         143.883 
       0.503198         289.347         140.067 
       0.509342         282.669         136.416 
       0.515458          277.42         132.911 
       0.521598         273.067         129.502 
       0.527764         269.215         126.173 
       0.533884         266.873         122.962 
           0.54         263.059         119.855 
       0.546137         257.248         116.847 
       0.552299          255.75         113.939 
       0.558452         251.391         111.145 
       0.564573         249.938         108.467 
       0.570708         244.883         105.882 
       0.576825         240.874         103.395 
       0.582926         239.309         100.995 
       0.589034         234.931         98.6645 
       0.595184         233.344         96.3845 
       0.601379         229.649         94.1552 
       0.607522         224.363         92.0116 
       0.613639         223.638         89.9445 
       0.619772         222.459         87.9393 
       0.625918         218.493         85.9949 
       0.632068           215.7         84.1107 
       0.638161         214.454         82.3011 
         0.6443         211.256         80.5322 
       0.650464         208.466         78.8088 
       0.656582         206.291          77.148 
       0.662703         205.335         75.5343 
       0.668861         200.896         73.9574 
       0.675024         200.374          72.424 
       0.681124         197.526         70.9494 
       0.687237         196.204         69.5129 
       0.693381         192.804         68.1095 
       0.699536         192.098         66.7428 
       0.705665         189.872         65.4199 
       0.711789         187.427         64.1347 
       0.717957         186.026         62.8756 
        0.72409         183.336         61.6576 
       0.730186         184.292         60.4796 
       0.736317         181.322         59.3261 
       0.742472         179.178         58.1985 
       0.748622         177.047         57.1012 
        0.75476         176.991         56.0346 
       0.760888         174.607         54.9968 
       0.767043         171.953         53.9813 
       0.773185         170.446         52.9936 
       0.779291         169.001         52.0363 
       0.785407         167.911         51.1013 
       0.791564         166.535         50.1836 
       0.797719         163.701         49.2889 
       0.803834         164.483         48.4219 
       0.809972         162.334         47.5726 
       0.816124         159.627          46.742 
       0.822261         158.795         45.9336 
       0.828378         158.189         45.1467 
       0.834502         156.467         44.3777 
       0.840667         156.265         43.6217 
       0.846816          153.34         42.8855 
       0.852925         152.987          42.171 
       0.859047         151.422         41.4713 
       0.865192         150.881         40.7852 
       0.871341         149.304         40.1143 
       0.877463         147.852         39.4615 
       0.883569          147.69         38.8249 
       0.889708         146.324         38.1991 
       0.895864         144.611         37.5855 
       0.902008         143.364         36.9867 
       0.908149         142.062         36.4013 
       0.914301         141.088         35.8277 
       0.920448         140.969          35.267 
       0.926574          139.01         34.7203 
       0.932687         138.846         34.1864 
       0.938823         137.634         33.6618 
       0.944975         137.015         33.1471 
       0.951105         135.476          32.645 
       0.957225         134.585         32.1541 
       0.963368         133.969         31.6718 
       0.969511         132.485         31.1993 
       0.975621         130.834          30.739 
       0.981748         130.652         30.2869 
       0.987916         129.893          29.841 
        0.99406         128.964         29.4058 
        1.00019         128.278         28.9802 
        1.00632         127.185         28.5634 
        1.01246         126.347         28.1541 
        1.01859         125.366         27.7536 
        1.02471         124.528         27.3614 
        1.03085          123.69         26.9754 
        1.03698         122.876         26.5977 
        1.04314         122.483         26.2256 
        1.04929         121.777         25.8615 
        1.05541         121.138         25.5058 
        1.06154         119.797         25.1559 
        1.06769         119.222         24.8121 
        1.07382         118.498         24.4758 
        1.07993         117.684         24.1465 
        1.08607         117.392         23.8219 
        1.09222         116.132          23.503 
        1.09836         115.557         23.1902 
        1.10449         114.921         22.8836 
        1.11063         113.908         22.5821 
        1.11677         113.497         22.2862 
         1.1229         112.481         21.9961 
        1.12903         111.634         21.7109 
        1.13518         110.977         21.4305 
        1.14131         110.727         21.1552 
        1.14745         109.814          20.885 
        1.15359         109.065         20.6194 
        1.15973         108.607         20.3583 
        1.16584         107.795         20.1029 
        1.17197         107.389         19.8515 
        1.17811         106.525         19.6037 
        1.18424         105.918         19.3608 
        1.19038         105.382         19.1213 
        1.19652         104.712          18.886 
        1.20267         103.963         18.6546 
        1.20881         103.242         18.4272 
        1.21495         103.067         18.2039 
        1.22108         102.234         17.9844 
         1.2272         101.854         17.7689 
        1.23334         101.247         17.5566 
        1.23949         100.662         17.3472 
        1.24562         99.8883         17.1418 
        1.25174         99.8687           16.94 
        1.25789         98.8695         16.7408 
        1.26402          98.491         16.5453 
        1.27014         97.6931         16.3533 
        1.27628         97.3602         16.1638 
        1.28244          96.909         15.9769 
        1.28858         96.2568         15.7932 
        1.29471         95.6449         15.6128 
        1.30084         94.9621         15.4354 
        1.30697         94.4717         15.2605 
        1.31312         94.0621         15.0881 
        1.31925         93.2946         14.9188 
        1.32537         92.8772         14.7524 
        1.33151         92.7664         14.5878 
        1.33765         91.9939         14.4259 
        1.34378         91.7246         14.2667 
        1.34992           91.14         14.1098 
        1.35606         90.7681         13.9549 
         1.3622         90.3794         13.8027 
        1.36833         89.5955          13.653 
        1.37445         89.3638         13.5057 
        1.38059         88.7814         13.3601 
        1.38675         88.2817         13.2162 
        1.39288         87.7429         13.0751 
        1.39901         87.3612         12.9361 
        1.40515           86.88         12.7988 
         1.4113           86.38         12.6635 
        1.41742         86.1688         12.5307 
        1.42355         85.7145         12.3996 
         1.4297         85.1113         12.2699 
        1.43585         84.8231         12.1422 
        1.44198         84.0769         12.0167 
        1.44809         83.6973         11.8933 
        1.45423         83.6618         11.7711 
        1.46036         82.8417         11.6509 
        1.46649         82.4348         11.5323 
        1.47263         81.8572         11.4153 
        1.47877         81.7134         11.2999 
        1.48491         81.2363          11.186 
        1.49104         80.6584         11.0738 
        1.49718         80.2907         10.9632 
        1.50333         79.9373         10.8538 
        1.50947         79.6975         10.7462 
         1.5156         79.2528         10.6401 
        1.52172         78.5569         10.5355 
        1.52787         78.4289         10.4321 
          1.534         78.0301         10.3303 
        1.54013         77.6119         10.2298 
        1.54627         77.1014         10.1305 
        1.55241         77.0222         10.0326 
        1.55855         76.2488           9.936 
        1.56467         75.8992         9.84098 
         1.5708         75.3683         9.74694 
        1.57695         75.2397         9.65397 
        1.58308         74.8554         9.56244 
        1.58922         74.5779         9.47202 
        1.59535         74.4374          9.3828 
         1.6015         73.7284         9.29461 
        1.60764         73.3989         9.20759 
        1.61376         73.2692         9.12192 
        1.61989         72.7021         9.03727 
        1.62604         72.4511         8.95351 
        1.63218         71.9878         8.87086 
        1.63831         71.7308         8.78944 
        1.64444         71.2813           8.709 
        1.65059         70.9165         8.62939 
        1.65673         70.7925         8.55085 
        1.66285         70.3269         8.47351 
        1.66898         69.7827         8.39709 
        1.67512         69.4338         8.32147 
        1.68127         69.2889         8.24671 
         1.6874         68.8863         8.17304 
        1.69353         68.5278          8.1003 
        1.69967         68.1719         8.02828 
        1.70581         67.9302         7.95717 
        1.71193         67.5334         7.88718 
        1.71806         67.2956         7.81788 
        1.72421         66.9034         7.74928 
        1.73035         66.5271         7.68158 
        1.73649         66.2409          7.6147 
        1.74262         65.9485         7.54867 
        1.74876         65.5595         7.48337 
        1.75489         65.3537         7.41898 
        1.76101         65.1212         7.35536 
        1.76715         64.6818          7.2924 
        1.77329         64.3397          7.2301 
        1.77943         64.1712          7.1685 
        1.78557         63.8895          7.1077 
        1.79171         63.3729         7.04759 
        1.79785         63.1553         6.98817 
        1.80399         63.0083         6.92944 
        1.81012          62.497         6.87146 
        1.81625         62.2773         6.81417 
        1.82239         61.8428         6.75745 
        1.82853         61.7463          6.7014 
        1.83466         61.3221         6.64603 
        1.84078         61.0433         6.59135 
        1.84692         60.9142          6.5372 
        1.85306         60.7403         6.48358 
         1.8592         60.3492         6.43065 
        1.86533         59.9759         6.37834 
        1.87147         59.6816         6.32654 
        1.87761         59.2071          6.2753 
        1.88375         59.2155         6.22469 
        1.88988         58.8285         6.17469 
        1.89601         58.7315          6.1252 
        1.90215         58.3302         6.07622 
        1.90829         57.9849          6.0278 
        1.91442         57.6593          5.9799 
        1.92056         57.5424         5.93256 
         1.9267         57.2306         5.88569 
        1.93284         57.0564         5.83929 
        1.93897         56.6356         5.79347 
        1.94509         56.4442         5.74825 
        1.95123         56.1607         5.70339 
        1.95737         55.9861         5.65898 
        1.96349         55.7537         5.61516 
        1.96964         55.4127         5.57167 
        1.97578          55.115         5.52862 
        1.98192         54.7671         5.48612 
        1.98805         54.4775         5.44405 
        1.99419          54.546         5.40242 
        2.00033         54.0777         5.36121 
        2.00647         53.8253         5.32043 
         2.0126         53.6779         5.28015 
        2.01874         53.5444         5.24022 
        2.02488         53.2503         5.20067 
        2.03101         52.8958          5.1616 
        2.03714         52.6798         5.12296 
        2.04328          52.512         5.08468 
        2.04941         52.1516         5.04681 
        2.05554          51.881         5.00936 
        2.06167         51.6334         4.97224 
        2.06781         51.5141         4.93548 
        2.07396         51.1989         4.89905 
        2.08009         51.0693         4.86304 
        2.08622         50.7613         4.82743 
        2.09237         50.5637         4.79211 
        2.09851         50.2145         4.75714 
        2.10464         50.0008         4.72257 
        2.11077         49.8646         4.68839 
        2.11691         49.6399         4.65447 
        2.12305         49.3626         4.62088 
        2.12918         49.0944          4.5877 
        2.13531         48.9579         4.55484 
        2.14145         48.6363         4.52223 
         2.1476         48.6631          4.4899 
        2.15372         48.2569         4.45805 
        2.15985         48.0612         4.42647 
        2.16599         47.9026         4.39511 
        2.17213         47.6538         4.36408 
        2.17827         47.3664         4.33336 
         2.1844         47.1039         4.30297 
        2.19054          47.094         4.27285 
        2.19666         46.8487         4.24306 
         2.2028         46.5618         4.21353 
        2.20893         46.2771         4.18427 
        2.21508         46.1161         4.15525 
        2.22122         45.8251         4.12649 
        2.22736         45.6594         4.09806 
        2.23349         45.5214         4.06991 
        2.23962         45.3713         4.04201 
        2.24577         45.0977         4.01434 
         2.2519         44.8712         3.98697 
        2.25802         44.6768          3.9599 
        2.26417          44.492           3.933 
        2.27031         44.3347         3.90633 
        2.27644         44.0095         3.87998 
        2.28257         43.9111         3.85388 
        2.28872         43.6962         3.82797 
        2.29486         43.4896          3.8023 
        2.30099         43.2479         3.77691 
        2.30712         43.0924         3.75175 
        2.31326         42.9349         3.72677 
         2.3194         42.7343         3.70203 
        2.32553          42.518         3.67756 
        2.33166         42.3869         3.65332 
         2.3378         42.1369         3.62927 
        2.34394         41.9674         3.60542 
        2.35007         41.8238         3.58182 
        2.35619         41.6003         3.55846 
        2.36233         41.4648         3.53525 
        2.36848         41.1988          3.5122 
        2.37462         41.0278          3.4894 
        2.38075         40.8481         3.46683 
        2.38689         40.6444         3.44443 
        2.39303         40.5425         3.42224 
        2.39916         40.3402         3.40026 
        2.40529         40.2039         3.37848 
        2.41143         40.0381         3.35688 
        2.41757         39.8232         3.33545 
         2.4237         39.6364         3.31425 
        2.42983         39.5182         3.29323 
        2.43598         39.2991         3.27234 
        2.44211         39.0685         3.25167 
        2.44823         39.0071         3.23121 
        2.45437         38.7567         3.21088 
        2.46052         38.5432         3.19071 
        2.46665         38.3922         3.17074 
        2.47279         38.2485         3.15095 
        2.47892         38.0762         3.13132 
        2.48507         37.9297         3.11184 
         2.4912         37.6933         3.09255 
        2.49733         37.5846         3.07344 
        2.50347         37.4034         3.05446 
        2.50961         37.2385         3.03564 
        2.51575         37.1452         3.01698 
        2.52188         36.8886         2.99851 
        2.52802         36.7614         2.98016 
        2.53416         36.6076         2.96197 
        2.54029         36.4271         2.94395 
        2.54641         36.3188          2.9261 
        2.55255         36.1649         2.90837 
        2.55869         35.9979         2.89076 
        2.56483          35.801         2.87332 
        2.57096         35.6095         2.85604 
        2.57709         35.5011          2.8389 
        2.58323          35.336         2.82188 
        2.58937         35.1581           2.805 
        2.59551         35.0809         2.78827 
        2.60164         34.8718         2.77168 
        2.60778         34.7541         2.75521 
        2.61392          34.555         2.73888 
        2.62006         34.4424         2.72268 
        2.62619         34.2711         2.70663 
        2.63232         34.1044         2.69071 
        2.63846         33.9826          2.6749 
        2.64459         33.8715         2.65924 
        2.65072          33.786          2.6437 
        2.65686         33.5726         2.62828 
          2.663          33.407         2.61296 
        2.66915         33.3025         2.59776 
        2.67527         33.0982         2.58272 
        2.68141         32.9846         2.56779 
        2.68755         32.8744         2.55296 
        2.69368          32.721         2.53826 
        2.69981         32.5239          2.5237 
        2.70595         32.4265         2.50921 
        2.71209         32.2923         2.49484 
        2.71823         32.1402          2.4806 
        2.72436         32.0407         2.46647 
         2.7305         31.9121         2.45245 
        2.73663         31.7066         2.43854 
        2.74276         31.6042         2.42475 
         2.7489         31.4687         2.41105 
        2.75504          31.337         2.39744 
        2.76118         31.2263         2.38394 
        2.76732         31.0751         2.37056 
        2.77345         30.9604         2.35728 
        2.77959          30.828          2.3441 
        2.78572         30.6894         2.33103 
        2.79186         30.5199         2.31806 
        2.79798          30.419          2.3052 
        2.80412         30.2805         2.29241 
        2.81027         30.1215         2.27971 
         2.8164         30.0547         2.26713 
        2.82253         29.9111         2.25465 
        2.82867         29.7993         2.24225 
        2.83481         29.6667         2.22994 
        2.84095         29.5191         2.21773 
        2.84708         29.3819         2.20562 
        2.85322         29.2766         2.19358 
        2.85935         29.1653         2.18164 
        2.86549         29.0424          2.1698 
        2.87162         28.9334         2.15804 
        2.87776         28.7804         2.14637 
        2.88389         28.6789         2.13478 
        2.89003          28.614         2.12328 
        2.89617         28.4062         2.11186 
        2.90231         28.3371         2.10052 
        2.90844         28.2321         2.08927 
        2.91458         28.0706         2.07811 
        2.92071         27.9394         2.06704 
        2.92684         27.8519         2.05603 
        2.93298         27.7275         2.04511 
         2.9391         27.6489         2.03429 
        2.94524         27.5238         2.02353 
        2.95138         27.3557         2.01284 
        2.95752         27.2906         2.00221 
        2.96367         27.1778         1.99167 
         2.9698         27.0411         1.98121 
        2.97594         26.9892         1.97083 
        2.98207         26.9002         1.96052 
        2.98821          26.724         1.95029 
        2.99434         26.6188         1.94013 
        3.00048         26.4874         1.93004 
        3.00662         26.4038         1.92002 
        3.01275         26.2937         1.91009 
        3.01888         26.1972         1.90022 
        3.02503         26.0712          1.8904 
        3.03117         25.9966         1.88066 
        3.03729         25.8847         1.87102 
        3.04342         25.7603         1.86143 
        3.04957         25.6322         1.85188 
         3.0557         25.5651         1.84242 
        3.06183         25.4287         1.83304 
        3.06796         25.3582         1.82371 
        3.07411         25.2384         1.81443 
        3.08025         25.1231         1.80523 
        3.08637         25.0098         1.79611 
         3.0925         24.9363         1.78704 
        3.09865         24.8024         1.77801 
         3.1048         24.7374         1.76905 
        3.11093         24.6032         1.76017 
        3.11706         24.5291         1.75135 
         3.1232         24.4066         1.74258 
        3.12933         24.3108         1.73387 
        3.13547          24.228         1.72523 
        3.14159         24.0972         1.71666 
        3.14773         24.0047         1.70813 
        3.15388         23.9463         1.69964 
        3.16001         23.8302         1.69124 
        3.16614         23.7366         1.68289 
        3.17228         23.6508         1.67459 
        3.17842         23.5436         1.66634 
        3.18455         23.4472         1.65816 
        3.19068         23.3536         1.65003 
        3.19682         23.2397         1.64195 
        3.20297           23.16         1.63392 
         3.2091         23.0899         1.62595 
        3.21524         22.9745         1.61803 
        3.22138         22.8958         1.61017 
         3.2275         22.8067         1.60237 
        3.23363         22.7111         1.59462 
        3.23977         22.6133         1.58691 
        3.24591         22.5098         1.57925 
        3.25205         22.4323         1.57164 
        3.25818         22.3422         1.56408 
        3.26432         22.2215         1.55657 
        3.27046         22.1348         1.54912 
         3.2766         22.0654         1.54171 
        3.28273         22.0011         1.53435 
        3.28887         21.8941         1.52704 
          3.295         21.7868         1.51978 
        3.30113         21.7405         1.51256 
        3.30727         21.6035         1.50539 
        3.31341         21.5441         1.49827 
        3.31954         21.4498          1.4912 
        3.32568         21.3794         1.48417 
        3.33182         21.2934         1.47718 
        3.33795         21.2009         1.47024 
        3.34409         21.1251         1.46335 
        3.35022         21.0686         1.45649 
        3.35636         20.9389         1.44969 
         3.3625          20.865         1.44292 
        3.36864         20.8147          1.4362 
        3.37477         20.7007         1.42952 
        3.38091         20.6368         1.42289 
        3.38704         20.5698          1.4163 
        3.39318         20.4688         1.40975 
        3.39931          20.362         1.40324 
        3.40545         20.3113         1.39677 
        3.41158         20.2304         1.39034 
        3.41772         20.1409         1.38396 
        3.42385         20.0903         1.37762 
        3.42998         20.0007         1.37131 
        3.43612         19.9354         1.36505 
        3.44226         19.8436         1.35882 
         3.4484         19.7832         1.35262 
        3.45453         19.6487         1.34647 
        3.46066          19.601         1.34037 
        3.46681         19.4987         1.33428 
        3.47295         19.4567         1.32824 
        3.47908         19.3648         1.32225 
        3.48521         19.2694         1.31629 
        3.49135         19.2204         1.31036 
        3.49749         19.1374         1.30447 
        3.50362         19.0741         1.29862 
        3.50976         18.9959         1.29281 
        3.51589         18.9316         1.28703 
        3.52203         18.8197         1.28128 
        3.52816         18.7845         1.27558 
        3.53429         18.7073          1.2699 
        3.54043          18.628         1.26426 
        3.54657         18.5528         1.25865 
        3.55271         18.4853         1.25308 
        3.55884         18.4182         1.24754 
        3.56498         18.3243         1.24204 
        3.57112         18.2612         1.23656 
        3.57725         18.2027         1.23112 
        3.58338         18.1715         1.22572 
        3.58952         18.0658         1.22035 
        3.59566         17.9796           1.215 
         3.6018         17.9301         1.20969 
        3.60793         17.8444         1.20442 
        3.61407         17.8101         1.19917 
        3.62021         17.7235         1.19396 
        3.62634          17.666         1.18877 
        3.63247         17.5894         1.18362 
        3.63861         17.5116          1.1785 
        3.64475         17.4619          1.1734 
        3.65089         17.3872         1.16834 
        3.65702         17.3405         1.16332 
        3.66316         17.2546         1.15831 
        3.66929          17.196         1.15334 
        3.67543         17.1317          1.1484 
        3.68156          17.032         1.14349 
        3.68769         17.0038          1.1386 
        3.69383         16.9364         1.13374 
        3.69997         16.8882         1.12891 
        3.70611         16.8087         1.12411 
        3.71224         16.7482         1.11934 
        3.71838         16.6822         1.11459 
        3.72451         16.6289         1.10988 
        3.73065         16.5628         1.10519 
        3.73678         16.5023         1.10053 
        3.74292         16.4484         1.09589 
        3.74906         16.3685         1.09128 
        3.75519         16.3112          1.0867 
        3.76133         16.2796         1.08214 
        3.76746         16.1854         1.07761 
         3.7736         16.1204         1.07311 
        3.77974         16.0825         1.06863 
        3.78588         16.0184         1.06418 
        3.79201         15.9482         1.05975 
        3.79814         15.8964         1.05535 
        3.80428         15.8489         1.05097 
        3.81042         15.7711         1.04662 
        3.81655         15.7047         1.04229 
        3.82268         15.6467         1.03799 
        3.82882         15.5816         1.03372 
        3.83496         15.5503         1.02946 
        3.84109         15.4877         1.02523 
        3.84723         15.4266         1.02102 
        3.85337         15.3635         1.01684 
        3.85951         15.3157         1.01267 
        3.86565         15.2474         1.00854 
        3.87178         15.1887         1.00443 
        3.87791         15.1413         1.00034 
        3.88405         15.1024        0.996269 
        3.89019         15.0399        0.992224 
        3.89632         14.9593        0.988203 
        3.90246         14.9224        0.984202 
         3.9086         14.8619        0.980222 
        3.91473         14.8239        0.976269 
        3.92086         14.7459        0.972341 
        3.92699         14.6943        0.968429 
        3.93313         14.6534        0.964535 
        3.93927         14.6018        0.960667 
         3.9454         14.5443         0.95682 
        3.95154         14.4956         0.95299 
        3.95768         14.4217        0.949182 
        3.96382         14.3891        0.945397 
        3.96995         14.3193        0.941631 
        3.97609         14.2814        0.937887 
        3.98222         14.2312        0.934166 
        3.98836         14.1679        0.930462 
         3.9945         14.1392        0.926778 
        4.00063         14.0795        0.923116 
        4.00677         14.0204         0.91947 
        4.01291         13.9732        0.915844 
        4.01904         13.9273        0.912244 
        4.02517          13.877        0.908663 
        4.03131         13.8178        0.905094 
        4.03745          13.773        0.901545 
        4.04358         13.7394        0.898019 
        4.04972         13.6727        0.894512 
        4.05585         13.6229        0.891022 
        4.06199         13.5732         0.88755 
        4.06812          13.505        0.884098 
        4.07426         13.4763        0.880664 
         4.0804         13.4379        0.877246 
        4.08654         13.3883        0.873846 
        4.09267         13.3303        0.870468 
         4.0988         13.2878        0.867111 
        4.10494         13.2414        0.863767 
        4.11108         13.1843        0.860438 
        4.11721         13.1397         0.85713 
        4.12334         13.0889        0.853841 
        4.12948         13.0576        0.850568 
        4.13561         13.0173         0.84731 
        4.14176         12.9577        0.844067 
        4.14789         12.9142        0.840842 
        4.15403         12.8746        0.837637 
        4.16016          12.813        0.834447 
         4.1663           12.77        0.831274 
        4.17243         12.7282         0.82812 
        4.17857         12.6875        0.824979 
        4.18471         12.6547        0.821855 
        4.19084          12.588        0.818747 
        4.19698         12.5511        0.815656 
        4.20312         12.5042        0.812579 
        4.20925          12.464        0.809521 
        4.21538         12.4255        0.806479 
        4.22152         12.3732         0.80345 
        4.22766         12.3419        0.800435 
         4.2338         12.3009         0.79744 
        4.23993         12.2478        0.794458 
        4.24607         12.2093        0.791492 
         4.2522          12.158         0.78854 
        4.25834         12.1094        0.785603 
        4.26447          12.088        0.782684 
        4.27061         12.0423        0.779778 
        4.27674         11.9932        0.776886 
        4.28288         11.9575        0.774007 
        4.28902         11.9208        0.771145 
        4.29515         11.8746        0.768299 
        4.30129          11.836        0.765465 
        4.30743         11.7913        0.762644 
        4.31356         11.7484        0.759838 
        4.31969         11.7131        0.757051 
        4.32583          11.659        0.754275 
        4.33197         11.6161        0.751509 
         4.3381         11.5925         0.74876 
        4.34424         11.5374        0.746026 
        4.35038         11.5234        0.743301 
        4.35652         11.4667        0.740592 
        4.36265          11.425        0.737899 
        4.36878         11.4008        0.735219 
        4.37492         11.3423         0.73255 
        4.38106         11.3067        0.729893 
        4.38719         11.2645        0.727254 
        4.39333         11.2446        0.724628 
        4.39946         11.2044        0.722012 
         4.4056         11.1625         0.71941 
        4.41173         11.1222         0.71682 
        4.41786         11.0824        0.714247 
          4.424         11.0456        0.711683 
        4.43014         11.0158        0.709128 
        4.43628         10.9662        0.706587 
        4.44241         10.9296        0.704062 
        4.44855         10.9012        0.701547 
        4.45469         10.8594        0.699043 
        4.46083         10.8213        0.696554 
        4.46696          10.796        0.694079 
        4.47309         10.7524        0.691612 
        4.47923         10.7168        0.689158 
        4.48537         10.6832        0.686717 
         4.4915         10.6502        0.684288 
        4.49764         10.6104        0.681869 
        4.50378           10.58        0.679461 
        4.50991         10.5447        0.677069 
        4.51604          10.512        0.674687 
        4.52218         10.4791        0.672313 
        4.52832         10.4407        0.669952 
        4.53445         10.4141        0.667604 
        4.54059         10.3657        0.665267 
        4.54673         10.3346        0.662939 
        4.55286         10.2984        0.660623 
          4.559         10.2708        0.658319 
        4.56513         10.2323        0.656027 
        4.57127         10.2068        0.653744 
        4.57741         10.1675        0.651471 
        4.58354         10.1319        0.649211 
        4.58968         10.1051        0.646961 
        4.59582         10.0677         0.64472 
        4.60195         10.0357        0.642492 
        4.60809         10.0097        0.640275 
        4.61422          9.9657        0.638067 
        4.62036         9.93422         0.63587 
        4.62649         9.90255        0.633682 
        4.63263         9.87553        0.631506 
        4.63876         9.84672        0.629339 
         4.6449         9.81754        0.627182 
        4.65104         9.78058        0.625036 
        4.65717         9.73815        0.622901 
        4.66331         9.72237        0.620774 
        4.66944         9.69352        0.618658 
        4.67558         9.65687        0.616553 
        4.68171         9.62553        0.614456 
        4.68785         9.58972        0.612367 
        4.69399         9.56176         0.61029 
        4.70012         9.53046        0.608225 
        4.70625         9.50329        0.606167 
        4.71239          9.4752        0.604118 
        4.71853         9.43969        0.602079 
        4.72467         9.40921        0.600048 
         4.7308         9.38036        0.598028 
        4.73694         9.35754        0.596018 
        4.74308         9.32073        0.594016 
        4.74922         9.29348        0.592022 
        4.75535         9.27456         0.59004 
        4.76148         9.23377        0.588068 
        4.76762          9.2001        0.586101 
        4.77376         9.18083        0.584144 
        4.77989         9.14344        0.582199 
        4.78602         9.12497        0.580261 
        4.79216         9.09938         0.57833 
         4.7983         9.06419        0.576409 
        4.80443         9.03189        0.574499 
        4.81056         9.00146        0.572596 
         4.8167         8.97636          0.5707 
        4.82284         8.95715        0.568813 
        4.82898         8.91967        0.566936 
        4.83511         8.90106        0.565067 
        4.84125         8.86878        0.563205 
        4.84739         8.84369        0.561353 
        4.85352         8.81343         0.55951 
        4.85965         8.78987        0.557675 
        4.86579         8.75845        0.555847 
        4.87193         8.73296        0.554027 
        4.87807         8.70326        0.552216 
         4.8842         8.68621        0.550413 
        4.89034         8.65554        0.548617 
        4.89647         8.63872         0.54683 
        4.90261         8.60667        0.545051 
        4.90874          8.5816        0.543281 
        4.91488         8.55304        0.541518 
        4.92102         8.52647        0.539762 
        4.92715         8.51045        0.538014 
        4.93329         8.47281        0.536275 
        4.93942         8.45887        0.534542 
        4.94556         8.43652        0.532816 
         4.9517         8.39878        0.531099 
        4.95783          8.3794         0.52939 
        4.96397         8.35568        0.527688 
        4.97011         8.32527        0.525993 
        4.97624         8.30322        0.524306 
        4.98238         8.27773        0.522627 
        4.98851         8.25237        0.520956 
        4.99465         8.23205         0.51929 
        5.00078         8.20954        0.517633 
        5.00691         8.18597        0.515984 
        5.01305         8.15755        0.514341 
        5.01919          8.1385        0.512703 
        5.02533         8.11735        0.511074 
        5.03146         8.08389        0.509453 
         5.0376          8.0669        0.507838 
        5.04374         8.04358         0.50623 
        5.04987         8.01667        0.504628 
        5.05601         7.99977        0.503035 
        5.06215         7.98034        0.501447 
        5.06829          7.9577        0.499866 
        5.07442         7.93749        0.498294 
        5.08055         7.91461        0.496729 
        5.08668         7.88687        0.495168 
        5.09282         7.86463        0.493614 
        5.09896         7.84312        0.492069 
        5.10509         7.82276         0.49053 
        5.11123         7.79716        0.488996 
        5.11736         7.77653        0.487469 
         5.1235         7.75729        0.485949 
        5.12964         7.73369        0.484435 
        5.13577         7.70287        0.482927 
        5.14191         7.69482        0.481426 
        5.14804         7.66936        0.479933 
        5.15418         7.65072        0.478445 
        5.16032           7.627        0.476962 
        5.16645         7.60153        0.475486 
        5.17259         7.58449        0.474017 
        5.17872         7.56826        0.472555 
        5.18486         7.53691        0.471097 
          5.191         7.52395        0.469645 
        5.19713         7.51131        0.468202 
        5.20327         7.48581        0.466763 
        5.20941         7.46646         0.46533 
        5.21555         7.44663        0.463902 
        5.22168         7.42582        0.462482 
        5.22781         7.40346        0.461068 
        5.23395         7.38298         0.45966 
        5.24009         7.36247        0.458256 
        5.24622         7.34938        0.456859 
        5.25236         7.33271        0.455469 
         5.2585          7.3086        0.454082 
        5.26463         7.28407        0.452702 
        5.27077         7.26522        0.451328 
         5.2769         7.25341        0.449961 
        5.28304         7.23749        0.448598 
        5.28917         7.21117        0.447242 
         5.2953         7.19644        0.445892 
        5.30144         7.17179        0.444546 
        5.30757         7.15582        0.443206 
        5.31371         7.13821        0.441871 
        5.31985         7.11798        0.440541 
        5.32599         7.10485        0.439216 
        5.33213          7.0856        0.437898 
        5.33826         7.07297        0.436585 
         5.3444         7.05144        0.435278 
        5.35053         7.03376        0.433976 
        5.35667         7.01581        0.432679 
        5.36281         7.00199        0.431387 
        5.36894          6.9822        0.430101 
        5.37507         6.96515        0.428821 
        5.38121         6.94715        0.427545 
        5.38735          6.9341        0.426274 
        5.39348         6.91919        0.425009 
        5.39961         6.90051         0.42375 
        5.40575         6.88467        0.422494 
        5.41189         6.85926        0.421243 
        5.41803         6.84675        0.419998 
        5.42416         6.83001        0.418758 
         5.4303         6.81432        0.417523 
        5.43644         6.80212        0.416293 
        5.44257         6.77999        0.415068 
        5.44871         6.76558        0.413848 
        5.45484         6.75205        0.412633 
        5.46098         6.73724        0.411422 
        5.46712         6.71759        0.410216 
        5.47325         6.70251        0.409016 
        5.47938         6.68808        0.407821 
        5.48552         6.67353        0.406631 
        5.49165         6.66087        0.405444 
        5.49779         6.64586        0.404263 
        5.50393         6.62778        0.403085 
        5.51006         6.61481        0.401912 
         5.5162         6.59898        0.400745 
        5.52234         6.59209        0.399582 
        5.52847         6.56768        0.398424 
        5.53461         6.55875         0.39727 
        5.54075         6.54032        0.396121 
        5.54688          6.5262        0.394976 
        5.55302          6.5114        0.393836 
        5.55915         6.49315          0.3927 
        5.56529         6.48696        0.391569 
        5.57143         6.47188        0.390443 
        5.57756         6.45878         0.38932 
         5.5837         6.44013        0.388202 
        5.58983         6.42819         0.38709 
        5.59597         6.42082        0.385981 
         5.6021         6.40143        0.384876 
        5.60824         6.39147        0.383775 
        5.61438         6.37975        0.382679 
        5.62051         6.36603        0.381587 
        5.62665         6.35104        0.380499 
        5.63278         6.33696        0.379416 
        5.63892         6.32531        0.378337 
        5.64505         6.31061        0.377262 
        5.65119         6.30241        0.376191 
        5.65733          6.2859        0.375125 
        5.66346         6.27004        0.374062 
         5.6696         6.26365        0.373004 
        5.67573         6.24581         0.37195 
        5.68187         6.23623        0.370899 
          5.688         6.22019        0.369854 
        5.69414         6.21422        0.368811 
        5.70028         6.20133        0.367773 
        5.70642         6.19438        0.366738 
        5.71255         6.17996        0.365708 
        5.71869         6.16479        0.364682 
        5.72482         6.15517         0.36366 
        5.73096         6.14613        0.362642 
        5.73709         6.13567        0.361628 
        5.74322         6.12407        0.360618 
        5.74936         6.10848         0.35961 
         5.7555         6.10184        0.358607 
        5.76164         6.09154        0.357608 
        5.76777         6.07579        0.356613 
        5.77391         6.06417        0.355621 
        5.78005         6.05502        0.354633 
        5.78618          6.0484        0.353649 
        5.79231         6.03753         0.35267 
        5.79845         6.02812        0.351693 
        5.80459         6.01502        0.350719 
        5.81073         6.00709        0.349751 
        5.81686         6.00098        0.348786 
          5.823         5.99104        0.347823 
        5.82914         5.97542        0.346865 
        5.83527         5.97218        0.345911 
         5.8414          5.9594         0.34496 
        5.84754         5.94758        0.344012 
        5.85368         5.94125        0.343068 
        5.85981         5.93407        0.342128 
        5.86595         5.91912        0.341191 
        5.87208         5.91597        0.340258 
        5.87822         5.90894        0.339329 
        5.88435         5.89825        0.338403 
        5.89049         5.88737         0.33748 
        5.89662         5.87804         0.33656 
        5.90276         5.87478        0.335644 
         5.9089         5.86422        0.334731 
        5.91503          5.8561        0.333822 
        5.92117         5.84638        0.332916 
        5.92731         5.84085        0.332013 
        5.93344         5.83393        0.331114 
        5.93958         5.82227        0.330219 
        5.94572         5.81728        0.329326 
        5.95186         5.80775        0.328436 
        5.95799         5.80116        0.327551 
        5.96412         5.79511        0.326668 
        5.97026         5.78701        0.325788 
         5.9764         5.78014        0.324912 
        5.98253          5.7753         0.32404 
        5.98866         5.77109         0.32317 
         5.9948         5.75817        0.322303 
        6.00094         5.75344         0.32144 
        6.00707         5.74777         0.32058 
        6.01321         5.74045        0.319722 
        6.01935         5.73564        0.318868 
        6.02548         5.72584        0.318018 
        6.03162         5.72227         0.31717 
        6.03775         5.71877        0.316326 
        6.04389         5.71122        0.315484 
        6.05003         5.70359        0.314645 
        6.05617         5.70317        0.313809 
         6.0623         5.69604        0.312976 
        6.06844          5.6863        0.312147 
        6.07457         5.68255        0.311321 
         6.0807         5.67848        0.310498 
        6.08684         5.67433        0.309678 
        6.09298         5.66443         0.30886 
        6.09912         5.66336        0.308045 
        6.10525         5.65838        0.307233 
        6.11138          5.6537        0.306425 
        6.11752         5.65129        0.305619 
        6.12366         5.64495        0.304816 
        6.12979         5.64101        0.304016 
        6.13593         5.63657        0.303219 
        6.14207         5.63492        0.302424 
         6.1482         5.62529        0.301633 
        6.15434         5.62244        0.300844 
        6.16047          5.6202        0.300059 
        6.16661         5.61629        0.299276 
        6.17274         5.61739        0.298495 
        6.17887         5.61186        0.297718 
        6.18501         5.61098        0.296944 
        6.19115           5.604        0.296172 
        6.19729         5.59894        0.295402 
        6.20342         5.60042        0.294635 
        6.20956         5.59785        0.293872 
         6.2157         5.59721         0.29311 
        6.22183         5.58928        0.292352 
        6.22797         5.58982        0.291597 
         6.2341         5.58369        0.290844 
        6.24024         5.58536        0.290093 
        6.24638         5.58523        0.289345 
        6.25251         5.58064          0.2886 
        6.25865         5.58051        0.287858 
        6.26478         5.57712        0.287118 
        6.27092         5.57505        0.286381 
        6.27705         5.57404        0.285647 
        6.28318         5.56881        0.284915 
