# k  (h/Mpc)    Pcb(k)  (Mpc/h)^3    Pcb_linear(k)  (Mpc/h)^3
     0.00783031         13129.8         13315.9 
       0.013688         17127.4         16993.2 
       0.019231         17612.8         17602.7 
      0.0249154         16248.2         16602.7 
      0.0312784         14489.7         14677.9 
      0.0375637         12704.3         12747.9 
      0.0433917           11045         11288.5 
      0.0492413         10093.4         10214.9 
      0.0555754         9065.97         9402.14 
      0.0619321         8726.55         8778.95 
       0.067871         7936.87         8222.45 
      0.0738098         7339.81         7606.87 
      0.0800417         6567.78         6887.01 
      0.0862327         5950.58         6149.86 
      0.0921407         5421.59          5497.1 
      0.0982031          4853.2            4936 
       0.104506         4559.61         4494.46 
       0.110769         4237.03         4185.73 
       0.116806         3997.78         3972.95 
       0.122832         3824.34          3797.4 
       0.129052         3559.42          3612.7 
       0.135211         3370.51         3401.94 
       0.141259         3211.85         3166.66 
       0.147318         3014.15         2918.89 
       0.153489         2758.09         2677.91 
       0.159709         2606.86         2467.65 
       0.165845         2512.26         2302.62 
       0.171974         2375.84         2178.45 
       0.178125          2267.5         2084.23 
       0.184229         2179.16         2006.22 
        0.19034         2060.06         1929.65 
       0.196428         2020.61         1845.76 
       0.202534         1943.65         1751.55 
       0.208729         1853.12         1649.36 
       0.214876         1771.65         1548.67 
       0.220989         1712.89         1456.54 
       0.227147         1637.51         1376.75 
        0.23329         1575.84         1311.47 
       0.239377         1553.25          1258.9 
       0.245482         1458.16         1214.09 
       0.251667         1451.34         1172.05 
       0.257832         1395.95          1129.6 
       0.263955         1350.78         1084.95 
       0.270079          1305.5            1038 
        0.27624         1291.47          990.17 
       0.282372            1237         944.303 
        0.28843         1228.01         902.706 
       0.294538         1168.02         865.553 
       0.300721         1163.28          832.89 
        0.30691         1116.66          804.14 
       0.313033         1095.91         778.195 
       0.319153         1076.77         753.276 
       0.325316         1041.99         728.237 
        0.33145         1018.43         702.919 
       0.337538         1002.98         677.658 
       0.343633         979.086          652.77 
       0.349808         946.922         628.692 
       0.355968         941.311         606.335 
       0.362074         931.068          586.04 
       0.368217         903.363         567.414 
       0.374374          868.66         550.156 
       0.380519         869.498         533.914 
       0.386598         846.956          518.37 
       0.392688         844.257         503.053 
        0.39888          820.03         487.674 
       0.405048         808.867         472.596 
       0.411186         797.612         458.028 
       0.417313         781.443         444.116 
       0.423458         768.777         430.902 
       0.429607         757.856         418.477 
       0.435692         741.879         406.922 
       0.441815         737.017         395.889 
       0.447964         721.514         385.279 
       0.454126         712.571         375.003 
       0.460267         697.425          365.02 
       0.466387         689.834         355.296 
        0.47254         681.818         345.784 
       0.478662         677.824         336.625 
       0.484765         658.255         327.831 
       0.490885         653.793         319.379 
       0.497035         640.896         311.272 
       0.503198         635.971         303.508 
       0.509342         629.812         296.072 
       0.515458         625.944          288.93 
       0.521598         611.246         281.988 
       0.527764         599.415         275.223 
       0.533884         598.538          268.69 
           0.54         591.321         262.346 
       0.546137         588.056         256.174 
       0.552299         578.627         250.188 
       0.558452         575.637         244.424 
       0.564573           567.4         238.891 
       0.570708         560.934         233.533 
       0.576825         546.171         228.369 
       0.582926         547.954         223.382 
       0.589034         543.083          218.54 
       0.595184         537.916         213.805 
       0.601379         530.863         209.169 
       0.607522         523.585         204.699 
       0.613639         523.558         200.375 
       0.619772         510.816         196.168 
       0.625918          509.35         192.082 
       0.632068         502.313         188.119 
       0.638161         500.644          184.31 
         0.6443         491.474         180.582 
       0.650464         489.268         176.946 
       0.656582         486.843         173.435 
       0.662703         484.308         170.018 
       0.668861         475.829         166.673 
       0.675024         472.266         163.417 
       0.681124         469.233         160.281 
       0.687237         465.032         157.223 
       0.693381         459.285         154.233 
       0.699536          453.05         151.316 
       0.705665         451.633         148.489 
       0.711789         448.814         145.738 
       0.717957         444.845         143.039 
        0.72409         442.039         140.424 
       0.730186         436.387         137.891 
       0.736317         433.166         135.409 
       0.742472         431.506         132.979 
       0.748622          426.43         130.611 
        0.75476         421.364         128.308 
       0.760888         417.147         126.064 
       0.767043         417.977         123.865 
       0.773185         412.764         121.725 
       0.779291         407.883         119.648 
       0.785407         405.943         117.616 
       0.791564         401.146          115.62 
       0.797719         398.925         113.672 
       0.803834         395.558         111.782 
       0.809972         394.169         109.928 
       0.816124         393.499         108.113 
       0.822261         387.651         106.345 
       0.828378         385.504         104.622 
       0.834502          382.28         102.936 
       0.840667         378.614         101.276 
       0.846816         377.071         99.6591 
       0.852925         374.057         98.0877 
       0.859047         372.704         96.5473 
       0.865192         368.489         95.0355 
       0.871341         365.646         93.5555 
       0.877463         364.328         92.1141 
       0.883569         361.841         90.7072 
       0.889708         358.834         89.3228 
       0.895864          355.95         87.9642 
       0.902008         353.912          86.637 
       0.908149         351.221         85.3383 
       0.914301         347.813         84.0645 
       0.920448         345.784         82.8182 
       0.926574         341.569         81.6019 
       0.932687         342.222         80.4129 
       0.938823           338.2         79.2436 
       0.944975         337.896         78.0952 
       0.951105         334.393         76.9739 
       0.957225         332.193         75.8768 
       0.963368           328.4         74.7977 
       0.969511         327.174         73.7397 
       0.975621         324.605         72.7081 
       0.981748         324.254         71.6939 
       0.987916          321.74         70.6929 
        0.99406          316.69         69.7149 
        1.00019          316.56         68.7576 
        1.00632         314.736         67.8194 
        1.01246         312.119         66.8975 
        1.01859         312.698         65.9943 
        1.02471         307.902         65.1092 
        1.03085         305.901         64.2374 
        1.03698         305.114         63.3835 
        1.04314         302.034         62.5417 
        1.04929         299.735         61.7174 
        1.05541         300.228         60.9114 
        1.06154         295.473         60.1179 
        1.06769         294.796         59.3376 
        1.07382         292.992         58.5738 
        1.07993         290.939         57.8254 
        1.08607         290.112         57.0871 
        1.09222         287.728          56.361 
        1.09836          285.71         55.6486 
        1.10449         282.815         54.9495 
        1.11063         280.534         54.2617 
        1.11677         280.332         53.5861 
         1.1229         278.437         52.9232 
        1.12903         276.475         52.2712 
        1.13518           274.5         51.6297 
        1.14131         272.749         50.9994 
        1.14745         272.103         50.3801 
        1.15359         269.752         49.7712 
        1.15973         268.251         49.1721 
        1.16584         266.104         48.5857 
        1.17197         265.954         48.0081 
        1.17811         263.026         47.4382 
        1.18424         261.357         46.8794 
        1.19038         260.482          46.328 
        1.19652         258.465         45.7858 
        1.20267         257.877         45.2523 
        1.20881         255.693         44.7276 
        1.21495         253.954         44.2121 
        1.22108         252.627         43.7048 
         1.2272         250.883         43.2068 
        1.23334         249.571         42.7155 
        1.23949         248.216         42.2308 
        1.24562         247.016          41.755 
        1.25174         244.766         41.2872 
        1.25789         243.083         40.8253 
        1.26402          241.67         40.3714 
        1.27014           240.2         39.9255 
        1.27628         239.034          39.485 
        1.28244         238.689         39.0504 
        1.28858         236.043          38.623 
        1.29471         234.254          38.203 
        1.30084         233.414         37.7897 
        1.30697         231.858          37.382 
        1.31312         229.837         36.9797 
        1.31925          229.67         36.5846 
        1.32537         228.367         36.1958 
        1.33151         226.134         35.8113 
        1.33765         224.741         35.4327 
        1.34378         223.978         35.0603 
        1.34992         222.769         34.6931 
        1.35606         222.661         34.3304 
         1.3622         220.577         33.9736 
        1.36833         218.328         33.6227 
        1.37445         217.537         33.2771 
        1.38059         215.806         32.9352 
        1.38675         215.102         32.5974 
        1.39288         213.599         32.2658 
        1.39901         213.313         31.9389 
        1.40515         211.175         31.6159 
         1.4113         210.027         31.2975 
        1.41742         208.702         30.9847 
        1.42355         207.401         30.6757 
         1.4297         206.045           30.37 
        1.43585         205.024         30.0686 
        1.44198         203.892         29.7725 
        1.44809         203.104          29.481 
        1.45423         201.665         29.1923 
        1.46036         200.681          28.908 
        1.46649         199.116         28.6275 
        1.47263         197.808         28.3505 
        1.47877         196.928         28.0773 
        1.48491         195.287         27.8072 
        1.49104         194.871         27.5414 
        1.49718          192.87         27.2788 
        1.50333         192.279         27.0193 
        1.50947         191.384         26.7637 
         1.5156         189.673         26.5119 
        1.52172         188.883         26.2633 
        1.52787         187.361         26.0174 
          1.534         186.996         25.7749 
        1.54013         185.489         25.5359 
        1.54627         184.614         25.2995 
        1.55241         183.359          25.066 
        1.55855         182.278         24.8359 
        1.56467         181.069         24.6093 
         1.5708         180.584         24.3849 
        1.57695         179.219          24.163 
        1.58308          178.49         23.9443 
        1.58922         177.128         23.7283 
        1.59535         175.824          23.515 
         1.6015         175.484         23.3041 
        1.60764         174.175         23.0958 
        1.61376         172.993         22.8908 
        1.61989         172.185          22.688 
        1.62604         171.167         22.4873 
        1.63218         170.342         22.2892 
        1.63831          169.22         22.0939 
        1.64444         168.552         21.9009 
        1.65059         167.278         21.7097 
        1.65673         166.109         21.5211 
        1.66285         165.651         21.3353 
        1.66898         164.394         21.1516 
        1.67512         164.145         20.9697 
        1.68127         162.366         20.7898 
         1.6874         161.359         20.6125 
        1.69353         160.974         20.4373 
        1.69967         159.713         20.2638 
        1.70581         158.974         20.0923 
        1.71193         157.805         19.9235 
        1.71806         157.395         19.7563 
        1.72421         156.237         19.5908 
        1.73035         155.899         19.4273 
        1.73649          154.86         19.2657 
        1.74262         153.641         19.1061 
        1.74876         153.076         18.9482 
        1.75489         151.904         18.7925 
        1.76101         151.003         18.6385 
        1.76715         150.533         18.4861 
        1.77329         149.946         18.3352 
        1.77943         148.669          18.186 
        1.78557         148.003         18.0386 
        1.79171         147.201         17.8928 
        1.79785         146.142         17.7487 
        1.80399         145.388         17.6062 
        1.81012         144.595         17.4654 
        1.81625         143.943         17.3263 
        1.82239         143.225         17.1884 
        1.82853         142.537         17.0522 
        1.83466         141.521         16.9176 
        1.84078         140.998         16.7845 
        1.84692         139.632         16.6527 
        1.85306         139.507         16.5222 
         1.8592         138.405         16.3933 
        1.86533          137.43         16.2658 
        1.87147         136.669         16.1395 
        1.87761         136.248         16.0146 
        1.88375         134.934         15.8911 
        1.88988         134.467         15.7691 
        1.89601         133.639         15.6483 
        1.90215         132.999         15.5287 
        1.90829         132.406         15.4103 
        1.91442         131.657         15.2933 
        1.92056         130.871         15.1775 
         1.9267         130.362         15.0629 
        1.93284         129.603         14.9493 
        1.93897         128.672         14.8372 
        1.94509         128.204         14.7264 
        1.95123         127.529         14.6165 
        1.95737         126.925         14.5077 
        1.96349         126.158         14.4002 
        1.96964         125.108         14.2936 
        1.97578          124.41         14.1879 
        1.98192         124.135         14.0836 
        1.98805         123.078         13.9803 
        1.99419         122.665         13.8781 
        2.00033         121.891         13.7768 
        2.00647         121.462         13.6766 
         2.0126         120.416         13.5775 
        2.01874         119.947         13.4793 
        2.02488         119.471         13.3819 
        2.03101          118.46         13.2858 
        2.03714          117.94         13.1906 
        2.04328         117.386         13.0963 
        2.04941         116.663          13.003 
        2.05554         115.906         12.9107 
        2.06167         115.623         12.8192 
        2.06781         114.908         12.7285 
        2.07396         114.052         12.6386 
        2.08009         113.618         12.5497 
        2.08622         113.082         12.4618 
        2.09237         112.197         12.3745 
        2.09851         111.758         12.2881 
        2.10464          111.19         12.2027 
        2.11077         110.737         12.1181 
        2.11691         110.166         12.0342 
        2.12305         109.148         11.9511 
        2.12918         108.683          11.869 
        2.13531         108.235         11.7877 
        2.14145         107.441         11.7069 
         2.1476         106.758         11.6268 
        2.15372         106.426         11.5478 
        2.15985         106.022         11.4695 
        2.16599         105.359         11.3918 
        2.17213         104.621         11.3148 
        2.17827         104.309         11.2385 
         2.1844         103.483         11.1631 
        2.19054         103.147         11.0883 
        2.19666         102.666         11.0143 
         2.2028         102.027         10.9409 
        2.20893          101.47         10.8682 
        2.21508         100.843          10.796 
        2.22122         100.359         10.7245 
        2.22736         99.9519         10.6538 
        2.23349         99.4574         10.5837 
        2.23962         98.7242         10.5142 
        2.24577         98.4278         10.4453 
         2.2519         98.0105         10.3771 
        2.25802         97.0673         10.3097 
        2.26417         96.7943         10.2426 
        2.27031         96.2578         10.1761 
        2.27644         95.7183         10.1104 
        2.28257         95.1747         10.0452 
        2.28872         94.7287         9.98053 
        2.29486          94.172         9.91644 
        2.30099         93.7996         9.85303 
        2.30712         93.3034         9.79016 
        2.31326         92.7424         9.72774 
         2.3194         92.1743         9.66589 
        2.32553         91.8339          9.6047 
        2.33166         91.2977         9.54406 
         2.3378          90.796         9.48386 
        2.34394         90.4019         9.42417 
        2.35007         89.8796         9.36508 
        2.35619         89.4702         9.30657 
        2.36233         88.9504         9.24843 
        2.36848         88.3795         9.19067 
        2.37462         87.9623         9.13352 
        2.38075         87.6162         9.07692 
        2.38689         87.0896         9.02075 
        2.39303          86.477         8.96507 
        2.39916         86.1433         8.90992 
        2.40529         85.8423         8.85524 
        2.41143          85.274         8.80099 
        2.41757         84.9095         8.74716 
         2.4237          84.494         8.69389 
        2.42983         83.9524         8.64107 
        2.43598         83.5589         8.58855 
        2.44211         83.2882         8.53655 
        2.44823         82.7622         8.48511 
        2.45437         82.1353         8.43395 
        2.46052          81.737         8.38317 
        2.46665         81.4771          8.3329 
        2.47279         80.9916         8.28307 
        2.47892         80.6656         8.23361 
        2.48507         80.1411         8.18451 
         2.4912         79.8633          8.1359 
        2.49733         79.3853         8.08773 
        2.50347         79.0449         8.03985 
        2.50961         78.5817         7.99236 
        2.51575          78.189         7.94529 
        2.52188         77.7896         7.89866 
        2.52802         77.3777         7.85235 
        2.53416         77.0589          7.8064 
        2.54029         76.5496          7.7609 
        2.54641         76.1705         7.71577 
        2.55255         75.7166         7.67097 
        2.55869         75.4398         7.62645 
        2.56483         75.1031         7.58235 
        2.57096         74.6378         7.53865 
        2.57709         74.2227         7.49528 
        2.58323         73.7855         7.45221 
        2.58937         73.5663         7.40946 
        2.59551         73.2255          7.3671 
        2.60164         72.8625         7.32508 
        2.60778         72.4671         7.28335 
        2.61392          72.054         7.24196 
        2.62006         71.7154         7.20091 
        2.62619         71.4284         7.16022 
        2.63232         70.9969         7.11984 
        2.63846         70.6581         7.07972 
        2.64459         70.3471         7.03997 
        2.65072         69.9099         7.00053 
        2.65686         69.5473         6.96138 
          2.663         69.2384         6.92247 
        2.66915         68.9563         6.88386 
        2.67527         68.5484         6.84565 
        2.68141         68.2505          6.8077 
        2.68755         67.9434            6.77 
        2.69368         67.6243         6.73262 
        2.69981         67.2093         6.69558 
        2.70595         66.8408         6.65873 
        2.71209         66.6616         6.62215 
        2.71823         66.2359          6.5859 
        2.72436         65.9447         6.54994 
         2.7305         65.5799         6.51422 
        2.73663         65.2916         6.47878 
        2.74276         64.9333         6.44365 
         2.7489         64.6416         6.40874 
        2.75504         64.2396         6.37406 
        2.76118         63.9956         6.33962 
        2.76732         63.6085         6.30549 
        2.77345         63.4136         6.27162 
        2.77959         63.1106           6.238 
        2.78572         62.7995         6.20463 
        2.79186         62.3935         6.17151 
        2.79798         62.1491         6.13868 
        2.80412         61.8403         6.10602 
        2.81027         61.4586         6.07356 
         2.8164         61.2692         6.04141 
        2.82253         60.9477          6.0095 
        2.82867         60.6526          5.9778 
        2.83481         60.3357         5.94633 
        2.84095         59.9942         5.91508 
        2.84708         59.6918         5.88409 
        2.85322         59.4408          5.8533 
        2.85935         59.2262         5.82273 
        2.86549         58.8173          5.7924 
        2.87162         58.6899         5.76228 
        2.87776         58.3075         5.73239 
        2.88389         58.0079         5.70269 
        2.89003         57.8057         5.67322 
        2.89617         57.4774         5.64395 
        2.90231         57.1697         5.61488 
        2.90844         56.9506         5.58603 
        2.91458          56.689         5.55738 
        2.92071         56.3985         5.52897 
        2.92684         56.1679         5.50073 
        2.93298         55.8301          5.4727 
         2.9391         55.5413         5.44491 
        2.94524          55.339         5.41726 
        2.95138         55.0842         5.38981 
        2.95752         54.7625         5.36251 
        2.96367         54.6274          5.3354 
         2.9698         54.4031         5.30854 
        2.97594         54.0677         5.28183 
        2.98207         53.8282         5.25532 
        2.98821         53.5377         5.22901 
        2.99434         53.2679         5.20287 
        3.00048         52.9277         5.17691 
        3.00662         52.8306         5.15111 
        3.01275         52.5218         5.12553 
        3.01888         52.2889         5.10012 
        3.02503         52.0415         5.07484 
        3.03117         51.7588         5.04974 
        3.03729         51.5529         5.02488 
        3.04342         51.3229         5.00016 
        3.04957         51.0839         4.97555 
         3.0557         50.8536         4.95114 
        3.06183         50.5801         4.92695 
        3.06796         50.3577         4.90289 
        3.07411         50.1495         4.87893 
        3.08025         49.8877         4.85519 
        3.08637         49.6295         4.83164 
         3.0925         49.4173         4.80822 
        3.09865         49.2382         4.78491 
         3.1048         49.0072         4.76176 
        3.11093         48.7466         4.73881 
        3.11706         48.6022         4.71601 
         3.1232         48.2798         4.69336 
        3.12933         48.0855         4.67084 
        3.13547         47.7961         4.64849 
        3.14159         47.6806         4.62631 
        3.14773         47.3569         4.60424 
        3.15388         47.2094         4.58229 
        3.16001         46.9409         4.56053 
        3.16614         46.7116         4.53891 
        3.17228         46.5248         4.51742 
        3.17842         46.2789         4.49607 
        3.18455         46.0654         4.47487 
        3.19068         45.8522         4.45382 
        3.19682         45.6708         4.43287 
        3.20297         45.3827         4.41206 
         3.2091          45.228         4.39139 
        3.21524         45.0475         4.37086 
        3.22138         44.9224         4.35047 
         3.2275         44.7155         4.33023 
        3.23363         44.4954         4.31012 
        3.23977         44.2781         4.29011 
        3.24591         44.0587         4.27024 
        3.25205         43.8467         4.25047 
        3.25818         43.6243         4.23084 
        3.26432         43.4352         4.21135 
        3.27046         43.2597         4.19197 
         3.2766           43.06         4.17272 
        3.28273         42.8925         4.15359 
        3.28887         42.5882         4.13459 
          3.295         42.4321         4.11571 
        3.30113         42.2339         4.09695 
        3.30727         42.1017          4.0783 
        3.31341         41.9372         4.05978 
        3.31954           41.74         4.04137 
        3.32568         41.5604         4.02306 
        3.33182         41.3385         4.00487 
        3.33795         41.1583         3.98682 
        3.34409         40.9739         3.96885 
        3.35022         40.7829           3.951 
        3.35636         40.6219         3.93327 
         3.3625         40.3968         3.91564 
        3.36864         40.2382         3.89812 
        3.37477         40.0279         3.88071 
        3.38091         39.8783         3.86342 
        3.38704         39.6795         3.84623 
        3.39318         39.5165         3.82914 
        3.39931          39.387         3.81216 
        3.40545         39.2052         3.79528 
        3.41158          39.005         3.77851 
        3.41772         38.8853         3.76184 
        3.42385         38.7076         3.74528 
        3.42998         38.4872         3.72882 
        3.43612         38.3016         3.71245 
        3.44226         38.1829         3.69618 
         3.4484         37.9695         3.67998 
        3.45453         37.8764         3.66392 
        3.46066         37.6965         3.64796 
        3.46681         37.4642         3.63205 
        3.47295         37.3609         3.61625 
        3.47908         37.1833         3.60058 
        3.48521         37.0056           3.585 
        3.49135         36.8412         3.56949 
        3.49749         36.6691         3.55407 
        3.50362         36.5332         3.53876 
        3.50976         36.3614         3.52354 
        3.51589          36.196          3.5084 
        3.52203         36.0542         3.49335 
        3.52816         35.9025         3.47842 
        3.53429         35.7829         3.46355 
        3.54043         35.5819         3.44875 
        3.54657         35.4114         3.43405 
        3.55271         35.2441         3.41945 
        3.55884         35.1098         3.40494 
        3.56498         34.9847         3.39049 
        3.57112         34.7743         3.37613 
        3.57725         34.6465         3.36187 
        3.58338         34.5184          3.3477 
        3.58952         34.3759          3.3336 
        3.59566         34.2514         3.31956 
         3.6018         34.0954         3.30562 
        3.60793         33.9236         3.29177 
        3.61407         33.7627           3.278 
        3.62021         33.6413          3.2643 
        3.62634         33.4653         3.25068 
        3.63247         33.3592         3.23715 
        3.63861         33.2132         3.22369 
        3.64475         33.0848         3.21029 
        3.65089         32.9471         3.19698 
        3.65702         32.8044         3.18377 
        3.66316          32.673         3.17061 
        3.66929         32.5198         3.15753 
        3.67543          32.388         3.14453 
        3.68156         32.2473          3.1316 
        3.68769         32.0835         3.11874 
        3.69383         31.9444         3.10595 
        3.69997         31.8297         3.09324 
        3.70611         31.7201          3.0806 
        3.71224         31.5797         3.06803 
        3.71838         31.4293         3.05552 
        3.72451         31.3166          3.0431 
        3.73065         31.1778         3.03075 
        3.73678         31.0691         3.01847 
        3.74292         30.8969         3.00624 
        3.74906         30.7722         2.99408 
        3.75519         30.6788           2.982 
        3.76133         30.5017         2.96998 
        3.76746         30.3768         2.95804 
         3.7736         30.2777         2.94616 
        3.77974         30.1755         2.93434 
        3.78588         30.0011         2.92258 
        3.79201         29.8852          2.9109 
        3.79814         29.7871         2.89928 
        3.80428         29.6665         2.88772 
        3.81042         29.5318         2.87622 
        3.81655         29.4418         2.86479 
        3.82268         29.3083         2.85343 
        3.82882         29.1476         2.84213 
        3.83496          29.059         2.83088 
        3.84109         28.9284         2.81969 
        3.84723         28.7874         2.80858 
        3.85337         28.7053          2.7975 
        3.85951         28.5722         2.78649 
        3.86565          28.439         2.77555 
        3.87178         28.3309         2.76468 
        3.87791         28.2905         2.75386 
        3.88405         28.1095          2.7431 
        3.89019         28.0193         2.73239 
        3.89632         27.8779         2.72174 
        3.90246         27.7641         2.71115 
         3.9086          27.657         2.70061 
        3.91473         27.5683         2.69014 
        3.92086         27.4526         2.67973 
        3.92699         27.3097         2.66937 
        3.93313         27.2263         2.65905 
        3.93927         27.1343          2.6488 
         3.9454         26.9676          2.6386 
        3.95154         26.9057         2.62845 
        3.95768         26.7654         2.61835 
        3.96382         26.7127         2.60831 
        3.96995         26.5512         2.59832 
        3.97609         26.4669         2.58839 
        3.98222         26.3568         2.57852 
        3.98836         26.2637         2.56869 
         3.9945         26.1508         2.55891 
        4.00063         26.0275         2.54919 
        4.00677         25.9267         2.53951 
        4.01291         25.8372         2.52988 
        4.01904         25.7392         2.52031 
        4.02517         25.5939          2.5108 
        4.03131         25.5372         2.50132 
        4.03745         25.3857         2.49189 
        4.04358         25.3215         2.48252 
        4.04972          25.242         2.47319 
        4.05585         25.1358         2.46391 
        4.06199         25.0189         2.45468 
        4.06812          24.927          2.4455 
        4.07426         24.8224         2.43637 
         4.0804            24.7         2.42727 
        4.08654         24.6087         2.41823 
        4.09267         24.5428         2.40924 
         4.0988         24.4527          2.4003 
        4.10494          24.344          2.3914 
        4.11108         24.2209         2.38254 
        4.11721         24.1721         2.37373 
        4.12334         24.0589         2.36497 
        4.12948          23.965         2.35625 
        4.13561         23.8709         2.34757 
        4.14176         23.7573         2.33893 
        4.14789         23.6925         2.33034 
        4.15403         23.5938         2.32179 
        4.16016         23.4852         2.31329 
         4.1663         23.4216         2.30483 
        4.17243         23.3106         2.29642 
        4.17857         23.2261         2.28804 
        4.18471         23.1109         2.27971 
        4.19084         23.0591         2.27142 
        4.19698         22.9858         2.26317 
        4.20312         22.8584         2.25496 
        4.20925         22.7885          2.2468 
        4.21538         22.7426         2.23868 
        4.22152         22.5834         2.23059 
        4.22766         22.5019         2.22254 
         4.2338         22.4242         2.21454 
        4.23993         22.3564         2.20658 
        4.24607         22.2533         2.19865 
         4.2522         22.1845         2.19077 
        4.25834         22.0917         2.18292 
        4.26447         22.0148         2.17512 
        4.27061         21.9282         2.16735 
        4.27674         21.8523         2.15962 
        4.28288         21.7371         2.15192 
        4.28902         21.6747         2.14427 
        4.29515         21.5862         2.13665 
        4.30129         21.5202         2.12907 
        4.30743         21.4394         2.12152 
        4.31356         21.3484         2.11402 
        4.31969         21.2822         2.10656 
        4.32583         21.2174         2.09913 
        4.33197         21.1067         2.09172 
         4.3381         21.0328         2.08436 
        4.34424         20.9519         2.07704 
        4.35038         20.8882         2.06974 
        4.35652         20.7973         2.06249 
        4.36265         20.7161         2.05527 
        4.36878         20.6226         2.04809 
        4.37492          20.555         2.04094 
        4.38106         20.4927         2.03382 
        4.38719         20.4074         2.02674 
        4.39333          20.343          2.0197 
        4.39946         20.2616         2.01269 
         4.4056         20.1982         2.00571 
        4.41173         20.1104         1.99876 
        4.41786         20.0411         1.99186 
          4.424         19.9629         1.98498 
        4.43014         19.8826         1.97812 
        4.43628          19.811         1.97131 
        4.44241         19.7375         1.96453 
        4.44855         19.6425         1.95777 
        4.45469          19.606         1.95105 
        4.46083         19.5301         1.94437 
        4.46696         19.4807         1.93772 
        4.47309         19.3973          1.9311 
        4.47923         19.3225          1.9245 
        4.48537         19.2455         1.91794 
         4.4915         19.1816         1.91142 
        4.49764         19.1209         1.90491 
        4.50378         19.0256         1.89844 
        4.50991          18.968         1.89201 
        4.51604          18.915         1.88561 
        4.52218         18.8429         1.87922 
        4.52832         18.7681         1.87287 
        4.53445         18.7122         1.86656 
        4.54059          18.636         1.86027 
        4.54673         18.5493         1.85401 
        4.55286         18.5051         1.84778 
          4.559         18.4163         1.84157 
        4.56513         18.3543          1.8354 
        4.57127         18.3026         1.82926 
        4.57741         18.2233         1.82314 
        4.58354         18.1541         1.81705 
        4.58968         18.1043         1.81099 
        4.59582         18.0281         1.80496 
        4.60195         17.9723         1.79896 
        4.60809         17.9291         1.79298 
        4.61422         17.8591         1.78703 
        4.62036         17.7753         1.78111 
        4.62649         17.7153         1.77521 
        4.63263         17.6495         1.76935 
        4.63876         17.5862         1.76351 
         4.6449         17.5292         1.75769 
        4.65104         17.4589          1.7519 
        4.65717         17.4066         1.74614 
        4.66331         17.3402         1.74041 
        4.66944         17.2775         1.73469 
        4.67558         17.2191         1.72902 
        4.68171         17.1573         1.72336 
        4.68785         17.1046         1.71772 
        4.69399          17.049         1.71211 
        4.70012         16.9853         1.70653 
        4.70625         16.9182         1.70098 
        4.71239         16.8767         1.69544 
        4.71853         16.8286         1.68994 
        4.72467         16.7557         1.68445 
         4.7308           16.68         1.67899 
        4.73694         16.6257         1.67356 
        4.74308         16.5669         1.66815 
        4.74922          16.527         1.66276 
        4.75535         16.4588          1.6574 
        4.76148         16.4185         1.65207 
        4.76762         16.3346         1.64675 
        4.77376         16.2956         1.64146 
        4.77989         16.2414          1.6362 
        4.78602         16.1944         1.63096 
        4.79216         16.1199         1.62573 
         4.7983         16.0622         1.62054 
        4.80443         16.0133         1.61537 
        4.81056         15.9659         1.61022 
         4.8167          15.937         1.60509 
        4.82284         15.8562         1.59998 
        4.82898          15.812         1.59489 
        4.83511         15.7463         1.58984 
        4.84125         15.7072         1.58479 
        4.84739         15.6482         1.57978 
        4.85352         15.5928         1.57478 
        4.85965         15.5545         1.56981 
        4.86579         15.4941         1.56486 
        4.87193         15.4315         1.55993 
        4.87807         15.3876         1.55502 
         4.8842         15.3409         1.55013 
        4.89034         15.2881         1.54526 
        4.89647         15.2384         1.54042 
        4.90261          15.189          1.5356 
        4.90874          15.142         1.53079 
        4.91488         15.0929         1.52601 
        4.92102         15.0461         1.52125 
        4.92715         15.0016         1.51651 
        4.93329         14.9462         1.51179 
        4.93942         14.9047         1.50708 
        4.94556         14.8516          1.5024 
         4.9517         14.7994         1.49774 
        4.95783         14.7444          1.4931 
        4.96397         14.7026         1.48848 
        4.97011         14.6663         1.48388 
        4.97624         14.6069          1.4793 
        4.98238         14.5604         1.47474 
        4.98851         14.5083         1.47019 
        4.99465         14.4714         1.46567 
        5.00078         14.4291         1.46117 
        5.00691          14.373         1.45669 
        5.01305         14.3335         1.45222 
        5.01919         14.2782         1.44777 
        5.02533         14.2395         1.44334 
        5.03146         14.1912         1.43893 
         5.0376         14.1416         1.43454 
        5.04374         14.1014         1.43017 
        5.04987         14.0516         1.42581 
        5.05601         14.0126         1.42148 
        5.06215         13.9618         1.41716 
        5.06829         13.9321         1.41285 
        5.07442         13.8811         1.40858 
        5.08055          13.837         1.40432 
        5.08668         13.7973         1.40007 
        5.09282         13.7488         1.39584 
        5.09896         13.6991         1.39163 
        5.10509         13.6633         1.38744 
        5.11123         13.6185         1.38326 
        5.11736          13.592          1.3791 
         5.1235         13.5449         1.37496 
        5.12964         13.4991         1.37084 
        5.13577         13.4575         1.36673 
        5.14191         13.4072         1.36264 
        5.14804         13.3673         1.35857 
        5.15418         13.3384         1.35451 
        5.16032         13.3049         1.35047 
        5.16645         13.2552         1.34645 
        5.17259         13.2118         1.34244 
        5.17872         13.1685         1.33845 
        5.18486         13.1454         1.33448 
          5.191         13.0833         1.33052 
        5.19713         13.0566         1.32658 
        5.20327         13.0221         1.32266 
        5.20941         12.9821         1.31874 
        5.21555         12.9427         1.31485 
        5.22168         12.8918         1.31097 
        5.22781         12.8685         1.30711 
        5.23395         12.8195         1.30327 
        5.24009         12.7867         1.29944 
        5.24622         12.7434         1.29562 
        5.25236         12.7034         1.29183 
         5.2585         12.6655         1.28804 
        5.26463         12.6319         1.28427 
        5.27077         12.6088         1.28052 
         5.2769         12.5673         1.27678 
        5.28304         12.5296         1.27306 
        5.28917          12.495         1.26935 
         5.2953         12.4496         1.26566 
        5.30144         12.4148         1.26198 
        5.30757          12.386         1.25832 
        5.31371         12.3589         1.25467 
        5.31985         12.3191         1.25103 
        5.32599         12.2777         1.24741 
        5.33213         12.2564          1.2438 
        5.33826           12.21         1.24021 
         5.3444         12.1874         1.23664 
        5.35053         12.1436         1.23307 
        5.35667         12.1085         1.22953 
        5.36281         12.0741         1.22599 
        5.36894         12.0511         1.22247 
        5.37507         12.0167         1.21897 
        5.38121         11.9692         1.21547 
        5.38735         11.9447         1.21199 
        5.39348         11.9152         1.20853 
        5.39961         11.8871         1.20508 
        5.40575         11.8396         1.20164 
        5.41189         11.8046         1.19821 
        5.41803         11.7824          1.1948 
        5.42416         11.7444         1.19141 
         5.4303          11.712         1.18802 
        5.43644         11.6847         1.18465 
        5.44257          11.656         1.18129 
        5.44871         11.6276         1.17795 
        5.45484         11.6044         1.17462 
        5.46098         11.5531          1.1713 
        5.46712         11.5319         1.16799 
        5.47325         11.5103          1.1647 
        5.47938          11.472         1.16142 
        5.48552         11.4373         1.15816 
        5.49165         11.4105          1.1549 
        5.49779         11.3849         1.15166 
        5.50393         11.3556         1.14843 
        5.51006         11.3221         1.14521 
         5.5162         11.2898         1.14201 
        5.52234         11.2676         1.13882 
        5.52847         11.2344         1.13563 
        5.53461         11.2235         1.13247 
        5.54075         11.1798         1.12931 
        5.54688         11.1589         1.12617 
        5.55302         11.1247         1.12304 
        5.55915         11.0999         1.11992 
        5.56529         11.0708         1.11681 
        5.57143         11.0452         1.11372 
        5.57756         11.0232         1.11063 
         5.5837         10.9879         1.10756 
        5.58983         10.9696          1.1045 
        5.59597         10.9426         1.10145 
         5.6021         10.9114         1.09842 
        5.60824         10.8844         1.09539 
        5.61438         10.8547         1.09238 
        5.62051         10.8405         1.08937 
        5.62665         10.8042         1.08638 
        5.63278         10.7813          1.0834 
        5.63892         10.7589         1.08044 
        5.64505         10.7261         1.07748 
        5.65119         10.7111         1.07453 
        5.65733          10.683          1.0716 
        5.66346         10.6729         1.06868 
         5.6696         10.6361         1.06576 
        5.67573         10.6168         1.06286 
        5.68187         10.5974         1.05997 
          5.688         10.5642         1.05709 
        5.69414         10.5437         1.05422 
        5.70028         10.5184         1.05136 
        5.70642         10.4955         1.04851 
        5.71255         10.4741         1.04567 
        5.71869         10.4502         1.04285 
        5.72482          10.418         1.04003 
        5.73096         10.4086         1.03723 
        5.73709         10.3842         1.03443 
        5.74322         10.3565         1.03165 
        5.74936         10.3405         1.02887 
         5.7555         10.3172         1.02611 
        5.76164          10.295         1.02335 
        5.76777         10.2682         1.02061 
        5.77391         10.2482         1.01788 
        5.78005         10.2335         1.01515 
        5.78618         10.2157         1.01244 
        5.79231         10.1914         1.00974 
        5.79845         10.1681         1.00704 
        5.80459         10.1464         1.00436 
        5.81073         10.1291         1.00168 
        5.81686         10.1117        0.999021 
          5.823         10.0892        0.996366 
        5.82914          10.073         0.99372 
        5.83527         10.0525        0.991087 
         5.8414          10.033        0.988463 
        5.84754         10.0177        0.985846 
        5.85368         9.99792        0.983239 
        5.85981         9.98792        0.980642 
        5.86595         9.96269        0.978056 
        5.87208         9.94419        0.975478 
        5.87822         9.92445        0.972911 
        5.88435         9.90668        0.970353 
        5.89049         9.89008        0.967802 
        5.89662         9.87351        0.965262 
        5.90276          9.8579        0.962729 
         5.9089         9.83638        0.960206 
        5.91503         9.82425        0.957694 
        5.92117         9.79953         0.95519 
        5.92731         9.79014        0.952694 
        5.93344         9.77455        0.950208 
        5.93958         9.75717        0.947731 
        5.94572         9.74179        0.945262 
        5.95186         9.72317        0.942801 
        5.95799         9.71263        0.940353 
        5.96412         9.69173        0.937911 
        5.97026         9.67952        0.935477 
         5.9764         9.65791        0.933054 
        5.98253          9.6441         0.93064 
        5.98866           9.644        0.928233 
         5.9948         9.62292        0.925833 
        6.00094         9.61065        0.923443 
        6.00707         9.58308        0.921062 
        6.01321         9.57837        0.918689 
        6.01935         9.56246        0.916324 
        6.02548         9.54995        0.913968 
        6.03162         9.53997        0.911621 
        6.03775         9.52922        0.909283 
        6.04389         9.51196        0.906952 
        6.05003         9.50623        0.904627 
        6.05617         9.48801        0.902311 
         6.0623         9.47591        0.900004 
        6.06844         9.46381        0.897706 
        6.07457         9.45226        0.895416 
         6.0807         9.44128        0.893135 
        6.08684         9.42895        0.890862 
        6.09298         9.41813        0.888594 
        6.09912         9.41246        0.886335 
        6.10525         9.38769        0.884085 
        6.11138          9.3879        0.881843 
        6.11752         9.36783        0.879607 
        6.12366         9.36816         0.87738 
        6.12979          9.3582        0.875162 
        6.13593         9.34172        0.872951 
        6.14207         9.34373        0.870746 
         6.1482         9.32185         0.86855 
        6.15434         9.31795        0.866362 
        6.16047         9.31094        0.864182 
        6.16661         9.29823        0.862009 
        6.17274         9.29709        0.859843 
        6.17887         9.28217        0.857686 
        6.18501         9.28177        0.855535 
        6.19115          9.2678        0.853391 
        6.19729         9.26504        0.851254 
        6.20342         9.24892        0.849125 
        6.20956         9.24365        0.847004 
         6.2157         9.24244        0.844889 
        6.22183         9.22928        0.842782 
        6.22797         9.22124        0.840684 
         6.2341         9.22148        0.838592 
        6.24024         9.21217        0.836506 
        6.24638         9.20806        0.834427 
        6.25251         9.20255        0.832357 
        6.25865         9.18953        0.830293 
        6.26478         9.19328        0.828236 
        6.27092         9.18679        0.826188 
        6.27705         9.17659        0.824146 
        6.28318         9.17076        0.822111 
