# k  (h/Mpc)    P(k)  (Mpc/h)^3    P_linear(k)  (Mpc/h)^3
     0.00783031          196.36         198.003 
       0.013688         245.731         247.658 
       0.019231         251.572          252.26 
      0.0249154         233.173         233.315 
      0.0312784         201.111         201.038 
      0.0375637         169.977          169.89 
      0.0433917         147.361         146.954 
      0.0492413         130.809         130.642 
      0.0555754         119.405         119.035 
      0.0619321         110.721         110.976 
       0.067871         104.263         104.251 
      0.0738098         96.7595         96.7465 
      0.0800417         87.6747         87.5507 
      0.0862327         77.7078         77.6577 
      0.0921407         68.6208         68.5573 
      0.0982031         60.7392         60.5411 
       0.104506         54.2135         54.1938 
       0.110769         49.9208         49.8881 
       0.116806         47.3344         47.1929 
       0.122832         45.2884         45.2865 
       0.129052         43.5221         43.4593 
       0.135211         41.3867         41.2888 
       0.141259         38.6504         38.6274 
       0.147318         35.5257         35.5634 
       0.153489         32.4076          32.362 
       0.159709         29.5162         29.4224 
       0.165845           27.04         27.0585 
       0.171974          25.435         25.3111 
       0.178125         24.1926         24.0962 
       0.184229         23.2786         23.2416 
        0.19034          22.619         22.5148 
       0.196428         21.7968         21.7275 
       0.202534         20.7401         20.7635 
       0.208729         19.6569         19.5992 
       0.214876         18.4506         18.3386 
       0.220989         17.1319         17.1016 
       0.227147         16.1166         15.9857 
        0.23329         15.2108         15.0712 
       0.239377         14.5149         14.3722 
       0.245482         13.9739         13.8401 
       0.251667         13.4875         13.4052 
       0.257832         13.1292         12.9995 
       0.263955         12.6507         12.5642 
       0.270079         12.1551         12.0688 
        0.27624         11.5719         11.5149 
       0.282372         11.0076         10.9397 
        0.28843         10.5114         10.3886 
       0.294538         9.99973         9.88527 
       0.300721         9.53258         9.45065 
        0.30691         9.21526         9.09104 
       0.313033         8.90495         8.79583 
       0.319153          8.6907         8.53556 
       0.325316         8.36705         8.28408 
        0.33145         8.10509         8.02433 
       0.337538         7.84445          7.7501 
       0.343633         7.57324         7.46072 
       0.349808         7.26373         7.16424 
       0.355968         6.97451         6.87851 
       0.362074         6.73557         6.61682 
       0.368217          6.4944         6.38242 
       0.374374         6.31406         6.17539 
       0.380519         6.10095         5.99243 
       0.386598         5.92125         5.82568 
       0.392688         5.75114         5.66441 
        0.39888          5.6005         5.50056 
       0.405048         5.43756         5.33359 
       0.411186         5.26497         5.16523 
       0.417313         5.10186         4.99841 
       0.423458         4.92377         4.83635 
       0.429607         4.79349         4.68366 
       0.435692         4.65966         4.54438 
       0.441815         4.51643         4.41529 
       0.447964          4.3821         4.29558 
       0.454126         4.28575         4.18289 
       0.460267         4.19073         4.07451 
       0.466387         4.07568         3.96799 
        0.47254         3.97528         3.86187 
       0.478662         3.86438         3.75714 
       0.484765         3.76422         3.65423 
       0.490885         3.65573         3.55416 
       0.497035         3.54866         3.45823 
       0.503198         3.47014         3.36736 
       0.509342         3.37304          3.2817 
       0.515458          3.3014         3.20099 
       0.521598         3.22495         3.12382 
       0.527764         3.15974         3.04911 
       0.533884         3.06747         2.97669 
           0.54         3.00304         2.90552 
       0.546137         2.92404         2.83552 
       0.552299         2.86046         2.76698 
       0.558452         2.79381         2.70057 
       0.564573         2.73204         2.63672 
       0.570708         2.67036         2.57512 
       0.576825          2.6111         2.51628 
       0.582926           2.549         2.46012 
       0.589034         2.50343         2.40604 
       0.595184          2.4538         2.35333 
       0.601379         2.39424         2.30162 
       0.607522         2.34122         2.25149 
       0.613639         2.28595         2.20278 
       0.619772         2.24719         2.15524 
       0.625918          2.1997         2.10897 
       0.632068          2.1548         2.06411 
       0.638161         2.11022         2.02103 
         0.6443          2.0661         1.97897 
       0.650464         2.02536         1.93805 
       0.656582          1.9916         1.89869 
       0.662703         1.95099          1.8605 
       0.668861          1.9041         1.82319 
       0.675024         1.87049         1.78688 
       0.681124         1.85004          1.7519 
       0.687237         1.80607         1.71771 
       0.693381         1.76406         1.68421 
       0.699536         1.74121          1.6515 
       0.705665         1.70797         1.61977 
       0.711789         1.67004         1.58892 
       0.717957         1.64102         1.55869 
        0.72409         1.61157         1.52948 
       0.730186         1.58929         1.50124 
       0.736317         1.55452         1.47361 
       0.742472         1.53164         1.44659 
       0.748622         1.50613         1.42028 
        0.75476          1.4744         1.39468 
       0.760888         1.45446         1.36974 
       0.767043           1.417         1.34529 
       0.773185         1.39886         1.32147 
       0.779291         1.38194         1.29836 
       0.785407         1.35556         1.27576 
       0.791564         1.33239         1.25356 
       0.797719          1.3092         1.23191 
       0.803834         1.28748         1.21092 
       0.809972         1.26711         1.19036 
       0.816124         1.24657         1.17023 
       0.822261         1.22759         1.15064 
       0.828378         1.20613         1.13156 
       0.834502         1.18694          1.1129 
       0.840667         1.17083         1.09455 
       0.846816         1.15142         1.07666 
       0.852925         1.13078         1.05929 
       0.859047         1.11412         1.04227 
       0.865192         1.09802         1.02557 
       0.871341         1.08274         1.00923 
       0.877463         1.06254        0.993315 
       0.883569         1.04764         0.97779 
       0.889708         1.03434         0.96252 
       0.895864         1.01894        0.947538 
       0.902008         1.00115         0.93291 
       0.908149        0.988424        0.918601 
       0.914301        0.976181        0.904571 
       0.920448        0.961861        0.890849 
       0.926574        0.949955        0.877462 
       0.932687        0.935463         0.86438 
       0.938823        0.918415         0.85152 
       0.944975        0.908386        0.838894 
       0.951105         0.89159         0.82657 
       0.957225        0.880017        0.814517 
       0.963368        0.869955        0.802664 
       0.969511        0.859169        0.791049 
       0.975621        0.845306        0.779726 
       0.981748        0.830628        0.768598 
       0.987916        0.820845        0.757618 
        0.99406        0.811958        0.746895 
        1.00019        0.800221        0.736403 
        1.00632        0.792225        0.726122 
        1.01246        0.780723        0.716024 
        1.01859        0.770746        0.706135 
        1.02471         0.75803        0.696446 
        1.03085         0.74763        0.686906 
        1.03698        0.740166        0.677567 
        1.04314        0.730308        0.668362 
        1.04929        0.722885        0.659351 
        1.05541        0.710415        0.650543 
        1.06154        0.703376        0.641875 
        1.06769        0.694873        0.633354 
        1.07382        0.685796        0.625016 
        1.07993        0.677647        0.616848 
        1.08607        0.669015        0.608793 
        1.09222        0.659757        0.600874 
        1.09836        0.652663        0.593107 
        1.10449         0.64349        0.585487 
        1.11063        0.635375        0.577993 
        1.11677        0.629501        0.570634 
         1.1229        0.619403        0.563416 
        1.12903         0.61401        0.556318 
        1.13518        0.605838        0.549337 
        1.14131        0.599626         0.54248 
        1.14745         0.59419        0.535744 
        1.15359        0.585477        0.529123 
        1.15973        0.579574        0.522611 
        1.16584        0.571814        0.516238 
        1.17197        0.564682        0.509963 
        1.17811        0.557865        0.503774 
        1.18424        0.551804        0.497706 
        1.19038        0.544724         0.49172 
        1.19652        0.540808        0.485836 
        1.20267        0.534916        0.480048 
        1.20881        0.526239        0.474356 
        1.21495        0.521641        0.468766 
        1.22108         0.51638        0.463267 
         1.2272        0.509364         0.45787 
        1.23334        0.504293        0.452547 
        1.23949        0.500039        0.447296 
        1.24562        0.494102        0.442143 
        1.25174        0.488725        0.437079 
        1.25789        0.481978         0.43208 
        1.26402        0.478138        0.427168 
        1.27014        0.471522        0.422345 
        1.27628        0.467844        0.417582 
        1.28244        0.462903        0.412883 
        1.28858        0.456936        0.408264 
        1.29471        0.452548        0.403725 
        1.30084        0.447828         0.39926 
        1.30697        0.444454        0.394857 
        1.31312        0.439637        0.390513 
        1.31925        0.434626        0.386249 
        1.32537        0.430371        0.382053 
        1.33151        0.425763        0.377905 
        1.33765         0.42122        0.373821 
        1.34378        0.416122        0.369805 
        1.34992        0.413881        0.365846 
        1.35606        0.408565        0.361937 
         1.3622        0.404869        0.358092 
        1.36833        0.401591        0.354312 
        1.37445        0.397659        0.350589 
        1.38059        0.393388        0.346908 
        1.38675        0.388928        0.343272 
        1.39288        0.384493        0.339702 
        1.39901        0.382109        0.336185 
        1.40515        0.377804         0.33271 
         1.4113        0.375227        0.329286 
        1.41742        0.371286        0.325923 
        1.42355        0.366062        0.322601 
         1.4297        0.364531        0.319315 
        1.43585        0.359945        0.316076 
        1.44198        0.357199        0.312895 
        1.44809        0.353196        0.309764 
        1.45423        0.350421        0.306664 
        1.46036        0.346941        0.303613 
        1.46649        0.343792        0.300602 
        1.47263        0.339549        0.297629 
        1.47877        0.338528        0.294698 
        1.48491        0.333472        0.291802 
        1.49104        0.332403        0.288951 
        1.49718        0.328284        0.286136 
        1.50333        0.325774        0.283354 
        1.50947        0.323007        0.280615 
         1.5156        0.319648        0.277916 
        1.52172        0.317183        0.275253 
        1.52787        0.313258         0.27262 
          1.534         0.31152        0.270024 
        1.54013        0.308658        0.267465 
        1.54627        0.306124        0.264934 
        1.55241        0.303143        0.262436 
        1.55855        0.300569        0.259974 
        1.56467        0.298177         0.25755 
         1.5708        0.295197        0.255151 
        1.57695        0.292684        0.252778 
        1.58308        0.289302        0.250441 
        1.58922        0.287946        0.248133 
        1.59535        0.284935        0.245854 
         1.6015        0.282875        0.243601 
        1.60764        0.280212        0.241377 
        1.61376        0.277948        0.239187 
        1.61989        0.275344        0.237022 
        1.62604        0.273041         0.23488 
        1.63218        0.271374        0.232766 
        1.63831        0.268599        0.230682 
        1.64444        0.266693        0.228623 
        1.65059        0.263841        0.226585 
        1.65673        0.262013        0.224574 
        1.66285        0.260269        0.222592 
        1.66898        0.257717        0.220634 
        1.67512        0.255518        0.218696 
        1.68127        0.253279         0.21678 
         1.6874        0.251649         0.21489 
        1.69353        0.249389        0.213025 
        1.69967        0.247126        0.211177 
        1.70581         0.24583        0.209352 
        1.71193        0.244048        0.207555 
        1.71806        0.241697        0.205776 
        1.72421        0.239643        0.204014 
        1.73035        0.237717        0.202275 
        1.73649          0.2363        0.200556 
        1.74262        0.233858        0.198859 
        1.74876        0.232672         0.19718 
        1.75489        0.230759        0.195524 
        1.76101        0.228768        0.193888 
        1.76715        0.227161        0.192268 
        1.77329        0.225095        0.190665 
        1.77943        0.223285        0.189079 
        1.78557        0.222303        0.187514 
        1.79171        0.220543        0.185967 
        1.79785        0.218416        0.184436 
        1.80399        0.216356        0.182923 
        1.81012        0.215394        0.181429 
        1.81625        0.213912        0.179953 
        1.82239        0.212605        0.178491 
        1.82853        0.210432        0.177045 
        1.83466        0.208778        0.175618 
        1.84078        0.207402        0.174207 
        1.84692        0.205853         0.17281 
        1.85306        0.204518        0.171426 
         1.8592        0.202943         0.17006 
        1.86533        0.201624        0.168709 
        1.87147        0.199922        0.167372 
        1.87761        0.198398        0.166048 
        1.88375        0.196897         0.16474 
        1.88988        0.195496        0.163448 
        1.89601         0.19371        0.162169 
        1.90215        0.192622        0.160903 
        1.90829        0.190983        0.159651 
        1.91442        0.190178        0.158412 
        1.92056        0.188977        0.157188 
         1.9267        0.187367        0.155975 
        1.93284        0.185723        0.154774 
        1.93897        0.184621        0.153588 
        1.94509        0.183387        0.152417 
        1.95123        0.181917        0.151256 
        1.95737        0.180919        0.150105 
        1.96349        0.179541         0.14897 
        1.96964        0.178148        0.147843 
        1.97578        0.176956        0.146727 
        1.98192        0.176077        0.145625 
        1.98805         0.17489        0.144534 
        1.99419        0.173894        0.143455 
        2.00033        0.172306        0.142386 
        2.00647        0.171193        0.141328 
         2.0126        0.170208        0.140282 
        2.01874        0.169067        0.139246 
        2.02488        0.167923        0.138219 
        2.03101        0.166496        0.137205 
        2.03714         0.16614        0.136201 
        2.04328        0.164209        0.135207 
        2.04941        0.163628        0.134223 
        2.05554         0.16255         0.13325 
        2.06167        0.161404        0.132285 
        2.06781        0.159891         0.13133 
        2.07396        0.159235        0.130382 
        2.08009        0.158159        0.129446 
        2.08622        0.157313         0.12852 
        2.09237        0.156123        0.127601 
        2.09851        0.154909        0.126691 
        2.10464        0.154074        0.125791 
        2.11077        0.152962        0.124901 
        2.11691        0.152252        0.124018 
        2.12305        0.150823        0.123144 
        2.12918        0.149976         0.12228 
        2.13531        0.149166        0.121424 
        2.14145        0.148214        0.120574 
         2.1476        0.147346        0.119732 
        2.15372        0.146464        0.118901 
        2.15985        0.145404        0.118078 
        2.16599        0.144282         0.11726 
        2.17213        0.143805        0.116451 
        2.17827         0.14277         0.11565 
         2.1844        0.141904        0.114857 
        2.19054        0.141157        0.114071 
        2.19666        0.140271        0.113294 
         2.2028        0.138984        0.112523 
        2.20893        0.138478        0.111759 
        2.21508        0.137579        0.111001 
        2.22122        0.136801        0.110251 
        2.22736        0.135872        0.109508 
        2.23349        0.134984        0.108773 
        2.23962         0.13432        0.108044 
        2.24577        0.133589        0.107321 
         2.2519         0.13265        0.106605 
        2.25802        0.131852        0.105898 
        2.26417        0.131299        0.105194 
        2.27031        0.130261        0.104497 
        2.27644        0.129941        0.103808 
        2.28257         0.12881        0.103125 
        2.28872        0.128076        0.102447 
        2.29486        0.127411        0.101775 
        2.30099        0.126489        0.101111 
        2.30712        0.125893        0.100452 
        2.31326        0.124954       0.0997978 
         2.3194        0.124432         0.09915 
        2.32553        0.123823       0.0985091 
        2.33166        0.122901       0.0978741 
         2.3378        0.122228       0.0972438 
        2.34394        0.121583       0.0966189 
        2.35007        0.120909       0.0960004 
        2.35619        0.120442        0.095388 
        2.36233        0.119448       0.0947796 
        2.36848        0.118878       0.0941752 
        2.37462        0.118368       0.0935773 
        2.38075        0.117592       0.0929852 
        2.38689        0.116987       0.0923978 
        2.39303        0.116393       0.0918155 
        2.39916        0.115549       0.0912389 
        2.40529        0.114932       0.0906672 
        2.41143        0.114108       0.0901001 
        2.41757        0.113641       0.0895375 
         2.4237        0.113058       0.0889808 
        2.42983        0.112552       0.0884289 
        2.43598        0.111762       0.0878802 
        2.44211        0.110915        0.087337 
        2.44823        0.110659       0.0867997 
        2.45437        0.110024       0.0862654 
        2.46052        0.109411       0.0857351 
        2.46665        0.108777       0.0852103 
        2.47279        0.108175         0.08469 
        2.47892        0.107945       0.0841737 
        2.48507        0.106981       0.0836613 
         2.4912        0.106598       0.0831541 
        2.49733        0.106183       0.0826514 
        2.50347        0.105422       0.0821519 
        2.50961        0.104808       0.0816565 
        2.51575        0.104306       0.0811656 
        2.52188        0.103747       0.0806792 
        2.52802         0.10342       0.0801963 
        2.53416        0.102626       0.0797172 
        2.54029        0.102147       0.0792429 
        2.54641        0.101597       0.0787725 
        2.55255        0.101102       0.0783056 
        2.55869        0.100449       0.0778417 
        2.56483        0.099967       0.0773821 
        2.57096       0.0996137       0.0769268 
        2.57709       0.0989665        0.076475 
        2.58323       0.0985783       0.0760264 
        2.58937       0.0980803       0.0755812 
        2.59551       0.0976697       0.0751401 
        2.60164       0.0972159       0.0747026 
        2.60778       0.0966655       0.0742682 
        2.61392       0.0961698       0.0738374 
        2.62006       0.0956746       0.0734101 
        2.62619       0.0952421       0.0729866 
        2.63232       0.0948806       0.0725664 
        2.63846       0.0942127       0.0721491 
        2.64459        0.093774       0.0717356 
        2.65072       0.0933989       0.0713253 
        2.65686       0.0928015       0.0709181 
          2.663       0.0924296       0.0705134 
        2.66915       0.0920805        0.070112 
        2.67527       0.0915808       0.0697147 
        2.68141       0.0912122       0.0693202 
        2.68755       0.0907391       0.0689283 
        2.69368       0.0902913       0.0685399 
        2.69981       0.0899809        0.068155 
        2.70595       0.0893606       0.0677721 
        2.71209       0.0890282        0.067392 
        2.71823       0.0887211       0.0670155 
        2.72436       0.0882196       0.0666419 
         2.7305       0.0877094        0.066271 
        2.73663       0.0872804        0.065903 
        2.74276       0.0871598       0.0655381 
         2.7489       0.0866166       0.0651757 
        2.75504       0.0863916       0.0648157 
        2.76118       0.0856234       0.0644582 
        2.76732       0.0854751        0.064104 
        2.77345       0.0850791       0.0637526 
        2.77959       0.0846775       0.0634037 
        2.78572       0.0843403       0.0630574 
        2.79186       0.0838122       0.0627139 
        2.79798       0.0833774       0.0623734 
        2.80412       0.0832079       0.0620346 
        2.81027       0.0828976       0.0616981 
         2.8164       0.0824885       0.0613647 
        2.82253        0.082112       0.0610339 
        2.82867        0.081817       0.0607052 
        2.83481       0.0814147        0.060379 
        2.84095       0.0810843       0.0600551 
        2.84708       0.0807435        0.059734 
        2.85322       0.0803697       0.0594149 
        2.85935       0.0799913       0.0590982 
        2.86549       0.0797556        0.058784 
        2.87162       0.0793791       0.0584721 
        2.87776       0.0790558       0.0581625 
        2.88389       0.0786612       0.0578549 
        2.89003       0.0783923       0.0575497 
        2.89617        0.078256       0.0572466 
        2.90231       0.0776501       0.0569457 
        2.90844       0.0774207        0.056647 
        2.91458       0.0771689       0.0563505 
        2.92071       0.0768536       0.0560565 
        2.92684       0.0764357       0.0557643 
        2.93298        0.076114       0.0554742 
         2.9391       0.0759397       0.0551867 
        2.94524       0.0755844       0.0549007 
        2.95138        0.075313       0.0546167 
        2.95752       0.0750072       0.0543344 
        2.96367       0.0747064       0.0540541 
         2.9698       0.0743903       0.0537763 
        2.97594       0.0741513       0.0535002 
        2.98207       0.0739091        0.053226 
        2.98821       0.0736684       0.0529541 
        2.99434       0.0731641        0.052684 
        3.00048       0.0729776       0.0524156 
        3.00662       0.0727499        0.052149 
        3.01275       0.0725187       0.0518847 
        3.01888        0.072256       0.0516222 
        3.02503       0.0719178        0.051361 
        3.03117        0.071694       0.0511018 
        3.03729       0.0714228        0.050845 
        3.04342       0.0711075       0.0505897 
        3.04957       0.0708494       0.0503356 
         3.0557       0.0707967       0.0500836 
        3.06183       0.0703936       0.0498339 
        3.06796       0.0702403       0.0495855 
        3.07411       0.0699239       0.0493382 
        3.08025       0.0696012       0.0490931 
        3.08637       0.0694665       0.0488501 
         3.0925       0.0691498       0.0486085 
        3.09865       0.0689321       0.0483679 
         3.1048       0.0687319       0.0481291 
        3.11093       0.0685158       0.0478924 
        3.11706       0.0682441       0.0476573 
         3.1232       0.0680985       0.0474236 
        3.12933       0.0677722       0.0471914 
        3.13547        0.067603       0.0469609 
        3.14159       0.0672772       0.0467323 
        3.14773       0.0670592       0.0465048 
        3.15388       0.0668923       0.0462785 
        3.16001       0.0666304       0.0460542 
        3.16614       0.0664693       0.0458314 
        3.17228       0.0661422         0.04561 
        3.17842       0.0659856         0.04539 
        3.18455       0.0657874       0.0451716 
        3.19068        0.065578       0.0449547 
        3.19682        0.065325       0.0447389 
        3.20297       0.0651919       0.0445245 
         3.2091       0.0649514       0.0443117 
        3.21524       0.0647396       0.0441003 
        3.22138       0.0646109       0.0438903 
         3.2275       0.0643808       0.0436819 
        3.23363       0.0642669       0.0434749 
        3.23977       0.0639932       0.0432689 
        3.24591       0.0638459       0.0430644 
        3.25205       0.0636449       0.0428609 
        3.25818       0.0634757        0.042659 
        3.26432       0.0632563       0.0424584 
        3.27046       0.0631211        0.042259 
         3.2766       0.0628612        0.042061 
        3.28273       0.0628149       0.0418642 
        3.28887       0.0627442       0.0416688 
          3.295       0.0625012       0.0414746 
        3.30113       0.0623255       0.0412817 
        3.30727       0.0622144       0.0410899 
        3.31341       0.0620339       0.0408994 
        3.31954        0.061954       0.0407102 
        3.32568       0.0618093        0.040522 
        3.33182       0.0616011       0.0403351 
        3.33795       0.0615553       0.0401495 
        3.34409       0.0614256       0.0399648 
        3.35022       0.0612589       0.0397814 
        3.35636       0.0612346       0.0395993 
         3.3625       0.0610834       0.0394181 
        3.36864       0.0609362       0.0392381 
        3.37477       0.0607281       0.0390593 
        3.38091       0.0607485       0.0388817 
        3.38704       0.0605893       0.0387052 
        3.39318       0.0606045       0.0385297 
        3.39931       0.0604669       0.0383553 
        3.40545       0.0603192        0.038182 
        3.41158       0.0603131       0.0380098 
        3.41772       0.0601248       0.0378387 
        3.42385       0.0601163       0.0376688 
        3.42998       0.0600999       0.0374998 
        3.43612       0.0600769       0.0373319 
        3.44226       0.0599178       0.0371649 
         3.4484       0.0598314       0.0369987 
        3.45453       0.0598776       0.0368339 
        3.46066       0.0598102       0.0366702 
        3.46681       0.0597283        0.036507 
        3.47295       0.0597253       0.0363449 
        3.47908       0.0596767       0.0361843 
        3.48521       0.0595819       0.0360244 
        3.49135       0.0596515       0.0358654 
        3.49749        0.059625       0.0357073 
        3.50362       0.0596557       0.0355503 
        3.50976       0.0595913       0.0353943 
        3.51589       0.0595093       0.0352391 
        3.52203       0.0595106       0.0350849 
        3.52816       0.0595546       0.0349318 
        3.53429       0.0594862       0.0347795 
        3.54043       0.0595468       0.0346279 
        3.54657       0.0595469       0.0344773 
        3.55271       0.0594906       0.0343277 
        3.55884       0.0596052       0.0341791 
        3.56498        0.059605       0.0340311 
        3.57112       0.0595889        0.033884 
        3.57725       0.0596618       0.0337379 
        3.58338       0.0596757       0.0335928 
        3.58952       0.0597634       0.0334484 
        3.59566       0.0598019       0.0333047 
         3.6018       0.0597548        0.033162 
        3.60793       0.0598576       0.0330202 
        3.61407       0.0599096       0.0328793 
        3.62021        0.059956       0.0327391 
        3.62634       0.0601041       0.0325997 
        3.63247       0.0601712       0.0324612 
        3.63861       0.0601767       0.0323235 
        3.64475       0.0603575       0.0321864 
        3.65089       0.0603849       0.0320503 
        3.65702       0.0604411       0.0319151 
        3.66316       0.0606428       0.0317805 
        3.66929       0.0606854       0.0316468 
        3.67543       0.0608194       0.0315138 
        3.68156       0.0609399       0.0313816 
        3.68769       0.0609602       0.0312501 
        3.69383       0.0611513       0.0311194 
        3.69997       0.0612187       0.0309894 
        3.70611       0.0614408       0.0308602 
        3.71224       0.0615853       0.0307317 
        3.71838       0.0616549       0.0306039 
        3.72451       0.0619513        0.030477 
        3.73065       0.0620396       0.0303508 
        3.73678       0.0621534       0.0302252 
        3.74292       0.0623214       0.0301003 
        3.74906       0.0626065       0.0299761 
        3.75519       0.0626279       0.0298527 
        3.76133       0.0629096       0.0297299 
        3.76746       0.0631628       0.0296079 
         3.7736       0.0631513       0.0294866 
        3.77974       0.0635631       0.0293659 
        3.78588       0.0636326       0.0292458 
        3.79201       0.0638242       0.0291265 
        3.79814       0.0639625       0.0290079 
        3.80428       0.0642653         0.02889 
        3.81042       0.0645323       0.0287726 
        3.81655       0.0647174       0.0286559 
        3.82268       0.0649812         0.02854 
        3.82882       0.0651785       0.0284246 
        3.83496       0.0654576       0.0283098 
        3.84109       0.0657236       0.0281957 
        3.84723       0.0659521       0.0280823 
        3.85337       0.0661768       0.0279693 
        3.85951       0.0665127        0.027857 
        3.86565        0.066788       0.0277454 
        3.87178       0.0671155       0.0276345 
        3.87791       0.0673779       0.0275242 
        3.88405       0.0677292       0.0274144 
        3.89019       0.0679741       0.0273052 
        3.89632       0.0682297       0.0271967 
        3.90246       0.0686413       0.0270887 
         3.9086       0.0688706       0.0269812 
        3.91473        0.069247       0.0268745 
        3.92086       0.0695559       0.0267684 
        3.92699        0.070019       0.0266628 
        3.93313       0.0703585       0.0265577 
        3.93927       0.0707233       0.0264532 
         3.9454       0.0709168       0.0263493 
        3.95154       0.0713839       0.0262458 
        3.95768        0.071825        0.026143 
        3.96382       0.0721301       0.0260407 
        3.96995       0.0724102        0.025939 
        3.97609       0.0729722       0.0258378 
        3.98222       0.0733845       0.0257372 
        3.98836       0.0738199       0.0256371 
         3.9945       0.0742064       0.0255376 
        4.00063       0.0746649       0.0254386 
        4.00677        0.075019         0.02534 
        4.01291       0.0754874        0.025242 
        4.01904       0.0759518       0.0251447 
        4.02517       0.0763433       0.0250478 
        4.03131       0.0768735       0.0249513 
        4.03745       0.0774052       0.0248553 
        4.04358       0.0777639         0.02476 
        4.04972       0.0783107       0.0246651 
        4.05585       0.0788929       0.0245707 
        4.06199       0.0792129       0.0244768 
        4.06812       0.0799209       0.0243834 
        4.07426       0.0802643       0.0242905 
         4.0804       0.0808296        0.024198 
        4.08654       0.0814294        0.024106 
        4.09267       0.0821498       0.0240145 
         4.0988       0.0825031       0.0239237 
        4.10494       0.0832146       0.0238332 
        4.11108       0.0834705        0.023743 
        4.11721       0.0844102       0.0236535 
        4.12334       0.0848227       0.0235644 
        4.12948       0.0853492       0.0234758 
        4.13561       0.0861231       0.0233876 
        4.14176       0.0866495       0.0232997 
        4.14789        0.087492       0.0232124 
        4.15403       0.0879815       0.0231256 
        4.16016       0.0885635       0.0230392 
         4.1663       0.0892756       0.0229532 
        4.17243       0.0901132       0.0228678 
        4.17857       0.0907579       0.0227827 
        4.18471       0.0913753        0.022698 
        4.19084       0.0919143       0.0226138 
        4.19698        0.092731         0.02253 
        4.20312       0.0933913       0.0224467 
        4.20925       0.0944662       0.0223637 
        4.21538       0.0948695       0.0222813 
        4.22152       0.0958534       0.0221992 
        4.22766       0.0967278       0.0221175 
         4.2338       0.0972689       0.0220362 
        4.23993       0.0982343       0.0219554 
        4.24607       0.0988247        0.021875 
         4.2522       0.0998669       0.0217949 
        4.25834        0.100612       0.0217153 
        4.26447        0.101318       0.0216361 
        4.27061         0.10222       0.0215573 
        4.27674        0.103061       0.0214788 
        4.28288        0.104003       0.0214007 
        4.28902        0.104712       0.0213231 
        4.29515        0.105931       0.0212458 
        4.30129        0.106838       0.0211689 
        4.30743        0.107734       0.0210924 
        4.31356         0.10864       0.0210162 
        4.31969        0.109399       0.0209406 
        4.32583        0.110489       0.0208652 
        4.33197        0.111382       0.0207901 
         4.3381        0.112677       0.0207155 
        4.34424        0.113464       0.0206413 
        4.35038        0.114608       0.0205673 
        4.35652         0.11528       0.0204937 
        4.36265        0.116911       0.0204206 
        4.36878        0.117572       0.0203478 
        4.37492        0.118632       0.0202753 
        4.38106        0.119855       0.0202032 
        4.38719        0.121345       0.0201315 
        4.39333        0.122132       0.0200601 
        4.39946          0.1235       0.0199891 
         4.4056        0.124424       0.0199183 
        4.41173          0.1256        0.019848 
        4.41786        0.126626        0.019778 
          4.424        0.128033       0.0197084 
        4.43014        0.129592       0.0196389 
        4.43628        0.130347       0.0195699 
        4.44241        0.131996       0.0195012 
        4.44855        0.133175       0.0194328 
        4.45469        0.134244       0.0193648 
        4.46083        0.135671       0.0192971 
        4.46696        0.136925       0.0192298 
        4.47309          0.1383       0.0191627 
        4.47923        0.139577        0.019096 
        4.48537        0.141059       0.0190296 
         4.4915        0.142687       0.0189635 
        4.49764        0.144155       0.0188977 
        4.50378        0.145588       0.0188322 
        4.50991        0.146931       0.0187672 
        4.51604        0.148012       0.0187024 
        4.52218        0.150162       0.0186378 
        4.52832        0.151609       0.0185735 
        4.53445        0.153006       0.0185096 
        4.54059        0.154889        0.018446 
        4.54673        0.155757       0.0183827 
        4.55286        0.158023       0.0183196 
          4.559        0.159519       0.0182569 
        4.56513        0.160649       0.0181945 
        4.57127        0.162725       0.0181324 
        4.57741        0.164526       0.0180705 
        4.58354        0.165839        0.018009 
        4.58968        0.167618       0.0179477 
        4.59582        0.169833       0.0178867 
        4.60195        0.171296        0.017826 
        4.60809        0.173352       0.0177656 
        4.61422        0.175229       0.0177055 
        4.62036        0.177434       0.0176457 
        4.62649        0.179054       0.0175861 
        4.63263        0.180869       0.0175268 
        4.63876        0.182944       0.0174678 
         4.6449        0.185213        0.017409 
        4.65104        0.187385       0.0173505 
        4.65717        0.189065       0.0172923 
        4.66331        0.191312       0.0172344 
        4.66944        0.193124       0.0171767 
        4.67558        0.195293       0.0171193 
        4.68171        0.197733       0.0170622 
        4.68785        0.199623       0.0170052 
        4.69399        0.201772       0.0169486 
        4.70012         0.20436       0.0168923 
        4.70625        0.206216       0.0168362 
        4.71239        0.208638       0.0167803 
        4.71853           0.211       0.0167247 
        4.72467        0.213344       0.0166693 
         4.7308         0.21585       0.0166142 
        4.73694        0.217947       0.0165594 
        4.74308        0.220235       0.0165048 
        4.74922        0.223884       0.0164504 
        4.75535        0.226304       0.0163963 
        4.76148        0.228306       0.0163425 
        4.76762        0.230469       0.0162889 
        4.77376        0.233563       0.0162355 
        4.77989         0.23666       0.0161824 
        4.78602        0.238898       0.0161295 
        4.79216         0.24143       0.0160768 
         4.7983        0.244439       0.0160244 
        4.80443        0.248166       0.0159723 
        4.81056        0.250429       0.0159203 
         4.8167        0.252416       0.0158686 
        4.82284        0.255872        0.015817 
        4.82898        0.259088       0.0157658 
        4.83511        0.261689       0.0157148 
        4.84125        0.265179       0.0156639 
        4.84739        0.268369       0.0156133 
        4.85352        0.271111        0.015563 
        4.85965        0.274708       0.0155129 
        4.86579        0.278143        0.015463 
        4.87193        0.280989       0.0154133 
        4.87807        0.284735       0.0153638 
         4.8842        0.288048       0.0153145 
        4.89034        0.291583       0.0152655 
        4.89647        0.295179       0.0152167 
        4.90261        0.298594       0.0151681 
        4.90874        0.301945       0.0151197 
        4.91488        0.306226       0.0150715 
        4.92102        0.309257       0.0150235 
        4.92715         0.31256       0.0149758 
        4.93329        0.316095       0.0149282 
        4.93942        0.320471       0.0148809 
        4.94556        0.324248       0.0148337 
         4.9517        0.328165       0.0147868 
        4.95783        0.332495         0.01474 
        4.96397         0.33676       0.0146935 
        4.97011        0.339944       0.0146472 
        4.97624        0.344557        0.014601 
        4.98238        0.348913       0.0145551 
        4.98851         0.35366       0.0145094 
        4.99465         0.35649       0.0144639 
        5.00078        0.361362       0.0144186 
        5.00691        0.366298       0.0143734 
        5.01305        0.371692       0.0143285 
        5.01919        0.374548       0.0142837 
        5.02533        0.380027       0.0142391 
        5.03146        0.384579       0.0141948 
         5.0376        0.390154       0.0141506 
        5.04374        0.393578       0.0141066 
        5.04987        0.399206       0.0140628 
        5.05601        0.405058       0.0140192 
        5.06215        0.410408       0.0139757 
        5.06829         0.41543       0.0139324 
        5.07442        0.421185       0.0138894 
        5.08055          0.4264       0.0138465 
        5.08668        0.430592       0.0138038 
        5.09282        0.436281       0.0137613 
        5.09896        0.442838        0.013719 
        5.10509        0.447024       0.0136768 
        5.11123        0.453816       0.0136348 
        5.11736        0.460642        0.013593 
         5.1235        0.464648       0.0135514 
        5.12964        0.470235       0.0135099 
        5.13577        0.475834       0.0134686 
        5.14191        0.482952       0.0134275 
        5.14804        0.489199       0.0133866 
        5.15418        0.492912       0.0133459 
        5.16032        0.500724       0.0133052 
        5.16645        0.507917       0.0132648 
        5.17259        0.514702       0.0132246 
        5.17872        0.521698       0.0131845 
        5.18486        0.530328       0.0131445 
          5.191        0.534313       0.0131048 
        5.19713         0.54189       0.0130652 
        5.20327        0.549888       0.0130258 
        5.20941        0.557949       0.0129865 
        5.21555        0.562731       0.0129473 
        5.22168        0.570249       0.0129084 
        5.22781         0.57835       0.0128697 
        5.23395        0.586771       0.0128311 
        5.24009        0.593888       0.0127926 
        5.24622        0.601765       0.0127543 
        5.25236        0.606943       0.0127162 
         5.2585        0.618847       0.0126781 
        5.26463        0.625698       0.0126403 
        5.27077        0.634896       0.0126026 
         5.2769        0.641819       0.0125651 
        5.28304        0.651274       0.0125278 
        5.28917         0.65779       0.0124906 
         5.2953        0.667293       0.0124535 
        5.30144        0.677481       0.0124166 
        5.30757         0.68608       0.0123798 
        5.31371        0.695507       0.0123432 
        5.31985        0.704348       0.0123067 
        5.32599         0.71669       0.0122704 
        5.33213        0.723227       0.0122342 
        5.33826         0.73222       0.0121982 
         5.3444        0.744143       0.0121623 
        5.35053        0.753635       0.0121266 
        5.35667        0.762402        0.012091 
        5.36281        0.774773       0.0120555 
        5.36894        0.785654       0.0120202 
        5.37507        0.795084       0.0119851 
        5.38121        0.802873         0.01195 
        5.38735        0.816667       0.0119151 
        5.39348        0.826488       0.0118804 
        5.39961        0.834774       0.0118458 
        5.40575        0.846963       0.0118114 
        5.41189        0.862668        0.011777 
        5.41803        0.867767       0.0117428 
        5.42416        0.886536       0.0117088 
         5.4303        0.896032       0.0116748 
        5.43644        0.910472       0.0116411 
        5.44257        0.917204       0.0116074 
        5.44871        0.933327       0.0115739 
        5.45484        0.946796       0.0115405 
        5.46098        0.956655       0.0115072 
        5.46712        0.972485       0.0114741 
        5.47325         0.98661       0.0114411 
        5.47938        0.998824       0.0114083 
        5.48552         1.00857       0.0113756 
        5.49165         1.02566        0.011343 
        5.49779         1.04302       0.0113105 
        5.50393         1.05657       0.0112781 
        5.51006         1.06897       0.0112459 
         5.5162         1.08122       0.0112138 
        5.52234         1.09777       0.0111819 
        5.52847          1.1158         0.01115 
        5.53461         1.12767       0.0111183 
        5.54075         1.14884       0.0110867 
        5.54688         1.15891       0.0110552 
        5.55302         1.17433       0.0110239 
        5.55915         1.18925       0.0109926 
        5.56529         1.20363       0.0109615 
        5.57143         1.22053       0.0109305 
        5.57756          1.2397       0.0108997 
         5.5837         1.25603       0.0108689 
        5.58983         1.27539       0.0108383 
        5.59597          1.2918       0.0108078 
         5.6021         1.30966       0.0107774 
        5.60824         1.32407       0.0107471 
        5.61438         1.34122        0.010717 
        5.62051         1.36531        0.010687 
        5.62665         1.38025        0.010657 
        5.63278         1.39984       0.0106272 
        5.63892         1.41339       0.0105975 
        5.64505         1.43253        0.010568 
        5.65119         1.45652       0.0105385 
        5.65733         1.47734       0.0105091 
        5.66346         1.50635       0.0104799 
         5.6696         1.50628       0.0104508 
        5.67573         1.54282       0.0104217 
        5.68187         1.56521       0.0103928 
          5.688         1.58376        0.010364 
        5.69414          1.5995       0.0103354 
        5.70028         1.62393       0.0103068 
        5.70642         1.65335       0.0102783 
        5.71255         1.66939       0.0102499 
        5.71869         1.68753       0.0102217 
        5.72482          1.7103       0.0101935 
        5.73096         1.73898       0.0101655 
        5.73709           1.762       0.0101375 
        5.74322         1.77647       0.0101097 
        5.74936          1.8032        0.010082 
         5.7555         1.81997       0.0100543 
        5.76164         1.84792       0.0100268 
        5.76777         1.87115      0.00999942 
        5.77391         1.88838      0.00997209 
        5.78005         1.92287      0.00994486 
        5.78618         1.94373      0.00991776 
        5.79231         1.96341      0.00989078 
        5.79845         1.98488      0.00986386 
        5.80459         2.03016      0.00983702 
        5.81073         2.04983      0.00981032 
        5.81686         2.07889      0.00978373 
          5.823         2.10297      0.00975721 
        5.82914          2.1329      0.00973078 
        5.83527         2.15241       0.0097045 
         5.8414         2.18034      0.00967829 
        5.84754         2.20344      0.00965215 
        5.85368         2.23349      0.00962612 
        5.85981         2.25764       0.0096002 
        5.86595         2.28625      0.00957438 
        5.87208         2.31897      0.00954864 
        5.87822         2.35091      0.00952302 
        5.88435         2.36835      0.00949748 
        5.89049         2.39972      0.00947202 
        5.89662         2.41995      0.00944666 
        5.90276         2.45798      0.00942139 
         5.9089         2.48414       0.0093962 
        5.91503         2.52977      0.00937114 
        5.92117         2.55057      0.00934615 
        5.92731         2.58896      0.00932124 
        5.93344         2.59982      0.00929644 
        5.93958         2.63613      0.00927173 
        5.94572         2.66477      0.00924709 
        5.95186         2.69833      0.00922254 
        5.95799         2.72766      0.00919811 
        5.96412         2.73709      0.00917376 
        5.97026         2.77918      0.00914948 
         5.9764         2.81118      0.00912531 
        5.98253         2.84281      0.00910124 
        5.98866         2.87161      0.00907723 
         5.9948         2.89595       0.0090533 
        6.00094         2.93408      0.00902947 
        6.00707         2.95956      0.00900572 
        6.01321         2.99566      0.00898205 
        6.01935         3.04127      0.00895848 
        6.02548         3.05307      0.00893499 
        6.03162         3.07968      0.00891159 
        6.03775         3.09865      0.00888828 
        6.04389         3.14393      0.00886504 
        6.05003           3.167      0.00884187 
        6.05617         3.21949      0.00881878 
         6.0623         3.21665      0.00879579 
        6.06844         3.26107      0.00877289 
        6.07457         3.27842      0.00875007 
         6.0807         3.30493      0.00872733 
        6.08684         3.33642      0.00870468 
        6.09298         3.36252      0.00868209 
        6.09912         3.41242      0.00865958 
        6.10525         3.41309      0.00863716 
        6.11138         3.45251      0.00861482 
        6.11752         3.48245      0.00859255 
        6.12366         3.49561      0.00857036 
        6.12979         3.53243      0.00854827 
        6.13593         3.53353      0.00852625 
        6.14207         3.59628      0.00850429 
         6.1482         3.60145      0.00848241 
        6.15434         3.60483      0.00846062 
        6.16047         3.65057      0.00843892 
        6.16661          3.6674      0.00841727 
        6.17274         3.69589       0.0083957 
        6.17887         3.68797      0.00837422 
        6.18501         3.68977      0.00835281 
        6.19115         3.74623      0.00833146 
        6.19729         3.75764      0.00831018 
        6.20342         3.80526        0.008289 
        6.20956          3.8102      0.00826788 
         6.2157          3.8405      0.00824683 
        6.22183         3.84841      0.00822585 
        6.22797         3.86301      0.00820497 
         6.2341         3.87025      0.00818415 
        6.24024         3.87726      0.00816339 
        6.24638         3.89813       0.0081427 
        6.25251         3.90118       0.0081221 
        6.25865         3.91921      0.00810157 
        6.26478         3.93098       0.0080811 
        6.27092         3.92597      0.00806072 
        6.27705         3.94555       0.0080404 
        6.28318         3.26187      0.00802015 
