# k  (h/Mpc)    P(k)  (Mpc/h)^3    P_linear(k)  (Mpc/h)^3
     0.00783031         5014.74         5070.32 
       0.013688         5389.24         5483.95 
       0.019231         4886.78          4926.5 
      0.0249154         4047.43         4027.18 
      0.0312784         3065.43         3059.25 
      0.0375637         2345.27         2348.63 
      0.0433917         1941.23         1930.71 
      0.0492413         1692.43          1690.7 
      0.0555754         1559.01         1548.85 
      0.0619321         1429.37         1445.73 
       0.067871         1330.45         1332.03 
      0.0738098         1187.03         1184.39 
      0.0800417         1015.67         1007.08 
      0.0862327         844.533         838.195 
      0.0921407          716.11         707.552 
      0.0982031         628.496         614.523 
       0.104506         563.468         558.283 
       0.110769         536.304         530.368 
       0.116806          523.45         514.321 
       0.122832          499.27         495.356 
       0.129052         470.083         464.408 
       0.135211         432.268         422.074 
       0.141259         383.348         375.101 
       0.147318         337.692         330.531 
       0.153489         303.276         293.818 
       0.159709         280.431         268.151 
       0.165845         259.891         252.829 
       0.171974         255.704         244.009 
       0.178125         247.323         237.389 
       0.184229         235.919         229.373 
        0.19034         226.695         217.944 
       0.196428         213.024         203.286 
       0.202534         193.481          186.99 
       0.208729         182.174         171.098 
       0.214876         170.271         157.768 
       0.220989         157.439         147.707 
       0.227147          152.48         140.578 
        0.23329          146.89         135.528 
       0.239377         143.403         131.348 
       0.245482          137.24         126.927 
       0.251667         130.712         121.593 
       0.257832         127.132          115.37 
       0.263955         118.542         108.727 
       0.270079          111.94         102.224 
        0.27624          106.05         96.3651 
       0.282372         101.722         91.5062 
        0.28843         99.5887         87.6428 
       0.294538         95.1822         84.4771 
       0.300721         91.3243         81.6621 
        0.30691          89.457         78.9155 
       0.313033         85.5866         76.0446 
       0.319153         83.5503         72.9844 
       0.325316         79.7963          69.783 
        0.33145          76.483         66.6476 
       0.337538         73.4233         63.7322 
       0.343633         71.0463           61.12 
       0.349808         68.4652         58.7995 
       0.355968         66.3727          56.768 
       0.362074         64.9557           54.94 
       0.368217         63.0269         53.1865 
       0.374374         61.2826         51.4494 
       0.380519          58.691         49.6951 
       0.386598         56.9723         47.9555 
       0.392688         54.9327         46.2436 
        0.39888         53.8618         44.5742 
       0.405048         52.3619         43.0227 
       0.411186         50.8921         41.6005 
       0.417313         49.3942         40.2909 
       0.423458         47.9311         39.0704 
       0.429607         46.9413         37.9112 
       0.435692         46.1669         36.7983 
       0.441815         44.3761         35.7021 
       0.447964          42.879         34.6222 
       0.454126         42.0703         33.5636 
       0.460267         41.5404         32.5446 
       0.466387         40.2697         31.5766 
        0.47254         39.6578         30.6543 
       0.478662          38.237         29.7854 
       0.484765         37.4122         28.9647 
       0.490885         36.2872           28.18 
       0.497035         35.7906         27.4208 
       0.503198         35.0042         26.6821 
       0.509342         33.9647         25.9662 
       0.515458          33.373         25.2749 
       0.521598         32.5287          24.603 
       0.527764         32.0281         23.9518 
       0.533884         31.4461         23.3301 
           0.54         30.6787         22.7348 
       0.546137         29.7665         22.1626 
       0.552299         29.1608         21.6106 
       0.558452         28.5186         21.0789 
       0.564573         28.2399         20.5665 
       0.570708          27.473         20.0686 
       0.576825         27.1062         19.5875 
       0.582926         26.6247         19.1227 
       0.589034         26.0398         18.6721 
       0.595184         25.6764          18.233 
       0.601379         24.9987         17.8054 
       0.607522         24.4653         17.3955 
       0.613639          24.155         17.0012 
       0.619772         23.6263         16.6189 
       0.625918         23.2519          16.248 
       0.632068         22.9567         15.8883 
       0.638161         22.4641         15.5424 
         0.6443         22.1541         15.2038 
       0.650464         21.5559         14.8737 
       0.656582         21.4272         14.5557 
       0.662703         21.0636         14.2469 
       0.668861         20.5457         13.9455 
       0.675024         20.2819         13.6529 
       0.681124          20.132          13.372 
       0.687237         19.7188         13.0986 
       0.693381         19.3036         12.8317 
       0.699536          19.159         12.5717 
       0.705665          18.769           12.32 
       0.711789         18.4776         12.0754 
       0.717957         18.0911         11.8357 
        0.72409         17.8852         11.6038 
       0.730186         17.7675         11.3795 
       0.736317         17.3856           11.16 
       0.742472         17.1911         10.9456 
       0.748622         16.8908          10.737 
        0.75476         16.4984         10.5344 
       0.760888         16.4529         10.3374 
       0.767043         16.1142         10.1447 
       0.773185         15.8919          9.9574 
       0.779291         15.7016         9.77588 
       0.785407         15.4933         9.59862 
       0.791564         15.3793         9.42466 
       0.797719         14.9826         9.25509 
       0.803834         14.9415         9.09079 
       0.809972         14.6361          8.9299 
       0.816124         14.4815         8.77256 
       0.822261         14.2906         8.61946 
       0.828378         14.1493         8.47048 
       0.834502         13.9853         8.32492 
       0.840667         13.8101         8.18185 
       0.846816         13.5318         8.04256 
       0.852925         13.4703          7.9074 
       0.859047         13.2964         7.77509 
       0.865192         13.1044         7.64537 
       0.871341         12.9481         7.51855 
       0.877463         12.7721         7.39518 
       0.883569         12.6712         7.27491 
       0.889708         12.4717          7.1567 
       0.895864         12.3026         7.04083 
       0.902008         12.1904         6.92777 
       0.908149         11.9915         6.81727 
       0.914301         11.8958         6.70902 
       0.920448          11.757         6.60322 
       0.926574         11.6613         6.50008 
       0.932687         11.4753         6.39938 
       0.938823           11.31         6.30045 
       0.944975         11.2447          6.2034 
       0.951105         11.1276         6.10874 
       0.957225         11.0199         6.01623 
       0.963368         10.8547         5.92533 
       0.969511         10.7381         5.83632 
       0.975621         10.6503         5.74961 
       0.981748         10.5012         5.66446 
       0.987916         10.4305          5.5805 
        0.99406         10.2784         5.49856 
        1.00019         10.2058         5.41843 
        1.00632         10.1371         5.33998 
        1.01246         9.98033         5.26297 
        1.01859         9.89538         5.18761 
        1.02471         9.78557         5.11382 
        1.03085         9.72033         5.04122 
        1.03698         9.63774         4.97018 
        1.04314         9.50245         4.90022 
        1.04929         9.38281         4.83176 
        1.05541         9.31868          4.7649 
        1.06154          9.2341         4.69914 
        1.06769         9.14226         4.63452 
        1.07382         9.03159         4.57133 
        1.07993          8.9547         4.50947 
        1.08607         8.88052         4.44849 
        1.09222         8.78031         4.38859 
        1.09836         8.70208         4.32985 
        1.10449          8.6409         4.27226 
        1.11063         8.57788         4.21566 
        1.11677         8.51437          4.1601 
         1.1229         8.41279         4.10565 
        1.12903         8.33354         4.05212 
        1.13518         8.26014          3.9995 
        1.14131         8.20195         3.94785 
        1.14745         8.07603         3.89715 
        1.15359         7.99276         3.84732 
        1.15973         7.95619         3.79835 
        1.16584         7.86457         3.75045 
        1.17197         7.78495         3.70332 
        1.17811         7.73782         3.65684 
        1.18424         7.67761         3.61131 
        1.19038          7.6449         3.56642 
        1.19652         7.53809         3.52231 
        1.20267          7.5103         3.47894 
        1.20881         7.40029         3.43632 
        1.21495         7.36047         3.39449 
        1.22108         7.29913         3.35335 
         1.2272         7.23137           3.313 
        1.23334         7.19805         3.27322 
        1.23949           7.129           3.234 
        1.24562         7.05536         3.19553 
        1.25174         7.02819         3.15774 
        1.25789         6.95976         3.12045 
        1.26402         6.89816         3.08384 
        1.27014         6.86746         3.04789 
        1.27628          6.7897         3.01242 
        1.28244         6.76145         2.97744 
        1.28858         6.68425         2.94307 
        1.29471         6.62423         2.90931 
        1.30084         6.57184         2.87612 
        1.30697         6.53551         2.84339 
        1.31312          6.4906         2.81113 
        1.31925         6.44937         2.77947 
        1.32537           6.382         2.74833 
        1.33151         6.33537         2.71755 
        1.33765          6.3017         2.68726 
        1.34378         6.26623          2.6575 
        1.34992         6.20945         2.62816 
        1.35606         6.14667         2.59921 
         1.3622         6.10556         2.57074 
        1.36833         6.08008         2.54276 
        1.37445         6.02736         2.51522 
        1.38059         5.96905           2.488 
        1.38675         5.94703         2.46112 
        1.39288         5.90025         2.43474 
        1.39901         5.84208         2.40876 
        1.40515         5.81087          2.3831 
         1.4113         5.77092         2.35783 
        1.41742         5.73672         2.33302 
        1.42355         5.68308         2.30852 
         1.4297           5.644          2.2843 
        1.43585         5.61083         2.26043 
        1.44198         5.59135           2.237 
        1.44809          5.5434         2.21395 
        1.45423         5.49781         2.19113 
        1.46036         5.46324         2.16868 
        1.46649         5.43121         2.14654 
        1.47263         5.39159         2.12468 
        1.47877         5.34233         2.10314 
        1.48491         5.33112         2.08187 
        1.49104         5.29347         2.06094 
        1.49718         5.26032         2.04027 
        1.50333          5.2272         2.01986 
        1.50947         5.18989         1.99977 
         1.5156         5.16156         1.97999 
        1.52172         5.11397         1.96047 
        1.52787         5.10931         1.94117 
          1.534         5.05478         1.92216 
        1.54013         5.03645         1.90342 
        1.54627         4.99635          1.8849 
        1.55241         4.95202         1.86662 
        1.55855         4.93885         1.84861 
        1.56467          4.9226         1.83088 
         1.5708         4.87296         1.81334 
        1.57695         4.84314           1.796 
        1.58308          4.8167         1.77893 
        1.58922         4.79106         1.76206 
        1.59535         4.76846         1.74542 
         1.6015          4.7129         1.72898 
        1.60764         4.69197         1.71275 
        1.61376         4.67101         1.69677 
        1.61989         4.64262         1.68099 
        1.62604         4.62649         1.66537 
        1.63218         4.59166         1.64996 
        1.63831         4.56527         1.63478 
        1.64444         4.53373         1.61979 
        1.65059         4.50264         1.60495 
        1.65673         4.48732         1.59031 
        1.66285         4.45711         1.57589 
        1.66898           4.445         1.56165 
        1.67512         4.41861         1.54755 
        1.68127         4.37085         1.53362 
         1.6874         4.36584         1.51989 
        1.69353         4.32354         1.50634 
        1.69967         4.30792         1.49292 
        1.70581         4.28147         1.47966 
        1.71193         4.25417         1.46662 
        1.71806         4.23286         1.45371 
        1.72421         4.20769         1.44093 
        1.73035         4.19841         1.42832 
        1.73649         4.17355         1.41586 
        1.74262         4.13664         1.40356 
        1.74876         4.12519          1.3914 
        1.75489         4.10696          1.3794 
        1.76101         4.06707         1.36755 
        1.76715         4.06861         1.35583 
        1.77329         4.03258         1.34422 
        1.77943         4.00281         1.33275 
        1.78557         4.00262         1.32143 
        1.79171         3.97102         1.31024 
        1.79785         3.95658         1.29917 
        1.80399         3.93802         1.28824 
        1.81012         3.90613         1.27744 
        1.81625         3.89063         1.26677 
        1.82239         3.87077         1.25621 
        1.82853         3.83945         1.24578 
        1.83466         3.82049         1.23547 
        1.84078         3.79828         1.22529 
        1.84692          3.7891         1.21521 
        1.85306         3.76896         1.20523 
         1.8592         3.75277         1.19537 
        1.86533         3.72912         1.18563 
        1.87147         3.71607         1.17599 
        1.87761         3.69474         1.16646 
        1.88375         3.67987         1.15703 
        1.88988         3.66152         1.14773 
        1.89601         3.63144         1.13852 
        1.90215         3.62232          1.1294 
        1.90829         3.60878         1.12039 
        1.91442         3.59131         1.11148 
        1.92056          3.5765         1.10267 
         1.9267          3.5574         1.09394 
        1.93284          3.5344         1.08531 
        1.93897         3.51576         1.07679 
        1.94509         3.48722         1.06837 
        1.95123         3.48771         1.06003 
        1.95737          3.4712         1.05176 
        1.96349         3.45253         1.04361 
        1.96964         3.42725         1.03552 
        1.97578         3.41598         1.02751 
        1.98192         3.40343          1.0196 
        1.98805         3.38523         1.01178 
        1.99419         3.37196         1.00403 
        2.00033         3.34948        0.996365 
        2.00647         3.34465         0.98878 
         2.0126         3.32487        0.981287 
        2.01874         3.30589         0.97386 
        2.02488         3.29758        0.966504 
        2.03101         3.27694        0.959237 
        2.03714           3.257        0.952051 
        2.04328         3.24514        0.944931 
        2.04941          3.2274         0.93789 
        2.05554         3.21735        0.930925 
        2.06167         3.20764        0.924021 
        2.06781         3.19175        0.917186 
        2.07396         3.17328         0.91041 
        2.08009         3.15917        0.903714 
        2.08622         3.15141        0.897093 
        2.09237          3.1337        0.890526 
        2.09851         3.11867        0.884023 
        2.10464          3.1089        0.877595 
        2.11077          3.0854        0.871239 
        2.11691            3.08        0.864932 
        2.12305         3.06921        0.858686 
        2.12918         3.04956        0.852518 
        2.13531         3.04152        0.846409 
        2.14145         3.02469        0.840346 
         2.1476         3.01129        0.834336 
        2.15372         2.99743        0.828414 
        2.15985         2.98784        0.822544 
        2.16599         2.97576        0.816713 
        2.17213         2.97034        0.810946 
        2.17827         2.94903        0.805235 
         2.1844         2.94593        0.799585 
        2.19054         2.92973        0.793986 
        2.19666         2.91502         0.78845 
         2.2028          2.8979         0.78296 
        2.20893          2.8954        0.777521 
        2.21508         2.87531        0.772127 
        2.22122         2.86483        0.766782 
        2.22736         2.84971        0.761499 
        2.23349         2.83678        0.756266 
        2.23962         2.82646         0.75108 
        2.24577         2.81932        0.745938 
         2.2519         2.81314        0.740852 
        2.25802         2.78988         0.73582 
        2.26417         2.78046        0.730822 
        2.27031          2.7665        0.725865 
        2.27644         2.76438        0.720968 
        2.28257         2.74716        0.716117 
        2.28872         2.73468        0.711302 
        2.29486          2.7263        0.706531 
        2.30099         2.71662        0.701814 
        2.30712         2.70309        0.697138 
        2.31326         2.69463        0.692497 
         2.3194         2.68159          0.6879 
        2.32553         2.67366        0.683353 
        2.33166         2.65914        0.678849 
         2.3378         2.65152        0.674379 
        2.34394         2.63795        0.669948 
        2.35007         2.63253        0.665563 
        2.35619         2.62312        0.661222 
        2.36233         2.61367         0.65691 
        2.36848         2.59961        0.652628 
        2.37462         2.59345        0.648392 
        2.38075         2.57993        0.644198 
        2.38689         2.57312        0.640038 
        2.39303         2.56303        0.635915 
        2.39916         2.55317        0.631832 
        2.40529         2.54123        0.627786 
        2.41143         2.54094        0.623772 
        2.41757         2.52462        0.619791 
         2.4237         2.51663        0.615853 
        2.42983         2.50397        0.611948 
        2.43598         2.49848        0.608068 
        2.44211          2.4845        0.604227 
        2.44823         2.47439        0.600428 
        2.45437         2.46948        0.596651 
        2.46052         2.46411        0.592903 
        2.46665         2.45101        0.589195 
        2.47279         2.44121        0.585519 
        2.47892          2.4312        0.581872 
        2.48507         2.42286        0.578253 
         2.4912         2.41387        0.574671 
        2.49733         2.40835        0.571122 
        2.50347         2.39317        0.567595 
        2.50961         2.38741        0.564099 
        2.51575         2.37758        0.560634 
        2.52188         2.37518        0.557203 
        2.52802         2.36077        0.553796 
        2.53416         2.35246        0.550416 
        2.54029         2.34973        0.547071 
        2.54641         2.34394        0.543754 
        2.55255         2.32853        0.540462 
        2.55869         2.32447        0.537191 
        2.56483           2.316        0.533952 
        2.57096         2.30534        0.530744 
        2.57709         2.30058         0.52756 
        2.58323         2.29221        0.524399 
        2.58937         2.28422        0.521263 
        2.59551         2.27269        0.518156 
        2.60164         2.26776        0.515076 
        2.60778         2.26186        0.512017 
        2.61392         2.25075        0.508984 
        2.62006         2.24286        0.505976 
        2.62619         2.23535        0.502996 
        2.63232         2.22704         0.50004 
        2.63846         2.21914        0.497103 
        2.64459         2.21072        0.494194 
        2.65072         2.20517        0.491309 
        2.65686         2.20069        0.488446 
          2.663         2.19161          0.4856 
        2.66915         2.18538        0.482778 
        2.67527         2.17925        0.479985 
        2.68141         2.17032        0.477212 
        2.68755         2.16351        0.474459 
        2.69368         2.15318         0.47173 
        2.69981         2.14882        0.469025 
        2.70595         2.14389        0.466336 
        2.71209         2.13371        0.463667 
        2.71823         2.12687        0.461023 
        2.72436         2.12141          0.4584 
         2.7305         2.11267        0.455796 
        2.73663         2.10846        0.453213 
        2.74276         2.10116        0.450652 
         2.7489         2.09332        0.448109 
        2.75504         2.09047        0.445583 
        2.76118         2.08684        0.443075 
        2.76732         2.07758        0.440591 
        2.77345         2.06826        0.438126 
        2.77959         2.06097        0.435679 
        2.78572         2.05932        0.433251 
        2.79186         2.04773        0.430843 
        2.79798         2.04084        0.428456 
        2.80412         2.03682        0.426082 
        2.81027         2.03187        0.423723 
         2.8164         2.02341        0.421387 
        2.82253         2.01674        0.419069 
        2.82867         2.01449        0.416768 
        2.83481         2.00833        0.414482 
        2.84095         1.99739        0.412214 
        2.84708         1.99262        0.409966 
        2.85322         1.98396        0.407732 
        2.85935         1.98142        0.405515 
        2.86549         1.97545        0.403316 
        2.87162         1.96771        0.401133 
        2.87776         1.96504        0.398967 
        2.88389         1.95816        0.396814 
        2.89003         1.95602         0.39468 
        2.89617         1.94939         0.39256 
        2.90231         1.94188        0.390455 
        2.90844         1.93557        0.388367 
        2.91458         1.92987        0.386294 
        2.92071          1.9263        0.384238 
        2.92684         1.91997        0.382195 
        2.93298         1.91363        0.380168 
         2.9391         1.90556        0.378158 
        2.94524         1.90496         0.37616 
        2.95138          1.8993        0.374176 
        2.95752         1.89076        0.372204 
        2.96367         1.88678        0.370246 
         2.9698         1.88387        0.368305 
        2.97594           1.878        0.366377 
        2.98207         1.87343        0.364463 
        2.98821         1.86838        0.362564 
        2.99434          1.8629        0.360679 
        3.00048         1.85508        0.358806 
        3.00662          1.8507        0.356945 
        3.01275         1.84967        0.355101 
        3.01888         1.84328        0.353269 
        3.02503         1.83764        0.351447 
        3.03117         1.83452        0.349639 
        3.03729         1.82583        0.347848 
        3.04342         1.82578        0.346067 
        3.04957         1.81787        0.344295 
         3.0557         1.81274        0.342539 
        3.06183         1.80761        0.340797 
        3.06796         1.80353        0.339066 
        3.07411         1.79841        0.337343 
        3.08025         1.79418        0.335635 
        3.08637         1.79259        0.333942 
         3.0925         1.78509        0.332258 
        3.09865         1.78001        0.330582 
         3.1048         1.77493        0.328919 
        3.11093         1.77448         0.32727 
        3.11706         1.77004        0.325633 
         3.1232         1.76386        0.324005 
        3.12933         1.76061        0.322389 
        3.13547         1.75591        0.320785 
        3.14159         1.75033        0.319193 
        3.14773         1.74926        0.317609 
        3.15388         1.73953        0.316035 
        3.16001         1.74224        0.314474 
        3.16614         1.73584        0.312924 
        3.17228         1.73148        0.311383 
        3.17842         1.72681        0.309853 
        3.18455         1.72323        0.308334 
        3.19068         1.72087        0.306825 
        3.19682         1.71523        0.305325 
        3.20297         1.71279        0.303834 
         3.2091         1.70819        0.302355 
        3.21524         1.70386        0.300885 
        3.22138         1.69929        0.299425 
         3.2275         1.69755        0.297977 
        3.23363         1.69365        0.296538 
        3.23977         1.69207        0.295107 
        3.24591         1.68571        0.293686 
        3.25205         1.68166        0.292273 
        3.25818         1.68004         0.29087 
        3.26432         1.67548        0.289477 
        3.27046         1.67157        0.288092 
         3.2766         1.66714        0.286717 
        3.28273         1.66468        0.285351 
        3.28887         1.66111        0.283994 
          3.295         1.65812        0.282646 
        3.30113         1.65652        0.281307 
        3.30727         1.65027        0.279975 
        3.31341          1.6496        0.278654 
        3.31954         1.64491        0.277341 
        3.32568         1.64067        0.276035 
        3.33182         1.63782        0.274738 
        3.33795         1.63547        0.273451 
        3.34409         1.63273         0.27217 
        3.35022         1.63153        0.270898 
        3.35636         1.62553        0.269635 
         3.3625         1.62614        0.268379 
        3.36864         1.62326        0.267131 
        3.37477          1.6193        0.265891 
        3.38091         1.61485         0.26466 
        3.38704         1.61329        0.263437 
        3.39318         1.60946        0.262221 
        3.39931         1.60723        0.261012 
        3.40545         1.60417        0.259812 
        3.41158          1.6008        0.258619 
        3.41772         1.59605        0.257433 
        3.42385         1.59564        0.256256 
        3.42998         1.59583        0.255086 
        3.43612         1.59094        0.253923 
        3.44226         1.58842        0.252766 
         3.4484         1.58691        0.251616 
        3.45453         1.58518        0.250475 
        3.46066         1.58455        0.249341 
        3.46681         1.57994        0.248212 
        3.47295         1.57585         0.24709 
        3.47908         1.57454        0.245978 
        3.48521         1.57431        0.244872 
        3.49135         1.57095        0.243771 
        3.49749         1.56665        0.242678 
        3.50362         1.56533        0.241592 
        3.50976         1.56324        0.240512 
        3.51589         1.56327        0.239439 
        3.52203         1.56166        0.238373 
        3.52816         1.55857        0.237314 
        3.53429         1.55419        0.236261 
        3.54043         1.55598        0.235213 
        3.54657         1.55204        0.234171 
        3.55271         1.55064        0.233137 
        3.55884         1.54875         0.23211 
        3.56498         1.54579        0.231087 
        3.57112         1.54182        0.230071 
        3.57725         1.54147        0.229061 
        3.58338         1.53967        0.228059 
        3.58952         1.53721        0.227061 
        3.59566         1.53611        0.226068 
         3.6018         1.53664        0.225083 
        3.60793         1.53316        0.224103 
        3.61407         1.53065         0.22313 
        3.62021         1.53024        0.222162 
        3.62634         1.53104          0.2212 
        3.63247         1.52886        0.220244 
        3.63861         1.52544        0.219293 
        3.64475         1.52535        0.218346 
        3.65089         1.52544        0.217407 
        3.65702         1.52367        0.216474 
        3.66316         1.52066        0.215545 
        3.66929         1.52165        0.214622 
        3.67543         1.51714        0.213704 
        3.68156         1.51757        0.212792 
        3.68769         1.51587        0.211885 
        3.69383         1.51635        0.210983 
        3.69997         1.51401        0.210086 
        3.70611         1.51178        0.209195 
        3.71224         1.51185        0.208309 
        3.71838         1.51231        0.207428 
        3.72451         1.50913        0.206553 
        3.73065         1.51082        0.205683 
        3.73678         1.50675        0.204817 
        3.74292         1.50589        0.203956 
        3.74906         1.50588          0.2031 
        3.75519         1.50525        0.202249 
        3.76133         1.50583        0.201403 
        3.76746         1.50381        0.200563 
         3.7736         1.50244        0.199727 
        3.77974         1.50306        0.198895 
        3.78588          1.5023        0.198068 
        3.79201             1.5        0.197246 
        3.79814          1.5015        0.196429 
        3.80428         1.50094        0.195617 
        3.81042         1.49965        0.194808 
        3.81655         1.49966        0.194005 
        3.82268         1.49871        0.193207 
        3.82882         1.49638        0.192413 
        3.83496         1.49696        0.191622 
        3.84109         1.49709        0.190837 
        3.84723         1.49615        0.190056 
        3.85337         1.49681        0.189278 
        3.85951         1.49777        0.188505 
        3.86565         1.49581        0.187737 
        3.87178         1.49614        0.186975 
        3.87791         1.49333        0.186215 
        3.88405         1.49641         0.18546 
        3.89019         1.49609        0.184709 
        3.89632         1.49735        0.183962 
        3.90246         1.49549        0.183219 
         3.9086         1.49507         0.18248 
        3.91473         1.49525        0.181747 
        3.92086         1.49378        0.181017 
        3.92699         1.49708        0.180291 
        3.93313         1.49612        0.179568 
        3.93927         1.49403         0.17885 
         3.9454         1.49366        0.178135 
        3.95154         1.49495        0.177424 
        3.95768         1.49692        0.176717 
        3.96382          1.4942        0.176014 
        3.96995          1.4959        0.175315 
        3.97609         1.49671         0.17462 
        3.98222         1.49738        0.173929 
        3.98836           1.499        0.173241 
         3.9945         1.49753        0.172557 
        4.00063         1.49778        0.171877 
        4.00677         1.49891          0.1712 
        4.01291         1.49963        0.170527 
        4.01904         1.49941        0.169858 
        4.02517         1.50005        0.169193 
        4.03131         1.49961        0.168531 
        4.03745         1.50123        0.167872 
        4.04358         1.50018        0.167217 
        4.04972         1.50404        0.166566 
        4.05585         1.50109        0.165918 
        4.06199         1.50525        0.165273 
        4.06812         1.50544        0.164632 
        4.07426         1.50435        0.163994 
         4.0804         1.50683        0.163359 
        4.08654         1.50613        0.162728 
        4.09267         1.50588        0.162101 
         4.0988         1.50791        0.161477 
        4.10494         1.50861        0.160856 
        4.11108          1.5092        0.160238 
        4.11721         1.50949        0.159624 
        4.12334         1.50941        0.159013 
        4.12948         1.51193        0.158405 
        4.13561         1.51394          0.1578 
        4.14176         1.51388        0.157198 
        4.14789         1.51479        0.156599 
        4.15403         1.51712        0.156004 
        4.16016         1.51812        0.155412 
         4.1663         1.52029        0.154822 
        4.17243         1.52032        0.154237 
        4.17857         1.51972        0.153653 
        4.18471         1.52173        0.153073 
        4.19084          1.5218        0.152496 
        4.19698         1.52481        0.151922 
        4.20312         1.52595        0.151351 
        4.20925         1.52794        0.150783 
        4.21538          1.5282        0.150218 
        4.22152         1.52995        0.149655 
        4.22766         1.53201        0.149095 
         4.2338         1.53375        0.148539 
        4.23993         1.53472        0.147985 
        4.24607         1.53714        0.147434 
         4.2522         1.53728        0.146886 
        4.25834         1.53772        0.146341 
        4.26447         1.53913        0.145798 
        4.27061         1.54141        0.145259 
        4.27674         1.54025        0.144722 
        4.28288         1.54317        0.144187 
        4.28902         1.54557        0.143655 
        4.29515          1.5463        0.143127 
        4.30129         1.54906          0.1426 
        4.30743         1.54781        0.142076 
        4.31356         1.55273        0.141555 
        4.31969         1.55264        0.141038 
        4.32583         1.55519        0.140522 
        4.33197         1.55616        0.140008 
         4.3381         1.55868        0.139498 
        4.34424         1.55913         0.13899 
        4.35038          1.5589        0.138484 
        4.35652         1.56159        0.137981 
        4.36265         1.56446        0.137481 
        4.36878         1.56581        0.136983 
        4.37492         1.56853        0.136487 
        4.38106         1.57091        0.135993 
        4.38719          1.5729        0.135503 
        4.39333         1.57169        0.135015 
        4.39946         1.57629         0.13453 
         4.4056         1.57811        0.134046 
        4.41173         1.57763        0.133565 
        4.41786         1.58239        0.133087 
          4.424         1.58304        0.132611 
        4.43014         1.58358        0.132136 
        4.43628         1.58569        0.131664 
        4.44241         1.58896        0.131195 
        4.44855         1.59373        0.130728 
        4.45469         1.59176        0.130263 
        4.46083          1.5937        0.129801 
        4.46696         1.59647        0.129341 
        4.47309         1.59605        0.128883 
        4.47923         1.59968        0.128427 
        4.48537         1.60329        0.127973 
         4.4915         1.60377        0.127522 
        4.49764         1.60444        0.127073 
        4.50378         1.60602        0.126625 
        4.50991         1.61087        0.126181 
        4.51604         1.61068        0.125739 
        4.52218          1.6157        0.125297 
        4.52832         1.61582        0.124859 
        4.53445         1.61609        0.124423 
        4.54059         1.62002        0.123989 
        4.54673         1.62069        0.123556 
        4.55286         1.62499        0.123126 
          4.559         1.62419        0.122698 
        4.56513         1.62557        0.122272 
        4.57127         1.62965        0.121848 
        4.57741         1.63226        0.121426 
        4.58354         1.63411        0.121006 
        4.58968         1.63515        0.120588 
        4.59582         1.63645        0.120172 
        4.60195         1.63937        0.119758 
        4.60809         1.64009        0.119346 
        4.61422         1.64335        0.118935 
        4.62036         1.64597        0.118527 
        4.62649         1.64712        0.118121 
        4.63263         1.64946        0.117717 
        4.63876         1.64955        0.117314 
         4.6449         1.65293        0.116913 
        4.65104         1.65547        0.116514 
        4.65717         1.65496        0.116118 
        4.66331         1.65898        0.115723 
        4.66944          1.6612        0.115329 
        4.67558         1.66218        0.114938 
        4.68171         1.66488        0.114549 
        4.68785         1.66729        0.114161 
        4.69399          1.6698        0.113775 
        4.70012         1.66765        0.113391 
        4.70625          1.6735        0.113009 
        4.71239         1.67647        0.112628 
        4.71853         1.67697        0.112249 
        4.72467         1.68029        0.111872 
         4.7308         1.68184        0.111496 
        4.73694         1.68027        0.111123 
        4.74308         1.68491        0.110751 
        4.74922         1.68694         0.11038 
        4.75535         1.68801        0.110012 
        4.76148         1.69061        0.109646 
        4.76762         1.69089         0.10928 
        4.77376         1.69398        0.108916 
        4.77989          1.6952        0.108555 
        4.78602         1.69768        0.108195 
        4.79216          1.6992        0.107836 
         4.7983         1.70238        0.107479 
        4.80443         1.70394        0.107124 
        4.81056         1.70581        0.106771 
         4.8167         1.70614        0.106418 
        4.82284         1.70812        0.106068 
        4.82898         1.71048        0.105719 
        4.83511         1.71403        0.105372 
        4.84125         1.71448        0.105026 
        4.84739         1.71829        0.104681 
        4.85352         1.71814        0.104339 
        4.85965         1.71829        0.103998 
        4.86579         1.72239        0.103658 
        4.87193         1.72342         0.10332 
        4.87807         1.72562        0.102983 
         4.8842         1.72784        0.102648 
        4.89034          1.7297        0.102315 
        4.89647         1.73144        0.101983 
        4.90261         1.73211        0.101652 
        4.90874         1.73593        0.101323 
        4.91488         1.73528        0.100995 
        4.92102         1.73884        0.100669 
        4.92715         1.73833        0.100344 
        4.93329         1.74288        0.100021 
        4.93942         1.74376       0.0996988 
        4.94556         1.74438       0.0993781 
         4.9517          1.7484        0.099059 
        4.95783         1.74582       0.0987413 
        4.96397         1.74757        0.098425 
        4.97011         1.74906         0.09811 
        4.97624         1.75114       0.0977965 
        4.98238         1.75307       0.0974845 
        4.98851         1.75439       0.0971737 
        4.99465         1.75518       0.0968642 
        5.00078          1.7575       0.0965562 
        5.00691         1.75832       0.0962497 
        5.01305         1.75941       0.0959443 
        5.01919         1.75979       0.0956399 
        5.02533         1.76374        0.095337 
        5.03146         1.76511       0.0950358 
         5.0376          1.7646       0.0947356 
        5.04374         1.76554       0.0944366 
        5.04987         1.76738        0.094139 
        5.05601         1.77045       0.0938429 
        5.06215         1.77257       0.0935477 
        5.06829         1.77243       0.0932538 
        5.07442         1.77313       0.0929615 
        5.08055         1.77532       0.0926706 
        5.08668         1.77826       0.0923806 
        5.09282         1.77737       0.0920917 
        5.09896         1.77885       0.0918043 
        5.10509         1.78051       0.0915183 
        5.11123         1.78281       0.0912332 
        5.11736         1.78206       0.0909494 
         5.1235          1.7832       0.0906667 
        5.12964         1.78581       0.0903853 
        5.13577         1.78769        0.090105 
        5.14191         1.78947        0.089826 
        5.14804         1.78769       0.0895484 
        5.15418         1.78935       0.0892718 
        5.16032         1.79146       0.0889962 
        5.16645         1.79355       0.0887218 
        5.17259         1.79358       0.0884487 
        5.17872         1.79395       0.0881768 
        5.18486         1.79443       0.0879058 
          5.191         1.79858        0.087636 
        5.19713         1.79832       0.0873676 
        5.20327         1.79848       0.0871002 
        5.20941         1.79757       0.0868337 
        5.21555         1.80134       0.0865682 
        5.22168         1.80306       0.0863043 
        5.22781          1.8027       0.0860414 
        5.23395         1.80352       0.0857795 
        5.24009         1.80153       0.0855186 
        5.24622         1.80543       0.0852589 
        5.25236         1.80603       0.0850004 
         5.2585         1.80741       0.0847426 
        5.26463         1.80912       0.0844861 
        5.27077         1.80874       0.0842307 
         5.2769         1.81055       0.0839764 
        5.28304          1.8095       0.0837231 
        5.28917         1.81093       0.0834709 
         5.2953         1.81293       0.0832198 
        5.30144         1.81206       0.0829696 
        5.30757         1.81556       0.0827204 
        5.31371         1.81428       0.0824722 
        5.31985         1.81718        0.082225 
        5.32599         1.81519       0.0819787 
        5.33213         1.81756       0.0817335 
        5.33826         1.81492       0.0814894 
         5.3444         1.81914       0.0812464 
        5.35053         1.81968       0.0810043 
        5.35667         1.82035       0.0807631 
        5.36281         1.81846       0.0805229 
        5.36894         1.82013       0.0802838 
        5.37507         1.82189       0.0800457 
        5.38121         1.82167       0.0798084 
        5.38735         1.82246       0.0795721 
        5.39348         1.82121       0.0793369 
        5.39961         1.82452       0.0791027 
        5.40575         1.82438       0.0788692 
        5.41189         1.82375       0.0786366 
        5.41803         1.82569       0.0784051 
        5.42416         1.82731       0.0781746 
         5.4303         1.82655       0.0779448 
        5.43644         1.82665       0.0777161 
        5.44257         1.82684       0.0774884 
        5.44871         1.82798       0.0772614 
        5.45484         1.82887       0.0770354 
        5.46098         1.83012       0.0768103 
        5.46712         1.83038        0.076586 
        5.47325          1.8277       0.0763628 
        5.47938         1.82803       0.0761406 
        5.48552         1.83054       0.0759192 
        5.49165         1.83226       0.0756986 
        5.49779         1.83051       0.0754788 
        5.50393         1.83129       0.0752599 
        5.51006          1.8328       0.0750417 
         5.5162          1.8325       0.0748246 
        5.52234         1.83412       0.0746084 
        5.52847         1.83484       0.0743929 
        5.53461         1.83432       0.0741783 
        5.54075         1.83361       0.0739646 
        5.54688           1.834       0.0737518 
        5.55302         1.83542       0.0735396 
        5.55915         1.83696       0.0733284 
        5.56529         1.83445       0.0731181 
        5.57143         1.83601       0.0729085 
        5.57756         1.84016       0.0726997 
         5.5837         1.83923       0.0724919 
        5.58983         1.83857       0.0722849 
        5.59597         1.83847       0.0720786 
         5.6021          1.8396       0.0718731 
        5.60824          1.8379       0.0716684 
        5.61438         1.83956       0.0714645 
        5.62051         1.84097       0.0712614 
        5.62665         1.83964       0.0710591 
        5.63278         1.84122       0.0708576 
        5.63892         1.84208       0.0706569 
        5.64505         1.84241        0.070457 
        5.65119         1.84488       0.0702578 
        5.65733         1.84177       0.0700594 
        5.66346         1.84248       0.0698618 
         5.6696         1.84412       0.0696649 
        5.67573         1.84463       0.0694688 
        5.68187         1.84655       0.0692734 
          5.688         1.84529       0.0690789 
        5.69414         1.84465       0.0688851 
        5.70028         1.84586       0.0686918 
        5.70642         1.84658       0.0684994 
        5.71255         1.84635       0.0683077 
        5.71869         1.84766       0.0681169 
        5.72482         1.84699       0.0679268 
        5.73096         1.84738       0.0677373 
        5.73709         1.84709       0.0675487 
        5.74322         1.85105       0.0673608 
        5.74936         1.84912       0.0671734 
         5.7555         1.84958       0.0669867 
        5.76164         1.85102       0.0668009 
        5.76777         1.85169       0.0666158 
        5.77391         1.85246       0.0664313 
        5.78005         1.85231       0.0662474 
        5.78618         1.85392       0.0660644 
        5.79231         1.85342       0.0658823 
        5.79845         1.85397       0.0657005 
        5.80459         1.85427       0.0655193 
        5.81073         1.85732       0.0653391 
        5.81686         1.85726       0.0651596 
          5.823         1.85802       0.0649805 
        5.82914         1.85759       0.0648022 
        5.83527            1.86       0.0646247 
         5.8414         1.86106       0.0644478 
        5.84754         1.86149       0.0642715 
        5.85368         1.86263       0.0640958 
        5.85981         1.86138       0.0639209 
        5.86595         1.86334       0.0637466 
        5.87208         1.86394        0.063573 
        5.87822         1.86243          0.0634 
        5.88435         1.86629       0.0632277 
        5.89049          1.8665        0.063056 
        5.89662         1.86762       0.0628849 
        5.90276          1.8687       0.0627144 
         5.9089         1.86892       0.0625445 
        5.91503         1.86893       0.0623754 
        5.92117         1.87139       0.0622068 
        5.92731         1.87122       0.0620388 
        5.93344         1.87535       0.0618715 
        5.93958         1.87367       0.0617048 
        5.94572         1.87597       0.0615387 
        5.95186         1.87804       0.0613731 
        5.95799         1.87805       0.0612084 
        5.96412         1.87818       0.0610442 
        5.97026         1.88012       0.0608805 
         5.9764         1.88099       0.0607175 
        5.98253          1.8818       0.0605552 
        5.98866          1.8818       0.0603933 
         5.9948         1.88622       0.0602319 
        6.00094         1.88734       0.0600713 
        6.00707         1.88701       0.0599112 
        6.01321         1.88933       0.0597517 
        6.01935         1.88933       0.0595927 
        6.02548         1.89244       0.0594344 
        6.03162          1.8928       0.0592767 
        6.03775         1.89529       0.0591195 
        6.04389         1.89602       0.0589629 
        6.05003         1.89803       0.0588067 
        6.05617         1.90023       0.0586512 
         6.0623         1.90167       0.0584962 
        6.06844         1.90248       0.0583419 
        6.07457         1.90653       0.0581881 
         6.0807         1.90706       0.0580349 
        6.08684         1.90892       0.0578823 
        6.09298         1.91041       0.0577301 
        6.09912         1.91276       0.0575784 
        6.10525         1.91305       0.0574274 
        6.11138         1.91588       0.0572769 
        6.11752         1.91896       0.0571269 
        6.12366         1.92021       0.0569774 
        6.12979         1.92216       0.0568286 
        6.13593         1.92313       0.0566802 
        6.14207         1.92717       0.0565323 
         6.1482         1.92812        0.056385 
        6.15434         1.93236       0.0562382 
        6.16047         1.93407        0.056092 
        6.16661         1.93445       0.0559463 
        6.17274         1.93822        0.055801 
        6.17887         1.94123       0.0556564 
        6.18501         1.94231       0.0555122 
        6.19115         1.94585       0.0553685 
        6.19729         1.94716       0.0552252 
        6.20342         1.95068       0.0550825 
        6.20956         1.95318       0.0549404 
         6.2157         1.95448       0.0547986 
        6.22183         1.95856       0.0546574 
        6.22797         1.95911       0.0545169 
         6.2341          1.9664       0.0543767 
        6.24024         1.96647        0.054237 
        6.24638         1.97005       0.0540977 
        6.25251         1.97284       0.0539591 
        6.25865          1.9762       0.0538209 
        6.26478         1.97995       0.0536831 
        6.27092          1.9821        0.053546 
        6.27705         1.98619       0.0534093 
        6.28318         1.98545        0.053273 
