# k  (h/Mpc)    P(k)  (Mpc/h)^3    P_linear(k)  (Mpc/h)^3
     0.00783031         1693.51         1707.06 
       0.013688         2157.56         2185.65 
       0.019231         2260.23         2273.88 
      0.0249154         2152.23         2151.98 
      0.0312784         1900.39         1904.41 
      0.0375637         1642.72          1649.6 
      0.0433917         1455.06         1453.28 
      0.0492413         1304.32         1307.43 
      0.0555754         1200.78         1198.25 
      0.0619321         1106.68         1118.73 
       0.067871         1047.94         1051.94 
      0.0738098         977.219         979.412 
      0.0800417         893.232          892.79 
      0.0862327          798.91         800.507 
      0.0921407         714.074         715.191 
      0.0982031         641.528         638.765 
       0.104506         574.748         576.421 
       0.110769          531.48         532.121 
       0.116806         506.251         502.609 
       0.122832         480.336         480.646 
       0.129052         461.182          459.95 
       0.135211         440.385          436.99 
       0.141259         411.388         410.298 
       0.147318         379.141         380.304 
       0.153489         350.433         349.056 
       0.159709         324.097         319.978 
       0.165845         296.454         295.939 
       0.171974         283.095         277.387 
       0.178125         269.311         263.705 
       0.184229         256.403          253.51 
        0.19034         249.759         244.782 
       0.196428         240.592         235.869 
       0.202534         227.149         225.674 
       0.208729         218.359         213.859 
       0.214876         207.536         201.255 
       0.220989         192.273          188.83 
       0.227147         184.512         177.399 
        0.23329         175.543         167.708 
       0.239377           168.7         159.953 
       0.245482         161.302         153.759 
       0.251667         154.934         148.544 
       0.257832         152.169         143.755 
       0.263955          145.18         138.883 
       0.270079         139.859         133.603 
        0.27624         133.385         127.875 
       0.282372         128.194          121.99 
        0.28843         124.947         116.304 
       0.294538         119.056         111.009 
       0.300721         113.514         106.283 
        0.30691         110.905         102.235 
       0.313033         106.686         98.7959 
       0.319153         104.824         95.7357 
       0.325316         100.415         92.8194 
        0.33145         97.2995          89.919 
       0.337538         94.4335         86.9467 
       0.343633         91.6215         83.8883 
       0.349808         88.3979         80.7685 
       0.355968         85.4313         77.7466 
       0.362074         83.5228         74.9318 
       0.368217         80.9458         72.3449 
       0.374374         79.1507         70.0092 
       0.380519         75.8689         67.8975 
       0.386598         73.8115         65.9679 
       0.392688         71.7279         64.1215 
        0.39888         70.3749         62.2773 
       0.405048         68.6727         60.4462 
       0.411186         66.8484         58.6204 
       0.417313         64.9438         56.8209 
       0.423458         63.0403         55.0697 
       0.429607         61.8988         53.3978 
       0.435692          60.752         51.8457 
       0.441815           58.49         50.3906 
       0.447964         56.7636         49.0224 
       0.454126         55.7957         47.7282 
       0.460267         55.2294          46.493 
       0.466387         53.6774         45.2944 
        0.47254         52.8738         44.1092 
       0.478662         51.2006         42.9515 
       0.484765         50.1477         41.8215 
       0.490885         48.7238         40.7193 
       0.497035         47.9478         39.6527 
       0.503198          46.858          38.634 
       0.509342         45.6184          37.668 
       0.515458         45.0452         36.7507 
       0.521598         43.9871         35.8688 
       0.527764          43.402         35.0166 
       0.533884         42.4154          34.197 
           0.54         41.5694         33.3981 
       0.546137         40.3396         32.6138 
       0.552299         39.6762         31.8462 
       0.558452         38.8656         31.1025 
       0.564573         38.4916         30.3869 
       0.570708          37.465         29.6944 
       0.576825         36.9654         29.0285 
       0.582926          36.328         28.3886 
       0.589034         35.6248         27.7711 
       0.595184         35.1677           27.17 
       0.601379         34.2237         26.5829 
       0.607522         33.7114         26.0161 
       0.613639         33.1549         25.4656 
       0.619772         32.6109         24.9279 
       0.625918         31.9609         24.4039 
       0.632068         31.6902         23.8951 
       0.638161         31.0396         23.4064 
         0.6443          30.559         22.9289 
       0.650464         29.8115         22.4639 
       0.656582         29.6322         22.0158 
       0.662703         29.2809         21.5801 
       0.668861         28.5094          21.154 
       0.675024         28.1653         20.7392 
       0.681124         27.9985         20.3397 
       0.687237         27.4321         19.9499 
       0.693381         26.8569         19.5684 
       0.699536         26.7394          19.196 
       0.705665         26.2406         18.8348 
       0.711789         25.7721         18.4833 
       0.717957         25.2647         18.1385 
        0.72409         25.0506         17.8046 
       0.730186         24.9211         17.4814 
       0.736317         24.4072         17.1647 
       0.742472         24.1086          16.855 
       0.748622         23.7295         16.5534 
        0.75476         23.1481         16.2599 
       0.760888         23.0686          15.974 
       0.767043           22.68         15.6939 
       0.773185         22.4411         15.4211 
       0.779291         22.2367         15.1563 
       0.785407         21.8492         14.8974 
       0.791564         21.6925          14.643 
       0.797719         21.2354         14.3946 
       0.803834         21.1366         14.1537 
       0.809972         20.7404         13.9175 
       0.816124         20.5166         13.6862 
       0.822261          20.295         13.4609 
       0.828378         20.0662         13.2414 
       0.834502         19.8677         13.0267 
       0.840667         19.6588         12.8155 
       0.846816         19.2364         12.6096 
       0.852925         19.1661         12.4095 
       0.859047          18.936         12.2134 
       0.865192         18.6746          12.021 
       0.871341          18.433         11.8326 
       0.877463         18.2423         11.6492 
       0.883569         18.1317         11.4702 
       0.889708         17.8363          11.294 
       0.895864         17.6208         11.1211 
       0.902008         17.4143         10.9523 
       0.908149         17.1964         10.7871 
       0.914301         17.1095          10.625 
       0.920448         16.8541         10.4665 
       0.926574         16.7461         10.3118 
       0.932687         16.5094         10.1606 
       0.938823         16.3053         10.0119 
       0.944975         16.1791         9.86589 
       0.951105         15.9922         9.72333 
       0.957225         15.9001         9.58386 
       0.963368         15.6635         9.44667 
       0.969511         15.5067         9.31219 
       0.975621         15.3605         9.18108 
       0.981748         15.1613         9.05217 
       0.987916         15.0533         8.92495 
        0.99406         14.9089         8.80068 
        1.00019         14.7867         8.67904 
        1.00632         14.6573         8.55983 
        1.01246         14.5077          8.4427 
        1.01859         14.3375         8.32797 
        1.02471          14.174         8.21554 
        1.03085         14.1257         8.10481 
        1.03698         13.9883         7.99638 
        1.04314         13.8214         7.88948 
        1.04929         13.6446          7.7848 
        1.05541          13.585         7.68246 
        1.06154         13.4654         7.58173 
        1.06769         13.3753         7.48266 
        1.07382         13.1615         7.38571 
        1.07993         13.0541          7.2907 
        1.08607         12.9964           7.197 
        1.09222         12.8303         7.10486 
        1.09836         12.7878         7.01445 
        1.10449         12.5911         6.92574 
        1.11063         12.5526         6.83848 
        1.11677         12.4642         6.75277 
         1.1229         12.3459         6.66868 
        1.12903         12.2549         6.58597 
        1.13518         12.0798          6.5046 
        1.14131         12.0145         6.42467 
        1.14745          11.854         6.34613 
        1.15359           11.77         6.26891 
        1.15973         11.6708         6.19295 
        1.16584         11.5844          6.1186 
        1.17197         11.4837         6.04537 
        1.17811         11.3886         5.97313 
        1.18424         11.3133         5.90228 
        1.19038         11.2454         5.83239 
        1.19652         11.1507         5.76367 
        1.20267         11.0655         5.69606 
        1.20881         10.9458         5.62955 
        1.21495         10.8644         5.56423 
        1.22108         10.8119         5.49995 
         1.2272         10.7122         5.43685 
        1.23334         10.6727          5.3746 
        1.23949         10.5562         5.31319 
        1.24562         10.4753         5.25292 
        1.25174         10.4162         5.19367 
        1.25789         10.2817         5.13517 
        1.26402         10.2567         5.07767 
        1.27014         10.1983         5.02121 
        1.27628         10.0659         4.96544 
        1.28244          10.054         4.91041 
        1.28858         9.97244          4.8563 
        1.29471         9.83784         4.80313 
        1.30084         9.77399          4.7508 
        1.30697         9.76374         4.69919 
        1.31312         9.65665         4.64827 
        1.31925         9.59915         4.59827 
        1.32537         9.53908         4.54906 
        1.33151         9.46426          4.5004 
        1.33765         9.38908         4.45249 
        1.34378         9.37714         4.40537 
        1.34992         9.27812         4.35891 
        1.35606         9.20807         4.31302 
         1.3622         9.13803         4.26788 
        1.36833          9.0902          4.2235 
        1.37445         9.02626         4.17978 
        1.38059         8.97028         4.13654 
        1.38675         8.90583         4.09382 
        1.39288          8.8326         4.05188 
        1.39901         8.77318         4.01054 
        1.40515         8.72187          3.9697 
         1.4113         8.65398         3.92944 
        1.41742         8.61975          3.8899 
        1.42355         8.54037         3.85083 
         1.4297         8.50435         3.81218 
        1.43585         8.45614         3.77409 
        1.44198          8.3974         3.73666 
        1.44809         8.35097         3.69981 
        1.45423         8.28143         3.66333 
        1.46036          8.2425         3.62741 
        1.46649         8.18543         3.59196 
        1.47263         8.14615         3.55696 
        1.47877         8.08977         3.52244 
        1.48491         8.05266         3.48833 
        1.49104         7.98158         3.45474 
        1.49718         7.95752         3.42157 
        1.50333          7.8997         3.38879 
        1.50947         7.83155         3.35651 
         1.5156         7.81754         3.32469 
        1.52172          7.7675         3.29329 
        1.52787         7.72217         3.26224 
          1.534         7.67307         3.23163 
        1.54013         7.63816         3.20144 
        1.54627         7.58512         3.17159 
        1.55241         7.52236         3.14211 
        1.55855          7.5125         3.11306 
        1.56467         7.45737         3.08445 
         1.5708         7.41733         3.05612 
        1.57695          7.3555         3.02811 
        1.58308         7.30983         3.00052 
        1.58922         7.28696         2.97325 
        1.59535         7.24455         2.94634 
         1.6015          7.1862         2.91972 
        1.60764         7.16175         2.89344 
        1.61376         7.13215         2.86757 
        1.61989          7.0634         2.84199 
        1.62604         7.04231         2.81666 
        1.63218         7.00923         2.79167 
        1.63831         6.97455         2.76703 
        1.64444         6.91514         2.74269 
        1.65059         6.88686         2.71858 
        1.65673         6.86014         2.69479 
        1.66285         6.82344         2.67135 
        1.66898         6.78177         2.64819 
        1.67512         6.73963         2.62526 
        1.68127         6.69769         2.60257 
         1.6874         6.67714         2.58021 
        1.69353         6.62661         2.55813 
        1.69967         6.60522         2.53625 
        1.70581         6.55532         2.51464 
        1.71193         6.53886         2.49336 
        1.71806         6.50249         2.47229 
        1.72421          6.4605         2.45142 
        1.73035         6.43184         2.43081 
        1.73649         6.39811         2.41045 
        1.74262         6.35798         2.39033 
        1.74876         6.34981         2.37044 
        1.75489         6.30657         2.35081 
        1.76101         6.26081         2.33141 
        1.76715         6.25171         2.31221 
        1.77329         6.22038          2.2932 
        1.77943          6.1682         2.27439 
        1.78557         6.16192         2.25583 
        1.79171         6.13109         2.23747 
        1.79785         6.09785         2.21931 
        1.80399         6.04293         2.20136 
        1.81012         6.03304         2.18363 
        1.81625         5.99789         2.16611 
        1.82239         5.97457         2.14875 
        1.82853         5.93885         2.13159 
        1.83466         5.89715         2.11464 
        1.84078         5.87833         2.09789 
        1.84692         5.85383          2.0813 
        1.85306         5.82555         2.06486 
         1.8592         5.81019         2.04863 
        1.86533         5.78203         2.03259 
        1.87147         5.74834         2.01669 
        1.87761         5.73451         2.00097 
        1.88375         5.69522         1.98543 
        1.88988         5.66778         1.97007 
        1.89601          5.6452         1.95486 
        1.90215         5.60415         1.93981 
        1.90829         5.59946         1.92492 
        1.91442         5.55867         1.91019 
        1.92056          5.5537         1.89563 
         1.9267         5.51077          1.8812 
        1.93284         5.50786         1.86692 
        1.93897         5.46397         1.85281 
        1.94509         5.43121         1.83888 
        1.95123          5.4189         1.82505 
        1.95737         5.39891         1.81136 
        1.96349         5.35782         1.79785 
        1.96964         5.33952         1.78444 
        1.97578         5.32197         1.77115 
        1.98192         5.29165         1.75803 
        1.98805           5.276         1.74504 
        1.99419         5.25758         1.73219 
        2.00033          5.2157         1.71945 
        2.00647         5.21041         1.70685 
         2.0126         5.18524          1.6944 
        2.01874         5.16854         1.68205 
        2.02488         5.14199         1.66981 
        2.03101         5.10688         1.65772 
        2.03714         5.09197         1.64576 
        2.04328          5.0745         1.63391 
        2.04941         5.04759         1.62218 
        2.05554         5.03684         1.61058 
        2.06167         5.00881         1.59907 
        2.06781         4.98893         1.58768 
        2.07396         4.96297         1.57638 
        2.08009         4.95199         1.56521 
        2.08622         4.93149         1.55417 
        2.09237         4.92159         1.54321 
        2.09851         4.88164         1.53235 
        2.10464         4.86764         1.52161 
        2.11077          4.8572           1.511 
        2.11691           4.837         1.50046 
        2.12305         4.80792         1.49002 
        2.12918         4.79602          1.4797 
        2.13531          4.7697         1.46948 
        2.14145         4.75743         1.45934 
         2.1476         4.73163         1.44928 
        2.15372         4.71466         1.43936 
        2.15985         4.70203         1.42953 
        2.16599         4.68349         1.41977 
        2.17213         4.66999          1.4101 
        2.17827         4.63624         1.40053 
         2.1844         4.61815         1.39105 
        2.19054         4.60762         1.38166 
        2.19666         4.59101         1.37237 
         2.2028         4.55746         1.36316 
        2.20893         4.55857         1.35403 
        2.21508         4.54175         1.34497 
        2.22122         4.50412         1.33599 
        2.22736         4.49842         1.32712 
        2.23349         4.47929         1.31832 
        2.23962         4.46997          1.3096 
        2.24577         4.43719         1.30096 
         2.2519         4.43271          1.2924 
        2.25802         4.40444         1.28394 
        2.26417         4.39284         1.27552 
        2.27031         4.37502         1.26718 
        2.27644         4.35944         1.25893 
        2.28257         4.34519         1.25076 
        2.28872         4.33038         1.24265 
        2.29486          4.3083          1.2346 
        2.30099         4.29309         1.22665 
        2.30712         4.27986         1.21877 
        2.31326         4.26387         1.21094 
         2.3194         4.24702         1.20318 
        2.32553         4.23097          1.1955 
        2.33166         4.22239          1.1879 
         2.3378         4.20452         1.18035 
        2.34394          4.1847         1.17287 
        2.35007          4.1648         1.16546 
        2.35619         4.15953         1.15812 
        2.36233         4.13703         1.15083 
        2.36848         4.13002         1.14359 
        2.37462         4.11411         1.13642 
        2.38075         4.10388         1.12933 
        2.38689         4.08661         1.12229 
        2.39303         4.06952         1.11531 
        2.39916         4.05517         1.10839 
        2.40529          4.0372         1.10154 
        2.41143         4.03049         1.09474 
        2.41757          4.0194           1.088 
         2.4237           3.998         1.08132 
        2.42983         3.99289          1.0747 
        2.43598         3.97924         1.06812 
        2.44211         3.95595          1.0616 
        2.44823         3.94105         1.05516 
        2.45437         3.92719         1.04875 
        2.46052         3.91778         1.04239 
        2.46665         3.90673         1.03609 
        2.47279         3.88075         1.02984 
        2.47892          3.8758         1.02365 
        2.48507         3.86646          1.0175 
         2.4912         3.85264         1.01141 
        2.49733         3.83424         1.00537 
        2.50347         3.81744        0.999378 
        2.50961         3.81096        0.993431 
        2.51575         3.79876        0.987535 
        2.52188         3.78273        0.981695 
        2.52802         3.77317        0.975895 
        2.53416         3.75913        0.970141 
        2.54029         3.75357        0.964443 
        2.54641         3.73666        0.958793 
        2.55255         3.72106        0.953183 
        2.55869         3.71266        0.947609 
        2.56483         3.69928        0.942087 
        2.57096         3.69278        0.936616 
        2.57709         3.68399        0.931187 
        2.58323         3.66734        0.925795 
        2.58937         3.64239        0.920443 
        2.59551         3.65189        0.915141 
        2.60164         3.62928        0.909882 
        2.60778         3.62143         0.90466 
        2.61392         3.60866        0.899479 
        2.62006          3.5907        0.894341 
        2.62619         3.58378        0.889249 
        2.63232         3.57324        0.884196 
        2.63846         3.55855        0.879176 
        2.64459         3.55104        0.874202 
        2.65072          3.5391        0.869267 
        2.65686          3.5283        0.864369 
          2.663         3.51868          0.8595 
        2.66915         3.50955         0.85467 
        2.67527         3.50069        0.849889 
        2.68141         3.48167        0.845141 
        2.68755         3.47433        0.840425 
        2.69368         3.46792         0.83575 
        2.69981         3.45512        0.831117 
        2.70595         3.44184        0.826507 
        2.71209         3.43328        0.821932 
        2.71823          3.4223        0.817399 
        2.72436         3.41884        0.812901 
         2.7305          3.4036        0.808434 
        2.73663         3.39601        0.804002 
        2.74276         3.38209        0.799608 
         2.7489         3.37474        0.795242 
        2.75504         3.36385        0.790906 
        2.76118         3.35693          0.7866 
        2.76732         3.34511        0.782333 
        2.77345          3.3297        0.778099 
        2.77959         3.32133        0.773895 
        2.78572         3.31631        0.769723 
        2.79186         3.30628        0.765584 
        2.79798         3.29913        0.761479 
        2.80412         3.28173        0.757397 
        2.81027         3.27895         0.75334 
         2.8164         3.26309        0.749322 
        2.82253         3.25819        0.745333 
        2.82867         3.24808        0.741371 
        2.83481          3.2371        0.737438 
        2.84095          3.2293        0.733533 
        2.84708         3.22254        0.729661 
        2.85322         3.20891        0.725812 
        2.85935         3.20292        0.721993 
        2.86549         3.19591        0.718203 
        2.87162         3.18608         0.71444 
        2.87776         3.17578        0.710706 
        2.88389         3.17068        0.706995 
        2.89003         3.16072        0.703313 
        2.89617          3.1547        0.699655 
        2.90231         3.14091        0.696025 
        2.90844         3.13562         0.69242 
        2.91458         3.12677        0.688842 
        2.92071         3.11635        0.685293 
        2.92684         3.11162        0.681766 
        2.93298         3.09625        0.678265 
         2.9391         3.09323        0.674794 
        2.94524         3.08835        0.671341 
        2.95138         3.07789        0.667912 
        2.95752         3.06806        0.664503 
        2.96367         3.05997        0.661118 
         2.9698         3.05381        0.657764 
        2.97594         3.04356        0.654429 
        2.98207         3.03707        0.651118 
        2.98821         3.02743        0.647833 
        2.99434         3.02052        0.644571 
        3.00048         3.01774        0.641329 
        3.00662         3.00724        0.638109 
        3.01275         3.00574        0.634915 
        3.01888         2.99083        0.631743 
        3.02503         2.98486        0.628587 
        3.03117         2.97683        0.625455 
        3.03729         2.96977        0.622352 
        3.04342         2.96446        0.619266 
        3.04957          2.9521        0.616194 
         3.0557         2.94726        0.613149 
        3.06183         2.94148        0.610129 
        3.06796         2.93339        0.607126 
        3.07411         2.92477        0.604137 
        3.08025         2.92253        0.601174 
        3.08637         2.91091        0.598236 
         3.0925         2.90368        0.595313 
        3.09865          2.8971        0.592405 
         3.1048         2.89361        0.589516 
        3.11093         2.88352        0.586653 
        3.11706         2.87898        0.583809 
         3.1232         2.87289        0.580982 
        3.12933         2.86805        0.578173 
        3.13547         2.85873        0.575385 
        3.14159         2.85146        0.572619 
        3.14773         2.84647        0.569866 
        3.15388         2.84217        0.567128 
        3.16001         2.83953        0.564413 
        3.16614         2.82863        0.561717 
        3.17228         2.81937        0.559037 
        3.17842         2.81433        0.556374 
        3.18455         2.81063         0.55373 
        3.19068         2.80628        0.551105 
        3.19682         2.79673        0.548493 
        3.20297         2.79438        0.545897 
         3.2091         2.79074        0.543321 
        3.21524         2.78386        0.540761 
        3.22138         2.77545        0.538218 
         3.2275          2.7683        0.535695 
        3.23363          2.7664        0.533188 
        3.23977         2.75702        0.530693 
        3.24591         2.75112        0.528215 
        3.25205          2.7462        0.525751 
        3.25818         2.74343        0.523305 
        3.26432         2.73748        0.520875 
        3.27046         2.73305         0.51846 
         3.2766         2.72249         0.51606 
        3.28273         2.72166        0.513676 
        3.28887         2.71198        0.511308 
          3.295         2.71042        0.508954 
        3.30113          2.7072        0.506616 
        3.30727         2.69629        0.504292 
        3.31341         2.68984        0.501984 
        3.31954         2.68653         0.49969 
        3.32568         2.68031        0.497408 
        3.33182         2.67956        0.495142 
        3.33795         2.67287        0.492892 
        3.34409         2.67177        0.490653 
        3.35022          2.6604        0.488429 
        3.35636         2.65872        0.486221 
         3.3625         2.65505        0.484024 
        3.36864          2.6483        0.481841 
        3.37477         2.64582        0.479672 
        3.38091          2.6426        0.477518 
        3.38704         2.62988        0.475378 
        3.39318         2.62954        0.473249 
        3.39931         2.62619        0.471133 
        3.40545         2.62102        0.469031 
        3.41158         2.61811        0.466942 
        3.41772          2.6137        0.464866 
        3.42385         2.60995        0.462804 
        3.42998         2.60699        0.460753 
        3.43612         2.59983        0.458716 
        3.44226         2.59665        0.456689 
         3.4484          2.5894        0.454672 
        3.45453         2.58803        0.452672 
        3.46066         2.58369        0.450684 
        3.46681         2.58098        0.448704 
        3.47295         2.57626        0.446737 
        3.47908         2.57517        0.444786 
        3.48521         2.56683        0.442846 
        3.49135         2.56402        0.440914 
        3.49749         2.56089        0.438996 
        3.50362         2.55881        0.437089 
        3.50976         2.55377        0.435194 
        3.51589         2.54944         0.43331 
        3.52203         2.54609        0.431437 
        3.52816         2.54125        0.429578 
        3.53429         2.53927        0.427728 
        3.54043         2.53537        0.425886 
        3.54657         2.52863        0.424056 
        3.55271         2.52736        0.422239 
        3.55884         2.52437        0.420433 
        3.56498         2.51804        0.418635 
        3.57112         2.51695        0.416848 
        3.57725         2.51073        0.415073 
        3.58338         2.50678         0.41331 
        3.58952         2.50777        0.411555 
        3.59566         2.50331        0.409808 
         3.6018         2.50132        0.408074 
        3.60793         2.49888        0.406351 
        3.61407         2.49431        0.404637 
        3.62021          2.4923        0.402933 
        3.62634         2.48752        0.401239 
        3.63247          2.4876        0.399555 
        3.63861         2.48359        0.397881 
        3.64475         2.47884        0.396214 
        3.65089         2.47434        0.394559 
        3.65702         2.47703        0.392915 
        3.66316         2.46898        0.391278 
        3.66929          2.4701        0.389651 
        3.67543         2.46514        0.388034 
        3.68156         2.46432        0.386426 
        3.68769         2.46005        0.384827 
        3.69383         2.45896        0.383237 
        3.69997         2.45576        0.381655 
        3.70611         2.45055        0.380084 
        3.71224         2.44698         0.37852 
        3.71838         2.44503        0.376966 
        3.72451         2.44287        0.375421 
        3.73065         2.43937        0.373886 
        3.73678         2.44109        0.372358 
        3.74292         2.43492        0.370837 
        3.74906         2.43453        0.369326 
        3.75519         2.43119        0.367824 
        3.76133         2.42798         0.36633 
        3.76746         2.42638        0.364845 
         3.7736         2.42447        0.363369 
        3.77974          2.4229        0.361899 
        3.78588         2.41912        0.360437 
        3.79201         2.41749        0.358985 
        3.79814         2.41588        0.357541 
        3.80428         2.41244        0.356104 
        3.81042         2.40945        0.354675 
        3.81655         2.40767        0.353254 
        3.82268           2.405        0.351843 
        3.82882         2.40237        0.350438 
        3.83496         2.40311         0.34904 
        3.84109         2.40039         0.34765 
        3.84723          2.3974        0.346268 
        3.85337         2.39232        0.344892 
        3.85951         2.39553        0.343524 
        3.86565         2.39273        0.342165 
        3.87178         2.39003        0.340814 
        3.87791         2.38387         0.33947 
        3.88405         2.38785        0.338132 
        3.89019           2.387        0.336801 
        3.89632         2.38122        0.335479 
        3.90246         2.38031        0.334163 
         3.9086         2.38034        0.332853 
        3.91473         2.37828        0.331553 
        3.92086         2.37455         0.33026 
        3.92699         2.37693        0.328972 
        3.93313         2.37317        0.327691 
        3.93927         2.36953        0.326417 
         3.9454         2.36912         0.32515 
        3.95154          2.3686        0.323889 
        3.95768         2.36465        0.322635 
        3.96382         2.36512        0.321388 
        3.96995         2.36278        0.320148 
        3.97609         2.35936        0.318914 
        3.98222         2.35919        0.317688 
        3.98836         2.35762        0.316468 
         3.9945         2.35452        0.315253 
        4.00063         2.35528        0.314046 
        4.00677         2.35364        0.312844 
        4.01291         2.35322        0.311649 
        4.01904         2.35382        0.310461 
        4.02517         2.34934         0.30928 
        4.03131         2.34869        0.308103 
        4.03745         2.34775        0.306932 
        4.04358         2.34037        0.305769 
        4.04972         2.34267        0.304611 
        4.05585         2.33898        0.303459 
        4.06199         2.34056        0.302313 
        4.06812         2.33815        0.301174 
        4.07426         2.34008         0.30004 
         4.0804         2.33693        0.298911 
        4.08654         2.33404        0.297788 
        4.09267         2.33624        0.296672 
         4.0988         2.33043        0.295563 
        4.10494         2.33163        0.294458 
        4.11108         2.32727        0.293358 
        4.11721          2.3311        0.292265 
        4.12334         2.33176        0.291178 
        4.12948          2.3273        0.290096 
        4.13561         2.32437        0.289019 
        4.14176         2.32477        0.287946 
        4.14789         2.32437         0.28688 
        4.15403         2.32358         0.28582 
        4.16016         2.32075        0.284765 
         4.1663         2.32235        0.283715 
        4.17243         2.32052        0.282672 
        4.17857         2.31888        0.281632 
        4.18471         2.31749        0.280598 
        4.19084         2.31762         0.27957 
        4.19698         2.31697        0.278547 
        4.20312          2.3124        0.277528 
        4.20925         2.31485        0.276515 
        4.21538         2.31302        0.275508 
        4.22152          2.3109        0.274505 
        4.22766         2.31105        0.273506 
         4.2338         2.30884        0.272514 
        4.23993         2.30883        0.271526 
        4.24607         2.30755        0.270543 
         4.2522         2.30723        0.269565 
        4.25834         2.30587        0.268592 
        4.26447         2.30199        0.267624 
        4.27061         2.30213        0.266661 
        4.27674         2.30355        0.265702 
        4.28288         2.30054        0.264747 
        4.28902         2.30425        0.263798 
        4.29515         2.29816        0.262854 
        4.30129         2.29736        0.261914 
        4.30743         2.29743        0.260978 
        4.31356         2.29838        0.260047 
        4.31969         2.29817        0.259122 
        4.32583         2.29769        0.258201 
        4.33197         2.29551        0.257283 
         4.3381          2.2925        0.256371 
        4.34424         2.29304        0.255463 
        4.35038         2.29197        0.254558 
        4.35652          2.2892        0.253658 
        4.36265         2.28975        0.252764 
        4.36878         2.28652        0.251874 
        4.37492         2.28709        0.250987 
        4.38106         2.28774        0.250105 
        4.38719         2.28702        0.249228 
        4.39333         2.28374        0.248355 
        4.39946         2.28537        0.247486 
         4.4056         2.28401        0.246621 
        4.41173         2.28178         0.24576 
        4.41786         2.28474        0.244904 
          4.424         2.28248        0.244051 
        4.43014         2.28065        0.243202 
        4.43628         2.28199        0.242357 
        4.44241         2.27794        0.241517 
        4.44855         2.28101         0.24068 
        4.45469         2.28097        0.239847 
        4.46083         2.27853        0.239019 
        4.46696         2.27676        0.238195 
        4.47309         2.27624        0.237374 
        4.47923         2.27559        0.236557 
        4.48537         2.27608        0.235745 
         4.4915         2.27482        0.234936 
        4.49764         2.27318         0.23413 
        4.50378          2.2732        0.233328 
        4.50991         2.27001        0.232531 
        4.51604          2.2683        0.231738 
        4.52218         2.26849        0.230947 
        4.52832         2.27121        0.230161 
        4.53445         2.26903        0.229378 
        4.54059         2.26652          0.2286 
        4.54673         2.26565        0.227824 
        4.55286         2.26648        0.227052 
          4.559         2.26257        0.226284 
        4.56513         2.26377        0.225519 
        4.57127         2.26524        0.224758 
        4.57741         2.26444           0.224 
        4.58354         2.26147        0.223247 
        4.58968         2.26034        0.222496 
        4.59582         2.25929        0.221749 
        4.60195         2.25964        0.221005 
        4.60809         2.25653        0.220266 
        4.61422         2.25589        0.219529 
        4.62036         2.25706        0.218796 
        4.62649         2.25895        0.218066 
        4.63263         2.25695        0.217339 
        4.63876         2.25746        0.216616 
         4.6449           2.254        0.215896 
        4.65104         2.25209        0.215179 
        4.65717         2.25117        0.214466 
        4.66331         2.25141        0.213756 
        4.66944         2.25059        0.213049 
        4.67558         2.24933        0.212346 
        4.68171         2.24859        0.211645 
        4.68785         2.24844        0.210947 
        4.69399         2.24881        0.210253 
        4.70012         2.24708        0.209563 
        4.70625         2.24584        0.208875 
        4.71239         2.24325         0.20819 
        4.71853         2.24438        0.207508 
        4.72467         2.24628        0.206829 
         4.7308         2.24342        0.206154 
        4.73694          2.2431        0.205481 
        4.74308         2.24245        0.204811 
        4.74922         2.24146        0.204145 
        4.75535         2.23931        0.203482 
        4.76148            2.24        0.202822 
        4.76762         2.23713        0.202163 
        4.77376         2.23648        0.201508 
        4.77989         2.23628        0.200857 
        4.78602         2.23409        0.200209 
        4.79216         2.23359        0.199562 
         4.7983         2.23275        0.198919 
        4.80443         2.23288         0.19828 
        4.81056         2.23216        0.197642 
         4.8167         2.23303        0.197007 
        4.82284          2.2298        0.196375 
        4.82898         2.22881        0.195746 
        4.83511         2.23133        0.195121 
        4.84125         2.22876        0.194497 
        4.84739         2.22801        0.193876 
        4.85352         2.22578        0.193258 
        4.85965         2.22828        0.192643 
        4.86579         2.22556        0.192031 
        4.87193         2.22704        0.191421 
        4.87807         2.22433        0.190813 
         4.8842         2.22412        0.190209 
        4.89034         2.22006        0.189607 
        4.89647         2.22053        0.189007 
        4.90261         2.22083        0.188411 
        4.90874         2.21981        0.187817 
        4.91488         2.21942        0.187226 
        4.92102         2.21875        0.186636 
        4.92715         2.21677         0.18605 
        4.93329         2.21906        0.185466 
        4.93942         2.21584        0.184885 
        4.94556         2.21589        0.184306 
         4.9517         2.21381        0.183729 
        4.95783          2.2116        0.183156 
        4.96397         2.21268        0.182584 
        4.97011         2.20919        0.182015 
        4.97624         2.21041        0.181449 
        4.98238         2.20929        0.180885 
        4.98851         2.20668        0.180323 
        4.99465         2.20697        0.179764 
        5.00078         2.20667        0.179207 
        5.00691         2.20591        0.178653 
        5.01305         2.20511        0.178101 
        5.01919         2.20637        0.177551 
        5.02533         2.20222        0.177003 
        5.03146         2.20156        0.176458 
         5.0376         2.20149        0.175916 
        5.04374         2.19986        0.175375 
        5.04987          2.1995        0.174836 
        5.05601          2.1984        0.174301 
        5.06215          2.1968        0.173767 
        5.06829         2.19994        0.173235 
        5.07442         2.19508        0.172706 
        5.08055          2.1959        0.172179 
        5.08668         2.19371        0.171655 
        5.09282         2.19473        0.171132 
        5.09896         2.19518        0.170611 
        5.10509         2.19359        0.170094 
        5.11123         2.19252        0.169577 
        5.11736         2.19212        0.169063 
         5.1235         2.18883        0.168552 
        5.12964         2.19289        0.168042 
        5.13577         2.18742        0.167534 
        5.14191         2.18854        0.167029 
        5.14804         2.18817        0.166526 
        5.15418         2.18611        0.166025 
        5.16032         2.18596        0.165525 
        5.16645         2.18458        0.165028 
        5.17259         2.18312        0.164533 
        5.17872         2.18201         0.16404 
        5.18486         2.18304        0.163549 
          5.191         2.18165         0.16306 
        5.19713         2.18236        0.162574 
        5.20327         2.18062        0.162089 
        5.20941         2.17917        0.161606 
        5.21555          2.1789        0.161124 
        5.22168         2.17671        0.160645 
        5.22781         2.17789        0.160169 
        5.23395         2.17554        0.159694 
        5.24009         2.17499         0.15922 
        5.24622         2.17395        0.158749 
        5.25236         2.17388         0.15828 
         5.2585         2.17177        0.157813 
        5.26463         2.17146        0.157347 
        5.27077         2.16869        0.156883 
         5.2769         2.17165        0.156422 
        5.28304         2.16956        0.155962 
        5.28917         2.16834        0.155504 
         5.2953         2.16707        0.155049 
        5.30144         2.16769        0.154594 
        5.30757          2.1691        0.154142 
        5.31371         2.16828        0.153691 
        5.31985         2.16602        0.153242 
        5.32599         2.16285        0.152795 
        5.33213         2.16555         0.15235 
        5.33826         2.16688        0.151906 
         5.3444         2.16354        0.151465 
        5.35053         2.16144        0.151025 
        5.35667          2.1623        0.150587 
        5.36281         2.15973         0.15015 
        5.36894         2.16047        0.149716 
        5.37507         2.15875        0.149283 
        5.38121         2.15683        0.148852 
        5.38735         2.16002        0.148422 
        5.39348         2.15681        0.147995 
        5.39961         2.15591        0.147569 
        5.40575         2.15733        0.147144 
        5.41189         2.15459        0.146721 
        5.41803         2.15619          0.1463 
        5.42416         2.15371        0.145881 
         5.4303         2.15378        0.145463 
        5.43644         2.15246        0.145047 
        5.44257         2.15279        0.144633 
        5.44871         2.15063         0.14422 
        5.45484          2.1502        0.143809 
        5.46098         2.15285        0.143399 
        5.46712          2.1502        0.142991 
        5.47325         2.15026        0.142585 
        5.47938         2.14766         0.14218 
        5.48552         2.14841        0.141777 
        5.49165           2.147        0.141375 
        5.49779         2.14947        0.140975 
        5.50393         2.14574        0.140577 
        5.51006         2.14632        0.140179 
         5.5162          2.1456        0.139784 
        5.52234         2.14639         0.13939 
        5.52847         2.14578        0.138998 
        5.53461         2.14532        0.138607 
        5.54075         2.14426        0.138218 
        5.54688         2.14516         0.13783 
        5.55302         2.14297        0.137443 
        5.55915         2.14291        0.137059 
        5.56529         2.14379        0.136675 
        5.57143         2.14211        0.136293 
        5.57756         2.14349        0.135913 
         5.5837         2.14248        0.135534 
        5.58983          2.1416        0.135157 
        5.59597         2.14187        0.134781 
         5.6021          2.1402        0.134406 
        5.60824         2.14177        0.134033 
        5.61438         2.14252        0.133661 
        5.62051         2.14006        0.133291 
        5.62665         2.14023        0.132922 
        5.63278         2.13884        0.132554 
        5.63892         2.14136        0.132188 
        5.64505         2.14004        0.131823 
        5.65119          2.1388         0.13146 
        5.65733         2.13781        0.131098 
        5.66346         2.13832        0.130737 
         5.6696         2.13711        0.130378 
        5.67573         2.13795         0.13002 
        5.68187         2.13762        0.129664 
          5.688         2.13864        0.129309 
        5.69414         2.13781        0.128955 
        5.70028         2.13643        0.128602 
        5.70642         2.13813        0.128251 
        5.71255         2.13768        0.127901 
        5.71869         2.13688        0.127553 
        5.72482         2.13507        0.127205 
        5.73096         2.13881        0.126859 
        5.73709         2.13765        0.126515 
        5.74322         2.13759        0.126172 
        5.74936         2.13554         0.12583 
         5.7555          2.1373        0.125489 
        5.76164         2.13738        0.125149 
        5.76777         2.13675        0.124811 
        5.77391          2.1392        0.124474 
        5.78005         2.13791        0.124138 
        5.78618         2.14039        0.123804 
        5.79231         2.13678        0.123471 
        5.79845         2.13789        0.123138 
        5.80459         2.14053        0.122807 
        5.81073         2.14127        0.122478 
        5.81686         2.13998         0.12215 
          5.823         2.13981        0.121822 
        5.82914         2.14081        0.121496 
        5.83527         2.14125        0.121172 
         5.8414         2.14122        0.120848 
        5.84754         2.14119        0.120526 
        5.85368          2.1409        0.120204 
        5.85981         2.14103        0.119884 
        5.86595           2.141        0.119566 
        5.87208         2.14278        0.119248 
        5.87822          2.1435        0.118932 
        5.88435         2.14528        0.118616 
        5.89049          2.1446        0.118302 
        5.89662         2.14533        0.117989 
        5.90276         2.14407        0.117677 
         5.9089         2.14341        0.117366 
        5.91503         2.14702        0.117057 
        5.92117         2.14828        0.116748 
        5.92731         2.14718         0.11644 
        5.93344         2.14723        0.116134 
        5.93958         2.14912        0.115829 
        5.94572         2.14877        0.115525 
        5.95186          2.1516        0.115222 
        5.95799         2.15151         0.11492 
        5.96412         2.15024        0.114619 
        5.97026         2.15131        0.114319 
         5.9764         2.15388        0.114021 
        5.98253         2.15531        0.113723 
        5.98866         2.15592        0.113427 
         5.9948         2.15506        0.113131 
        6.00094         2.15788        0.112837 
        6.00707          2.1593        0.112543 
        6.01321          2.1594        0.112251 
        6.01935         2.16115         0.11196 
        6.02548         2.16225         0.11167 
        6.03162         2.16231         0.11138 
        6.03775         2.16447        0.111092 
        6.04389         2.16581        0.110805 
        6.05003         2.16507        0.110519 
        6.05617         2.16662        0.110234 
         6.0623         2.16837         0.10995 
        6.06844         2.17106        0.109667 
        6.07457         2.17236        0.109385 
         6.0807         2.17114        0.109104 
        6.08684         2.17605        0.108824 
        6.09298         2.17526        0.108544 
        6.09912         2.17744        0.108266 
        6.10525         2.17808        0.107989 
        6.11138         2.18137        0.107713 
        6.11752         2.18036        0.107438 
        6.12366         2.18401        0.107163 
        6.12979         2.18461         0.10689 
        6.13593         2.18579        0.106618 
        6.14207         2.18862        0.106347 
         6.1482         2.19039        0.106076 
        6.15434         2.19211        0.105807 
        6.16047         2.19327        0.105538 
        6.16661         2.19482        0.105271 
        6.17274         2.19842        0.105004 
        6.17887         2.19889        0.104738 
        6.18501         2.20098        0.104474 
        6.19115         2.20324         0.10421 
        6.19729         2.20429        0.103947 
        6.20342          2.2071        0.103685 
        6.20956         2.20742        0.103423 
         6.2157         2.21129        0.103163 
        6.22183          2.2144        0.102904 
        6.22797         2.21492        0.102645 
         6.2341         2.21859        0.102388 
        6.24024         2.22115        0.102131 
        6.24638         2.22435        0.101875 
        6.25251         2.22525         0.10162 
        6.25865         2.22553        0.101366 
        6.26478         2.22986        0.101113 
        6.27092         2.23158        0.100861 
        6.27705         2.23463        0.100609 
        6.28318         2.23882        0.100359 
