# k  (h/Mpc)    P(k)  (Mpc/h)^3    P_linear(k)  (Mpc/h)^3
     0.00783031         1406.51         1423.78 
       0.013688         1698.27         1702.04 
       0.019231         1674.98         1675.59 
      0.0249154         1496.21         1505.25 
      0.0312784         1260.87         1261.71 
      0.0375637         1045.79         1042.44 
      0.0433917         886.252         887.037 
      0.0492413         780.954         779.233 
      0.0555754         700.832         704.021 
      0.0619321         656.325         652.692 
       0.067871         608.189         610.457 
      0.0738098          561.51         563.767 
      0.0800417           503.6         506.965 
      0.0862327         445.605         446.269 
      0.0921407         391.588         390.791 
      0.0982031         342.151         342.207 
       0.104506         307.077         303.942 
       0.110769         280.792         278.113 
       0.116806         262.903         262.056 
       0.122832         252.651         250.873 
       0.129052         240.331         240.388 
       0.135211         228.019         228.098 
       0.141259         214.255         213.071 
       0.147318         197.907          195.74 
       0.153489         179.182         177.564 
       0.159709             163         160.783 
       0.165845          150.79         147.179 
       0.171974         139.358          137.01 
       0.178125          132.55         129.853 
       0.184229         127.618         124.806 
        0.19034         121.893         120.623 
       0.196428         118.469         116.278 
       0.202534         114.192         111.107 
       0.208729         107.428         104.922 
       0.214876         100.329         98.2099 
       0.220989         94.6496         91.5591 
       0.227147         87.9067         85.4607 
        0.23329         82.9129         80.3495 
       0.239377         79.3157         76.3386 
       0.245482         75.3318         73.2134 
       0.251667         73.5612         70.6473 
       0.257832          71.081         68.3285 
       0.263955          68.657         65.9596 
       0.270079         66.0166         63.3622 
        0.27624         63.7491         60.5155 
       0.282372         60.8438         57.5614 
        0.28843         57.7181         54.7011 
       0.294538         55.0561         52.0338 
       0.300721         53.1906         49.6647 
        0.30691         50.6993         47.6464 
       0.313033         49.0514         45.9484 
       0.319153         46.9325         44.4525 
       0.325316         46.1901         43.0413 
        0.33145         44.5493         41.6422 
       0.337538         43.2325         40.2146 
       0.343633         41.5835         38.7409 
       0.349808          40.248         37.2388 
       0.355968         38.8482         35.7777 
       0.362074         37.4234         34.4172 
       0.368217         36.2013         33.1639 
       0.374374         34.9608         32.0324 
       0.380519         34.0478         31.0129 
       0.386598          33.138         30.0825 
       0.392688         32.3743         29.1996 
        0.39888         31.3882          28.323 
       0.405048         30.5714         27.4553 
       0.411186         29.7554         26.5968 
       0.417313          28.741         25.7495 
       0.423458         27.9442         24.9245 
       0.429607         27.1135          24.138 
       0.435692         26.2685         23.4047 
       0.441815         25.6913          22.715 
       0.447964         25.2034         22.0686 
       0.454126         24.2644         21.4569 
       0.460267         23.7944         20.8739 
       0.466387         23.0593          20.312 
        0.47254          22.652         19.7604 
       0.478662         22.2054         19.2217 
       0.484765         21.5055         18.6975 
       0.490885         20.9853          18.188 
       0.497035         20.6937         17.6949 
       0.503198           20.11         17.2218 
       0.509342         19.5935         16.7725 
       0.515458         19.1455         16.3469 
       0.521598         18.7731         15.9379 
       0.527764         18.3254         15.5425 
       0.533884         18.0115         15.1628 
           0.54         17.5895         14.7947 
       0.546137         17.2664         14.4354 
       0.552299         16.9457         14.0841 
       0.558452          16.425         13.7435 
       0.564573         16.1775         13.4156 
       0.570708         15.8635         13.0988 
       0.576825         15.4539         12.7946 
       0.582926         15.1679         12.5022 
       0.589034          14.761         12.2194 
       0.595184         14.5443         11.9441 
       0.601379         14.2291         11.6756 
       0.607522         14.0049         11.4175 
       0.613639         13.8195         11.1678 
       0.619772         13.4412         10.9242 
       0.625918          13.334         10.6869 
       0.632068         13.1103         10.4563 
       0.638161         12.7948         10.2347 
         0.6443         12.5327         10.0183 
       0.650464         12.2829         9.80789 
       0.656582         12.1834         9.60544 
       0.662703         11.9509         9.40887 
       0.668861         11.7252         9.21673 
       0.675024         11.4928          9.0297 
       0.681124         11.2917         8.84961 
       0.687237         11.1157         8.67398 
       0.693381         10.9712         8.50228 
       0.699536         10.6706         8.33494 
       0.705665         10.5705          8.1729 
       0.711789         10.3763         8.01541 
       0.717957         10.2059         7.86106 
        0.72409         10.0348          7.7117 
       0.730186         9.89369         7.56717 
       0.736317         9.78282         7.42559 
       0.742472         9.62252         7.28713 
       0.748622         9.47126         7.15235 
        0.75476         9.28362         7.02128 
       0.760888         9.15657         6.89372 
       0.767043         9.04213         6.76885 
       0.773185         8.86132         6.64737 
       0.779291         8.79278         6.52958 
       0.785407         8.65414         6.41452 
       0.791564         8.51796         6.30153 
       0.797719         8.35447         6.19134 
       0.803834          8.3062         6.08451 
       0.809972         8.21188         5.97984 
       0.816124         8.03872         5.87743 
       0.822261         7.91271         5.77769 
       0.828378          7.8161         5.68059 
       0.834502         7.75331         5.58564 
       0.840667         7.60758         5.49226 
       0.846816         7.47702         5.40129 
       0.852925         7.41022         5.31297 
       0.859047         7.31437         5.22645 
       0.865192          7.2445         5.14159 
       0.871341         7.16593         5.05856 
       0.877463         7.04591         4.97776 
       0.883569         6.93398         4.89894 
       0.889708         6.82403         4.82144 
       0.895864          6.7568         4.74543 
       0.902008         6.68419         4.67122 
       0.908149         6.61318         4.59866 
       0.914301         6.51666         4.52752 
       0.920448           6.422         4.45797 
       0.926574          6.3407         4.39013 
       0.932687          6.2743         4.32386 
       0.938823         6.19309         4.25872 
       0.944975         6.11438         4.19478 
       0.951105         6.05033         4.13239 
       0.957225         6.01918         4.07138 
       0.963368         5.93587         4.01141 
       0.969511         5.86027         3.95265 
       0.975621         5.78447         3.89539 
       0.981748         5.72268         3.83912 
       0.987916         5.66815         3.78362 
        0.99406         5.57211         3.72943 
        1.00019         5.49857         3.67642 
        1.00632         5.47418         3.62449 
        1.01246         5.40897          3.5735 
        1.01859         5.33235         3.52357 
        1.02471         5.28429         3.47466 
        1.03085         5.22373         3.42652 
        1.03698           5.154          3.3794 
        1.04314          5.1159         3.33298 
        1.04929          5.0509         3.28753 
        1.05541         4.99184         3.24312 
        1.06154         4.94948         3.19943 
        1.06769         4.92202         3.15647 
        1.07382         4.83935         3.11445 
        1.07993         4.78698          3.0733 
        1.08607         4.76069         3.03272 
        1.09222         4.70472         2.99284 
        1.09836         4.65621         2.95372 
        1.10449         4.61035         2.91535 
        1.11063          4.5579         2.87763 
        1.11677         4.52593         2.84059 
         1.1229         4.48344         2.80426 
        1.12903         4.42672         2.76854 
        1.13518         4.38271         2.73342 
        1.14131         4.33073         2.69893 
        1.14745         4.27919         2.66505 
        1.15359          4.2555         2.63175 
        1.15973         4.20526         2.59901 
        1.16584         4.16203         2.56697 
        1.17197          4.1251         2.53543 
        1.17811         4.10081         2.50433 
        1.18424         4.06035         2.47384 
        1.19038         4.03336         2.44377 
        1.19652         3.98777         2.41422 
        1.20267         3.94629         2.38515 
        1.20881          3.9205         2.35657 
        1.21495         3.88266         2.32851 
        1.22108         3.84376         2.30091 
         1.2272         3.81903         2.27383 
        1.23334         3.76999         2.24712 
        1.23949         3.73359         2.22078 
        1.24562         3.71403         2.19494 
        1.25174         3.67128         2.16954 
        1.25789         3.64659         2.14448 
        1.26402         3.61355         2.11985 
        1.27014          3.5811         2.09568 
        1.27628         3.55388         2.07181 
        1.28244         3.51019         2.04827 
        1.28858         3.49678         2.02513 
        1.29471         3.45387         2.00239 
        1.30084          3.4216         1.98003 
        1.30697         3.41848         1.95798 
        1.31312         3.35635         1.93623 
        1.31925         3.33906         1.91488 
        1.32537         3.31002         1.89388 
        1.33151          3.2953         1.87311 
        1.33765         3.25185         1.85267 
        1.34378         3.23218         1.83258 
        1.34992         3.21531         1.81277 
        1.35606         3.16968         1.79322 
         1.3622         3.15865         1.77398 
        1.36833         3.13009         1.75508 
        1.37445         3.10481         1.73646 
        1.38059          3.0924         1.71806 
        1.38675         3.06924         1.69987 
        1.39288          3.0399         1.68203 
        1.39901         3.00653         1.66445 
        1.40515         2.98689         1.64708 
         1.4113         2.96749         1.62997 
        1.41742         2.94532         1.61316 
        1.42355         2.92256         1.59656 
         1.4297         2.89639         1.58015 
        1.43585         2.88311         1.56397 
        1.44198         2.86572         1.54809 
        1.44809         2.83489         1.53245 
        1.45423          2.8123         1.51697 
        1.46036         2.78765         1.50174 
        1.46649         2.77058          1.4867 
        1.47263         2.74807         1.47187 
        1.47877         2.72482         1.45724 
        1.48491         2.70669         1.44279 
        1.49104         2.69154         1.42857 
        1.49718         2.67257         1.41453 
        1.50333         2.65441         1.40065 
        1.50947         2.63344         1.38699 
         1.5156         2.61392         1.37353 
        1.52172         2.59657         1.36025 
        1.52787         2.57887         1.34713 
          1.534         2.55775         1.33419 
        1.54013         2.54351         1.32143 
        1.54627         2.52076         1.30882 
        1.55241         2.50169         1.29637 
        1.55855         2.49043          1.2841 
        1.56467         2.47456         1.27203 
         1.5708         2.45273         1.26007 
        1.57695         2.43489         1.24826 
        1.58308         2.41686         1.23662 
        1.58922         2.40728         1.22512 
        1.59535         2.39001         1.21377 
         1.6015         2.37181         1.20255 
        1.60764           2.358         1.19148 
        1.61376         2.34423         1.18058 
        1.61989         2.32606          1.1698 
        1.62604         2.30839         1.15914 
        1.63218         2.30307         1.14862 
        1.63831         2.27941         1.13825 
        1.64444         2.26548           1.128 
        1.65059         2.25166         1.11786 
        1.65673         2.23937         1.10785 
        1.66285         2.22107         1.09799 
        1.66898         2.21017         1.08825 
        1.67512          2.1907         1.07861 
        1.68127         2.17828         1.06908 
         1.6874         2.17255         1.05969 
        1.69353         2.14543         1.05041 
        1.69967          2.1358         1.04122 
        1.70581         2.12968         1.03215 
        1.71193         2.11116         1.02322 
        1.71806         2.10275         1.01437 
        1.72421         2.08804         1.00562 
        1.73035         2.07598        0.996973 
        1.73649         2.06173        0.988434 
        1.74262         2.04855        0.980001 
        1.74876         2.04111        0.971661 
        1.75489         2.02237        0.963436 
        1.76101         2.00905        0.955309 
        1.76715         2.00138        0.947264 
        1.77329          1.9913        0.939302 
        1.77943         1.97188        0.931429 
        1.78557         1.96329        0.923657 
        1.79171         1.95644        0.915973 
        1.79785          1.9395        0.908375 
        1.80399         1.92988        0.900866 
        1.81012         1.92101        0.893451 
        1.81625         1.90841        0.886123 
        1.82239         1.89515        0.878866 
        1.82853         1.88031        0.871694 
        1.83466         1.87597         0.86461 
        1.84078         1.86418        0.857611 
        1.84692         1.85602        0.850679 
        1.85306         1.84077        0.843815 
         1.8592         1.82972        0.837038 
        1.86533         1.82012        0.830339 
        1.87147         1.81335        0.823705 
        1.87761         1.80083        0.817141 
        1.88375         1.78902        0.810657 
        1.88988         1.78179        0.804249 
        1.89601         1.76994        0.797907 
        1.90215          1.7564        0.791629 
        1.90829         1.74649        0.785422 
        1.91442         1.74236         0.77928 
        1.92056         1.73001         0.77321 
         1.9267         1.72096        0.767198 
        1.93284         1.71596        0.761246 
        1.93897         1.70476        0.755369 
        1.94509         1.69309        0.749567 
        1.95123         1.68235        0.743811 
        1.95737         1.67357        0.738112 
        1.96349         1.66686        0.732487 
        1.96964            1.66        0.726904 
        1.97578         1.64708        0.721377 
        1.98192         1.64005        0.715919 
        1.98805         1.63103        0.710517 
        1.99419         1.62487         0.70517 
        2.00033         1.61909        0.699876 
        2.00647         1.60542        0.694637 
         2.0126         1.60019        0.689461 
        2.01874         1.58735         0.68433 
        2.02488         1.58326        0.679247 
        2.03101         1.56955        0.674224 
        2.03714         1.56307        0.669258 
        2.04328         1.55716        0.664335 
        2.04941         1.54539        0.659467 
        2.05554         1.54062         0.65465 
        2.06167         1.53234        0.649876 
        2.06781         1.52691        0.645148 
        2.07396         1.51845        0.640461 
        2.08009         1.51011        0.635828 
        2.08622         1.50153        0.631246 
        2.09237         1.49464        0.626701 
        2.09851         1.48695          0.6222 
        2.10464         1.48335         0.61775 
        2.11077         1.47276         0.61335 
        2.11691         1.46539        0.608982 
        2.12305          1.4598        0.604657 
        2.12918         1.45259        0.600384 
        2.13531         1.44468        0.596153 
        2.14145         1.43735        0.591952 
         2.1476          1.4281        0.587787 
        2.15372         1.42241        0.583683 
        2.15985         1.41506        0.579614 
        2.16599         1.41022        0.575572 
        2.17213         1.39918        0.571573 
        2.17827         1.39588        0.567613 
         2.1844         1.39032        0.563693 
        2.19054         1.38478         0.55981 
        2.19666         1.37641        0.555969 
         2.2028         1.36935         0.55216 
        2.20893         1.36388        0.548385 
        2.21508         1.35824        0.544642 
        2.22122         1.34757        0.540931 
        2.22736         1.34297        0.537264 
        2.23349         1.34001        0.533631 
        2.23962         1.33017         0.53003 
        2.24577         1.32651        0.526459 
         2.2519         1.31856        0.522926 
        2.25802         1.31433        0.519431 
        2.26417          1.3079        0.515958 
        2.27031         1.30224        0.512513 
        2.27644         1.29577        0.509111 
        2.28257         1.28916        0.505739 
        2.28872          1.2843        0.502391 
        2.29486         1.27713        0.499075 
        2.30099         1.27124        0.495795 
        2.30712          1.2649        0.492543 
        2.31326         1.26232        0.489315 
         2.3194         1.25622        0.486118 
        2.32553         1.25153        0.482954 
        2.33166         1.24311        0.479821 
         2.3378         1.23757         0.47671 
        2.34394         1.23145        0.473626 
        2.35007          1.2268        0.470574 
        2.35619         1.22395        0.467553 
        2.36233         1.21526         0.46455 
        2.36848         1.21117        0.461568 
        2.37462         1.20666        0.458619 
        2.38075         1.20106        0.455698 
        2.38689         1.19698          0.4528 
        2.39303         1.19001        0.449928 
        2.39916         1.18552        0.447083 
        2.40529          1.1807        0.444264 
        2.41143         1.17449        0.441467 
        2.41757         1.17049        0.438693 
         2.4237         1.16738        0.435947 
        2.42983         1.15966        0.433226 
        2.43598         1.15737         0.43052 
        2.44211         1.15188        0.427842 
        2.44823         1.14642        0.425193 
        2.45437         1.14215        0.422559 
        2.46052         1.13845        0.419945 
        2.46665         1.13248        0.417358 
        2.47279         1.12722        0.414793 
        2.47892         1.12216        0.412249 
        2.48507         1.11919        0.409723 
         2.4912         1.11249        0.407223 
        2.49733         1.11011        0.404746 
        2.50347         1.10523        0.402284 
        2.50961         1.10093        0.399843 
        2.51575         1.09778        0.397424 
        2.52188         1.09075        0.395027 
        2.52802         1.08835        0.392648 
        2.53416          1.0826        0.390287 
        2.54029         1.07626        0.387951 
        2.54641         1.07483        0.385634 
        2.55255         1.07063        0.383333 
        2.55869         1.06314        0.381048 
        2.56483          1.0621        0.378784 
        2.57096         1.05563        0.376542 
        2.57709         1.05368        0.374316 
        2.58323         1.04847        0.372107 
        2.58937         1.04473        0.369914 
        2.59551         1.04147        0.367742 
        2.60164         1.03716        0.365588 
        2.60778         1.03292        0.363449 
        2.61392         1.02625        0.361328 
        2.62006          1.0243        0.359224 
        2.62619          1.0214        0.357139 
        2.63232         1.01705        0.355071 
        2.63846         1.01302        0.353016 
        2.64459         1.01025         0.35098 
        2.65072         1.00651        0.348961 
        2.65686         1.00361        0.346957 
          2.663        0.997937        0.344965 
        2.66915        0.994873         0.34299 
        2.67527        0.990782        0.341034 
        2.68141        0.987422        0.339092 
        2.68755        0.984385        0.337164 
        2.69368        0.979903        0.335253 
        2.69981        0.976603        0.333358 
        2.70595        0.972273        0.331474 
        2.71209        0.969486        0.329604 
        2.71823        0.965268        0.327752 
        2.72436        0.960469        0.325914 
         2.7305        0.959497        0.324089 
        2.73663        0.954189        0.322278 
        2.74276        0.951215        0.320484 
         2.7489        0.949213        0.318701 
        2.75504        0.945893         0.31693 
        2.76118        0.941792        0.315172 
        2.76732        0.937149         0.31343 
        2.77345         0.93569        0.311701 
        2.77959        0.931594        0.309985 
        2.78572         0.92892        0.308282 
        2.79186        0.927071        0.306593 
        2.79798        0.921603        0.304918 
        2.80412        0.919523        0.303253 
        2.81027         0.91642        0.301598 
         2.8164        0.913018        0.299959 
        2.82253        0.908815        0.298332 
        2.82867        0.907421        0.296717 
        2.83481        0.903701        0.295113 
        2.84095        0.900962        0.293521 
        2.84708        0.898721        0.291943 
        2.85322        0.893932        0.290374 
        2.85935         0.89317        0.288817 
        2.86549        0.889412        0.287273 
        2.87162        0.887353         0.28574 
        2.87776        0.882535        0.284218 
        2.88389        0.879944        0.282706 
        2.89003        0.877579        0.281207 
        2.89617        0.873815        0.279717 
        2.90231        0.870838        0.278238 
        2.90844        0.868192        0.276771 
        2.91458        0.864524        0.275314 
        2.92071        0.864051        0.273869 
        2.92684        0.860494        0.272433 
        2.93298          0.8572        0.271008 
         2.9391        0.854159        0.269595 
        2.94524         0.85208         0.26819 
        2.95138        0.849562        0.266795 
        2.95752        0.845977        0.265408 
        2.96367         0.84482        0.264031 
         2.9698        0.842619        0.262667 
        2.97594        0.838483         0.26131 
        2.98207        0.836684        0.259964 
        2.98821        0.834418        0.258628 
        2.99434         0.83152        0.257302 
        3.00048        0.829127        0.255984 
        3.00662         0.82623        0.254675 
        3.01275        0.823711        0.253377 
        3.01888        0.822784        0.252087 
        3.02503        0.819079        0.250805 
        3.03117        0.816818        0.249532 
        3.03729        0.813732        0.248271 
        3.04342        0.811973        0.247018 
        3.04957        0.810419         0.24577 
         3.0557        0.806541        0.244533 
        3.06183        0.805952        0.243307 
        3.06796        0.805142        0.242088 
        3.07411        0.802015        0.240874 
        3.08025        0.799631        0.239671 
        3.08637         0.79725        0.238478 
         3.0925        0.795848        0.237292 
        3.09865        0.792574        0.236111 
         3.1048        0.790116        0.234939 
        3.11093        0.787795        0.233777 
        3.11706        0.786727        0.232624 
         3.1232        0.784082        0.231477 
        3.12933        0.781807        0.230337 
        3.13547        0.780112        0.229206 
        3.14159        0.777632        0.228084 
        3.14773         0.77659        0.226968 
        3.15388         0.77422        0.225857 
        3.16001        0.771478        0.224757 
        3.16614        0.769634        0.223664 
        3.17228        0.767815        0.222577 
        3.17842        0.766012        0.221498 
        3.18455        0.764608        0.220426 
        3.19068        0.761966        0.219362 
        3.19682         0.75982        0.218304 
        3.20297        0.759231        0.217252 
         3.2091        0.757602        0.216208 
        3.21524        0.755221        0.215171 
        3.22138        0.753493        0.214141 
         3.2275        0.751523        0.213119 
        3.23363        0.750865        0.212103 
        3.23977        0.748946        0.211093 
        3.24591        0.747128         0.21009 
        3.25205        0.745808        0.209092 
        3.25818        0.742613        0.208102 
        3.26432        0.741826        0.207118 
        3.27046        0.741011        0.206141 
         3.2766        0.740597        0.205169 
        3.28273        0.737302        0.204205 
        3.28887         0.73674        0.203247 
          3.295        0.735046        0.202294 
        3.30113        0.732369        0.201348 
        3.30727        0.731686        0.200408 
        3.31341        0.728974        0.199475 
        3.31954        0.728224        0.198547 
        3.32568         0.72778        0.197624 
        3.33182        0.725521        0.196708 
        3.33795        0.723639        0.195798 
        3.34409        0.723428        0.194893 
        3.35022        0.722093        0.193994 
        3.35636        0.720289        0.193101 
         3.3625        0.718301        0.192213 
        3.36864        0.716998        0.191331 
        3.37477         0.71582        0.190454 
        3.38091        0.715951        0.189584 
        3.38704        0.713933        0.188719 
        3.39318        0.712785        0.187859 
        3.39931        0.712094        0.187004 
        3.40545        0.711221        0.186155 
        3.41158        0.709709        0.185311 
        3.41772        0.708639        0.184473 
        3.42385        0.707045         0.18364 
        3.42998        0.706666        0.182812 
        3.43612        0.705706        0.181989 
        3.44226         0.70469        0.181171 
         3.4484        0.703161        0.180357 
        3.45453        0.701787        0.179549 
        3.46066        0.701335        0.178747 
        3.46681        0.701077        0.177948 
        3.47295        0.699064        0.177154 
        3.47908        0.699588        0.176367 
        3.48521        0.697448        0.175584 
        3.49135        0.697405        0.174805 
        3.49749        0.695598        0.174031 
        3.50362         0.69518        0.173261 
        3.50976        0.694525        0.172497 
        3.51589        0.693516        0.171737 
        3.52203        0.693388        0.170982 
        3.52816        0.692146        0.170232 
        3.53429        0.690813        0.169486 
        3.54043        0.690444        0.168744 
        3.54657        0.690783        0.168006 
        3.55271        0.689507        0.167274 
        3.55884        0.689939        0.166546 
        3.56498        0.688521        0.165821 
        3.57112        0.688314        0.165101 
        3.57725        0.687518        0.164386 
        3.58338        0.686197        0.163675 
        3.58952        0.686625        0.162968 
        3.59566        0.685709        0.162265 
         3.6018         0.68455        0.161566 
        3.60793        0.684882        0.160872 
        3.61407        0.684418        0.160182 
        3.62021        0.684179        0.159495 
        3.62634        0.682873        0.158813 
        3.63247        0.683156        0.158135 
        3.63861        0.683105        0.157461 
        3.64475        0.682601         0.15679 
        3.65089        0.683151        0.156124 
        3.65702         0.68146        0.155462 
        3.66316        0.682071        0.154803 
        3.66929        0.681722        0.154148 
        3.67543        0.681939        0.153497 
        3.68156        0.680968         0.15285 
        3.68769        0.680066        0.152207 
        3.69383        0.681551        0.151567 
        3.69997        0.680225        0.150931 
        3.70611         0.68092        0.150299 
        3.71224        0.679965         0.14967 
        3.71838        0.680844        0.149044 
        3.72451        0.680974        0.148423 
        3.73065        0.680536        0.147806 
        3.73678        0.681056        0.147191 
        3.74292        0.679686         0.14658 
        3.74906        0.681125        0.145973 
        3.75519        0.681123        0.145369 
        3.76133        0.681269        0.144768 
        3.76746        0.680301        0.144171 
         3.7736        0.681308        0.143578 
        3.77974        0.681047        0.142987 
        3.78588           0.682          0.1424 
        3.79201         0.68111        0.141816 
        3.79814        0.682555        0.141236 
        3.80428        0.682321        0.140659 
        3.81042        0.682973        0.140085 
        3.81655        0.682796        0.139514 
        3.82268        0.683582        0.138947 
        3.82882        0.683887        0.138383 
        3.83496        0.684577        0.137821 
        3.84109        0.684598        0.137263 
        3.84723        0.684638        0.136708 
        3.85337         0.68502        0.136156 
        3.85951        0.686044        0.135606 
        3.86565        0.687281        0.135061 
        3.87178        0.687157        0.134518 
        3.87791        0.688073        0.133979 
        3.88405        0.688276        0.133442 
        3.89019        0.689462        0.132908 
        3.89632        0.689741        0.132377 
        3.90246         0.69039        0.131849 
         3.9086        0.691349        0.131324 
        3.91473        0.691889        0.130802 
        3.92086        0.692293        0.130283 
        3.92699        0.693479        0.129767 
        3.93313        0.693625        0.129252 
        3.93927        0.694843        0.128742 
         3.9454         0.69585        0.128234 
        3.95154        0.696226        0.127728 
        3.95768        0.698047        0.127225 
        3.96382           0.697        0.126725 
        3.96995        0.698996        0.126228 
        3.97609        0.699458        0.125733 
        3.98222        0.701276        0.125241 
        3.98836        0.702108        0.124752 
         3.9945        0.702531        0.124265 
        4.00063        0.703837        0.123782 
        4.00677        0.705468          0.1233 
        4.01291        0.706647        0.122821 
        4.01904        0.708159        0.122345 
        4.02517        0.709013        0.121872 
        4.03131        0.710821          0.1214 
        4.03745        0.711517        0.120931 
        4.04358         0.71219        0.120465 
        4.04972        0.714569        0.120001 
        4.05585        0.715418         0.11954 
        4.06199        0.717016        0.119081 
        4.06812        0.717633        0.118624 
        4.07426        0.718706         0.11817 
         4.0804         0.72123        0.117718 
        4.08654        0.722879        0.117269 
        4.09267        0.724536        0.116822 
         4.0988        0.724761        0.116378 
        4.10494         0.72906        0.115936 
        4.11108        0.727634        0.115495 
        4.11721        0.730053        0.115058 
        4.12334        0.731217        0.114623 
        4.12948        0.733702         0.11419 
        4.13561        0.734163        0.113759 
        4.14176        0.736813         0.11333 
        4.14789        0.738967        0.112903 
        4.15403        0.740107        0.112479 
        4.16016        0.742081        0.112057 
         4.1663        0.744337        0.111637 
        4.17243        0.746387        0.111219 
        4.17857         0.74621        0.110804 
        4.18471        0.749531         0.11039 
        4.19084        0.751078        0.109979 
        4.19698        0.752128        0.109569 
        4.20312        0.754478        0.109162 
        4.20925        0.756978        0.108757 
        4.21538        0.758443        0.108354 
        4.22152        0.760546        0.107953 
        4.22766        0.763921        0.107554 
         4.2338        0.765752        0.107157 
        4.23993        0.767441        0.106763 
        4.24607        0.768984         0.10637 
         4.2522        0.773084        0.105979 
        4.25834        0.774959         0.10559 
        4.26447        0.776113        0.105203 
        4.27061        0.778764        0.104818 
        4.27674        0.779664        0.104435 
        4.28288        0.783764        0.104054 
        4.28902        0.786829        0.103674 
        4.29515        0.788848        0.103297 
        4.30129        0.790905        0.102922 
        4.30743        0.792682        0.102548 
        4.31356        0.796435        0.102176 
        4.31969        0.796873        0.101807 
        4.32583        0.801003        0.101439 
        4.33197         0.80262        0.101072 
         4.3381        0.805014        0.100708 
        4.34424        0.808635        0.100346 
        4.35038        0.809995       0.0999843 
        4.35652        0.811967       0.0996252 
        4.36265        0.817108       0.0992682 
        4.36878         0.81852       0.0989129 
        4.37492        0.821365        0.098559 
        4.38106        0.822444       0.0982067 
        4.38719        0.827104       0.0978567 
        4.39333        0.829243       0.0975084 
        4.39946        0.832193       0.0971616 
         4.4056        0.835309       0.0968164 
        4.41173        0.838829        0.096473 
        4.41786        0.840688       0.0961316 
          4.424        0.843548       0.0957915 
        4.43014        0.847949       0.0954526 
        4.43628        0.850447       0.0951155 
        4.44241        0.853044       0.0947804 
        4.44855        0.856815       0.0944467 
        4.45469         0.86043       0.0941145 
        4.46083        0.862422       0.0937843 
        4.46696        0.866316       0.0934558 
        4.47309        0.867494       0.0931284 
        4.47923        0.871265       0.0928026 
        4.48537        0.875106       0.0924787 
         4.4915         0.87779       0.0921562 
        4.49764        0.880115       0.0918351 
        4.50378        0.884611       0.0915155 
        4.50991        0.885497       0.0911979 
        4.51604        0.889341       0.0908818 
        4.52218        0.894017       0.0905665 
        4.52832        0.898538       0.0902531 
        4.53445        0.900881       0.0899414 
        4.54059        0.903795        0.089631 
        4.54673        0.907882       0.0893219 
        4.55286        0.912028       0.0890143 
          4.559        0.913537       0.0887083 
        4.56513        0.916407       0.0884038 
        4.57127        0.922082       0.0881007 
        4.57741        0.926558       0.0877988 
        4.58354        0.928397       0.0874985 
        4.58968        0.932486       0.0871997 
        4.59582        0.936632       0.0869019 
        4.60195        0.939343       0.0866059 
        4.60809        0.942501       0.0863114 
        4.61422        0.945623        0.086018 
        4.62036        0.951534       0.0857261 
        4.62649        0.953851       0.0854354 
        4.63263        0.958606       0.0851462 
        4.63876         0.95977       0.0848583 
         4.6449        0.962456       0.0845716 
        4.65104        0.968122       0.0842863 
        4.65717        0.972028       0.0840026 
        4.66331        0.975886       0.0837199 
        4.66944        0.978983       0.0834386 
        4.67558        0.984257       0.0831588 
        4.68171         0.98768         0.08288 
        4.68785        0.992773       0.0826023 
        4.69399        0.994831       0.0823262 
        4.70012         1.00051       0.0820516 
        4.70625         1.00191        0.081778 
        4.71239         1.00615       0.0815055 
        4.71853         1.01027       0.0812343 
        4.72467         1.01413       0.0809643 
         4.7308         1.01942       0.0806956 
        4.73694         1.02256       0.0804282 
        4.74308         1.02571       0.0801619 
        4.74922         1.03073       0.0798967 
        4.75535         1.03458       0.0796331 
        4.76148         1.03928       0.0793707 
        4.76762         1.03949        0.079109 
        4.77376         1.04558       0.0788486 
        4.77989         1.04852       0.0785898 
        4.78602          1.0544       0.0783319 
        4.79216         1.05778        0.078075 
         4.7983         1.06311       0.0778194 
        4.80443         1.06578       0.0775652 
        4.81056         1.07104        0.077312 
         4.8167         1.07094       0.0770596 
        4.82284         1.07809       0.0768084 
        4.82898         1.08253       0.0765585 
        4.83511         1.08742       0.0763099 
        4.84125         1.08951        0.076062 
        4.84739         1.09597       0.0758154 
        4.85352         1.10019       0.0755701 
        4.85965         1.10172       0.0753257 
        4.86579         1.10926       0.0750823 
        4.87193         1.11182         0.07484 
        4.87807         1.11619       0.0745988 
         4.8842         1.11986       0.0743587 
        4.89034         1.12234       0.0741196 
        4.89647          1.1299       0.0738816 
        4.90261         1.13125       0.0736447 
        4.90874         1.13667        0.073409 
        4.91488         1.13953       0.0731741 
        4.92102         1.14333       0.0729402 
        4.92715         1.15021       0.0727074 
        4.93329          1.1531       0.0724757 
        4.93942         1.15722       0.0722448 
        4.94556          1.1607        0.072015 
         4.9517         1.16501       0.0717862 
        4.95783         1.16937       0.0715585 
        4.96397         1.17391       0.0713317 
        4.97011         1.17692       0.0711058 
        4.97624         1.18196       0.0708811 
        4.98238         1.18502       0.0706573 
        4.98851         1.18999       0.0704345 
        4.99465         1.19233       0.0702126 
        5.00078          1.1989       0.0699918 
        5.00691         1.20268       0.0697719 
        5.01305         1.20566       0.0695529 
        5.01919         1.20777       0.0693346 
        5.02533         1.21375       0.0691174 
        5.03146         1.21586       0.0689013 
         5.0376         1.22334       0.0686861 
        5.04374         1.22804       0.0684716 
        5.04987         1.22843       0.0682581 
        5.05601         1.23557       0.0680457 
        5.06215         1.23879        0.067834 
        5.06829         1.24213       0.0676231 
        5.07442         1.24645       0.0674134 
        5.08055         1.25207       0.0672047 
        5.08668         1.25638       0.0669966 
        5.09282         1.25951       0.0667893 
        5.09896         1.26435       0.0665831 
        5.10509          1.2682       0.0663778 
        5.11123         1.26949       0.0661733 
        5.11736         1.27609       0.0659696 
         5.1235         1.27937       0.0657667 
        5.12964         1.28232       0.0655648 
        5.13577         1.28662       0.0653636 
        5.14191         1.28902       0.0651633 
        5.14804         1.29173       0.0649641 
        5.15418         1.29495       0.0647655 
        5.16032         1.30294       0.0645677 
        5.16645         1.30649       0.0643707 
        5.17259         1.30741       0.0641746 
        5.17872         1.31203       0.0639794 
        5.18486         1.31799       0.0637848 
          5.191         1.32164       0.0635911 
        5.19713         1.32259       0.0633984 
        5.20327           1.328       0.0632064 
        5.20941         1.32865        0.063015 
        5.21555          1.3358       0.0628244 
        5.22168         1.33847       0.0626348 
        5.22781         1.34184        0.062446 
        5.23395         1.34316        0.062258 
        5.24009         1.34838       0.0620705 
        5.24622         1.35251        0.061884 
        5.25236         1.35438       0.0616983 
         5.2585          1.3598       0.0615132 
        5.26463         1.36338       0.0613289 
        5.27077         1.36564       0.0611454 
         5.2769         1.37093       0.0609628 
        5.28304          1.3738       0.0607808 
        5.28917         1.37639       0.0605996 
         5.2953         1.37923       0.0604193 
        5.30144           1.383       0.0602395 
        5.30757         1.38843       0.0600605 
        5.31371         1.39124       0.0598821 
        5.31985           1.394       0.0597045 
        5.32599         1.39588       0.0595275 
        5.33213         1.39889       0.0593513 
        5.33826         1.40314       0.0591759 
         5.3444         1.40825       0.0590013 
        5.35053         1.40994       0.0588273 
        5.35667         1.41268        0.058654 
        5.36281         1.41739       0.0584813 
        5.36894          1.4192       0.0583094 
        5.37507         1.42341       0.0581383 
        5.38121         1.42607       0.0579678 
        5.38735         1.43119       0.0577979 
        5.39348         1.43135       0.0576289 
        5.39961         1.43608       0.0574605 
        5.40575         1.43788       0.0572926 
        5.41189           1.441       0.0571254 
        5.41803         1.44287        0.056959 
        5.42416         1.44683       0.0567932 
         5.4303         1.44907       0.0566281 
        5.43644         1.45161       0.0564636 
        5.44257         1.45394       0.0562999 
        5.44871          1.4581       0.0561367 
        5.45484         1.46104       0.0559741 
        5.46098         1.46177       0.0558123 
        5.46712         1.46825        0.055651 
        5.47325         1.46922       0.0554904 
        5.47938         1.47205       0.0553306 
        5.48552          1.4769       0.0551714 
        5.49165         1.47513       0.0550127 
        5.49779         1.47902       0.0548546 
        5.50393         1.48139       0.0546971 
        5.51006         1.48513       0.0545402 
         5.5162         1.48653        0.054384 
        5.52234         1.48825       0.0542284 
        5.52847         1.49074       0.0540734 
        5.53461         1.49767        0.053919 
        5.54075         1.49923       0.0537653 
        5.54688         1.50068       0.0536121 
        5.55302         1.50207       0.0534595 
        5.55915         1.50396       0.0533075 
        5.56529         1.50786       0.0531562 
        5.57143         1.50827       0.0530054 
        5.57756         1.51261       0.0528551 
         5.5837         1.51423       0.0527055 
        5.58983         1.51779       0.0525566 
        5.59597         1.51928       0.0524081 
         5.6021         1.52252       0.0522602 
        5.60824         1.52322       0.0521128 
        5.61438         1.52885       0.0519661 
        5.62051         1.52927       0.0518199 
        5.62665          1.5308       0.0516743 
        5.63278         1.53275       0.0515292 
        5.63892           1.534       0.0513847 
        5.64505         1.53774       0.0512408 
        5.65119         1.54061       0.0510974 
        5.65733         1.53934       0.0509546 
        5.66346         1.54084       0.0508123 
         5.6696         1.54615       0.0506706 
        5.67573         1.54804       0.0505294 
        5.68187         1.54937       0.0503887 
          5.688         1.55167       0.0502486 
        5.69414         1.55302        0.050109 
        5.70028         1.55574       0.0499699 
        5.70642         1.55839       0.0498313 
        5.71255         1.55923       0.0496933 
        5.71869         1.55821       0.0495559 
        5.72482         1.56389       0.0494189 
        5.73096         1.56444       0.0492825 
        5.73709         1.56675       0.0491467 
        5.74322         1.56771       0.0490113 
        5.74936         1.57164       0.0488763 
         5.7555         1.57228       0.0487419 
        5.76164         1.57307        0.048608 
        5.76777         1.57543       0.0484747 
        5.77391         1.58021       0.0483418 
        5.78005         1.58143       0.0482093 
        5.78618         1.58157       0.0480775 
        5.79231         1.58184       0.0479463 
        5.79845         1.58529       0.0478153 
        5.80459          1.5883       0.0476848 
        5.81073         1.58966       0.0475549 
        5.81686         1.59214       0.0474255 
          5.823         1.59255       0.0472965 
        5.82914         1.59332        0.047168 
        5.83527         1.59826       0.0470402 
         5.8414         1.59986       0.0469127 
        5.84754         1.60006       0.0467856 
        5.85368         1.60159        0.046659 
        5.85981         1.60256       0.0465329 
        5.86595         1.60399       0.0464073 
        5.87208         1.60804       0.0462821 
        5.87822         1.60825       0.0461575 
        5.88435         1.60687       0.0460333 
        5.89049         1.61263       0.0459095 
        5.89662         1.61335       0.0457862 
        5.90276         1.61404       0.0456632 
         5.9089          1.6155       0.0455408 
        5.91503         1.61731       0.0454189 
        5.92117          1.6217       0.0452973 
        5.92731         1.62378       0.0451762 
        5.93344          1.6249       0.0450556 
        5.93958         1.62668       0.0449354 
        5.94572         1.62527       0.0448156 
        5.95186          1.6308       0.0446962 
        5.95799         1.63145       0.0445774 
        5.96412         1.63363        0.044459 
        5.97026         1.63448       0.0443409 
         5.9764         1.63572       0.0442234 
        5.98253          1.6364       0.0441064 
        5.98866         1.63858       0.0439896 
         5.9948         1.64287       0.0438732 
        6.00094         1.64531       0.0437574 
        6.00707         1.64349       0.0436419 
        6.01321         1.64716       0.0435268 
        6.01935         1.65033       0.0434122 
        6.02548         1.65138       0.0432979 
        6.03162         1.65533       0.0431842 
        6.03775         1.65514       0.0430708 
        6.04389          1.6579       0.0429578 
        6.05003         1.65805       0.0428452 
        6.05617          1.6596       0.0427329 
         6.0623         1.66286       0.0426211 
        6.06844         1.66514       0.0425098 
        6.07457         1.66747       0.0423988 
         6.0807         1.66779       0.0422883 
        6.08684         1.67004       0.0421782 
        6.09298         1.67546       0.0420683 
        6.09912         1.67536       0.0419589 
        6.10525         1.67669       0.0418499 
        6.11138         1.68209       0.0417413 
        6.11752         1.68175        0.041633 
        6.12366         1.68523       0.0415252 
        6.12979         1.68957       0.0414178 
        6.13593         1.68987       0.0413107 
        6.14207         1.69409       0.0412039 
         6.1482         1.69739       0.0410976 
        6.15434          1.6992       0.0409917 
        6.16047         1.70075       0.0408862 
        6.16661         1.70241       0.0407809 
        6.17274         1.70464       0.0406761 
        6.17887         1.70828       0.0405717 
        6.18501         1.71129       0.0404676 
        6.19115         1.71339       0.0403639 
        6.19729          1.7148       0.0402604 
        6.20342         1.71834       0.0401574 
        6.20956         1.72161       0.0400548 
         6.2157         1.72378       0.0399525 
        6.22183         1.72569       0.0398505 
        6.22797         1.72786        0.039749 
         6.2341          1.7326       0.0396479 
        6.24024         1.73636       0.0395469 
        6.24638         1.73994       0.0394464 
        6.25251         1.74242       0.0393463 
        6.25865         1.74346       0.0392465 
        6.26478         1.74932        0.039147 
        6.27092         1.75035       0.0390479 
        6.27705         1.75568       0.0389492 
        6.28318         1.74705       0.0388508 
