# k  (h/Mpc)    Pcb(k)  (Mpc/h)^3    Pcb_linear(k)  (Mpc/h)^3
     0.00783031         9311.86          9368.2 
       0.013688         10987.7         11218.2 
       0.019231         10910.7         11032.8 
      0.0249154         9903.96         9870.79 
      0.0312784         8183.64         8219.47 
      0.0375637         6687.27         6750.76 
      0.0433917         5731.94         5728.08 
      0.0492413          5007.9         5034.68 
      0.0555754         4576.61         4563.45 
      0.0619321         4148.62         4244.83 
       0.067871          3936.2         3973.96 
      0.0738098         3647.05         3662.43 
      0.0800417         3279.04          3276.8 
      0.0862327          2861.3         2866.04 
      0.0921407         2512.69         2496.41 
      0.0982031         2230.08         2180.47 
       0.104506         1962.68         1939.88 
       0.110769         1816.97         1784.45 
       0.116806          1746.5          1691.9 
       0.122832         1657.05         1627.16 
       0.129052         1587.84         1560.96 
       0.135211         1525.93         1476.88 
       0.141259         1404.52         1371.59 
       0.147318         1277.61          1251.3 
       0.153489         1173.17         1128.43 
       0.159709         1092.83         1019.11 
       0.165845         988.394         934.461 
       0.171974         958.221         874.523 
       0.178125         918.847          834.54 
       0.184229         862.905          806.72 
        0.19034         847.915         781.768 
       0.196428         820.545         752.734 
       0.202534         763.605         716.046 
       0.208729         742.516         671.865 
       0.214876         702.752         624.999 
       0.220989         651.166         580.295 
       0.227147         629.446         541.222 
        0.23329         601.202         510.216 
       0.239377         589.445         487.153 
       0.245482         559.727         469.758 
       0.251667         539.009         455.158 
       0.257832         533.018         440.847 
       0.263955         503.935          424.92 
       0.270079         484.402         406.653 
        0.27624          463.01         386.523 
       0.282372         450.079          366.08 
        0.28843         444.169         347.008 
       0.294538         420.305         330.008 
       0.300721             406         315.616 
        0.30691         398.771         303.811 
       0.313033         380.678          294.01 
       0.319153         374.565         285.136 
       0.325316         366.243         276.294 
        0.33145         356.572         267.021 
       0.337538         343.394          257.25 
       0.343633         332.711         247.086 
       0.349808         323.118         236.882 
       0.355968         316.221         227.235 
       0.362074         306.131         218.559 
       0.368217         302.574         210.838 
       0.374374         295.456         204.022 
       0.380519         283.272         197.915 
       0.386598         279.265         192.238 
       0.392688          271.74         186.672 
        0.39888         265.421         180.966 
       0.405048         259.705         175.181 
       0.411186          257.59         169.421 
       0.417313         252.606         163.787 
       0.423458         245.646         158.389 
       0.429607         239.084         153.363 
       0.435692         235.199         148.778 
       0.441815         230.331         144.517 
       0.447964         224.216         140.536 
       0.454126         220.933          136.74 
       0.460267          217.98         133.053 
       0.466387         213.063         129.431 
        0.47254         210.478         125.834 
       0.478662         204.376         122.304 
       0.484765         201.681         118.871 
       0.490885         198.548         115.567 
       0.497035         195.787         112.415 
       0.503198         193.688         109.425 
       0.509342         188.583         106.602 
       0.515458         185.874         103.934 
       0.521598         181.612         101.365 
       0.527764         179.793         98.8632 
       0.533884         178.796         96.4331 
           0.54         174.714         94.0575 
       0.546137         170.779         91.7338 
       0.552299         169.048         89.4678 
       0.558452         166.113         87.2794 
       0.564573         165.248         85.1808 
       0.570708         161.133         83.1622 
       0.576825         159.044         81.2344 
       0.582926         157.347         79.3879 
       0.589034         154.871         77.6021 
       0.595184         153.481         75.8557 
       0.601379         150.558         74.1425 
       0.607522         147.449         72.4874 
       0.613639         146.501         70.8849 
       0.619772         144.723         69.3249 
       0.625918         143.588         67.8089 
       0.632068         140.238         66.3389 
       0.638161         139.171         64.9277 
         0.6443         138.063         63.5503 
       0.650464         135.353         62.2112 
       0.656582         134.561         60.9234 
       0.662703         133.211         59.6735 
       0.668861         130.458         58.4521 
       0.675024         130.408          57.263 
       0.681124         128.289          56.117 
       0.687237         126.719         54.9978 
       0.693381         125.231         53.9025 
       0.699536         123.952         52.8345 
       0.705665          122.62         51.8004 
       0.711789         121.021         50.7961 
       0.717957          119.63         49.8131 
        0.72409         118.411         48.8632 
       0.730186         118.277         47.9447 
       0.736317         116.438         47.0454 
       0.742472         114.637         46.1661 
       0.748622         112.963         45.3098 
        0.75476          113.31         44.4765 
       0.760888         112.026          43.665 
       0.767043         109.946         42.8702 
       0.773185         108.771         42.0967 
       0.779291         107.604         41.3466 
       0.785407         106.855         40.6138 
       0.791564         106.066         39.8945 
       0.797719         104.501         39.1933 
       0.803834         104.374         38.5137 
       0.809972         103.426          37.848 
       0.816124         101.821         37.1968 
       0.822261          100.93         36.5629 
       0.828378         100.692         35.9457 
       0.834502         99.3926         35.3424 
       0.840667         98.8168         34.7491 
       0.846816         97.7485          34.171 
       0.852925          96.681         33.6099 
       0.859047         96.0996         33.0601 
       0.865192         95.2322         32.5209 
       0.871341         94.2796         31.9934 
       0.877463         93.4696         31.4801 
       0.883569          93.398         30.9794 
       0.889708         92.4504          30.487 
       0.895864         91.6603         30.0042 
       0.902008         90.6739         29.5328 
       0.908149         89.5575         29.0719 
       0.914301          89.443         28.6202 
       0.920448         89.2449         28.1785 
       0.926574         87.4049         27.7478 
       0.932687         87.3498          27.327 
       0.938823         86.7342         26.9135 
       0.944975         85.7965         26.5076 
       0.951105         85.0187         26.1116 
       0.957225         84.7776         25.7243 
       0.963368         83.8893         25.3437 
       0.969511         83.4163         24.9708 
       0.975621          82.465         24.6074 
       0.981748         81.9434         24.2504 
       0.987916         81.3335         23.8982 
        0.99406         81.0935         23.5544 
        1.00019         80.1067          23.218 
        1.00632         79.4918         22.8886 
        1.01246         79.1257          22.565 
        1.01859         78.7561         22.2483 
        1.02471         78.1269          21.938 
        1.03085         77.3747         21.6327 
        1.03698         76.8831         21.3338 
        1.04314         76.3406         21.0393 
        1.04929         76.0047          20.751 
        1.05541         75.4026         20.4694 
        1.06154         74.9046         20.1923 
        1.06769         74.3845         19.9199 
        1.07382         73.7147         19.6535 
        1.07993         73.4944         19.3925 
        1.08607         72.9126         19.1352 
        1.09222         72.5934         18.8824 
        1.09836          71.949         18.6344 
        1.10449         71.5497         18.3912 
        1.11063         71.1011         18.1521 
        1.11677         70.7025         17.9173 
         1.1229         70.0394         17.6871 
        1.12903          69.792         17.4607 
        1.13518         69.4251         17.2382 
        1.14131         68.8635         17.0196 
        1.14745         68.5905          16.805 
        1.15359         67.7094         16.5941 
        1.15973          67.684         16.3867 
        1.16584         67.2246         16.1837 
        1.17197         66.7868          15.984 
        1.17811          66.316          15.787 
        1.18424         65.7009         15.5939 
        1.19038         65.6136         15.4035 
        1.19652         65.2184         15.2164 
        1.20267         64.7597         15.0323 
        1.20881         64.3692         14.8514 
        1.21495         63.9759         14.6737 
        1.22108         63.8619          14.499 
         1.2272         63.1703         14.3275 
        1.23334         63.0341         14.1585 
        1.23949         62.5549         13.9917 
        1.24562         62.0982         13.8281 
        1.25174         61.8742         13.6674 
        1.25789         61.6357         13.5087 
        1.26402         61.2007         13.3529 
        1.27014         60.9413         13.1999 
        1.27628         60.4403         13.0488 
        1.28244         60.4123         12.8998 
        1.28858         59.8864         12.7533 
        1.29471         59.4824         12.6095 
        1.30084          58.975          12.468 
        1.30697         59.0479         12.3284 
        1.31312          58.626         12.1908 
        1.31925         58.1631         12.0558 
        1.32537         57.9127         11.9229 
        1.33151         57.6383         11.7915 
        1.33765          57.355         11.6622 
        1.34378         56.9772         11.5351 
        1.34992         56.7868         11.4098 
        1.35606         56.3522         11.2862 
         1.3622         56.2058         11.1645 
        1.36833         55.8347          11.045 
        1.37445         55.3459         10.9272 
        1.38059         55.2433         10.8109 
        1.38675         54.7527         10.6959 
        1.39288         54.6855         10.5831 
        1.39901         54.2198         10.4719 
        1.40515         54.0574         10.3621 
         1.4113          53.856          10.254 
        1.41742         53.4761         10.1478 
        1.42355         53.3394         10.0428 
         1.4297         53.0172          9.9391 
        1.43585         52.7311         9.83687 
        1.44198         52.3879         9.73647 
        1.44809         52.0552         9.63766 
        1.45423         51.9358         9.53986 
        1.46036         51.6519         9.44359 
        1.46649         51.3557         9.34862 
        1.47263         51.1048         9.25488 
        1.47877         50.9129         9.16246 
        1.48491          50.573         9.07117 
        1.49104         50.3028         8.98131 
        1.49718         50.1211          8.8926 
        1.50333         49.8896         8.80496 
        1.50947          49.649         8.71867 
         1.5156          49.463         8.63367 
        1.52172         49.0865          8.5498 
        1.52787         48.8718         8.46688 
          1.534         48.5692         8.38516 
        1.54013         48.5743         8.30461 
        1.54627         48.1065         8.22496 
        1.55241         47.9603         8.14635 
        1.55855         47.7169         8.06888 
        1.56467          47.321         7.99262 
         1.5708         47.3416         7.91714 
        1.57695         47.0374         7.84252 
        1.58308         46.7698         7.76903 
        1.58922         46.5913         7.69643 
        1.59535         46.5184         7.62479 
         1.6015         46.3547         7.55396 
        1.60764           46.02         7.48406 
        1.61376         45.7933         7.41525 
        1.61989         45.4356         7.34724 
        1.62604         45.3264         7.27993 
        1.63218         45.0025         7.21351 
        1.63831         44.9534         7.14807 
        1.64444         44.7788         7.08342 
        1.65059         44.4417         7.01942 
        1.65673         44.2582         6.95627 
        1.66285         44.1164         6.89408 
        1.66898         43.8053         6.83263 
        1.67512         43.6119         6.77181 
        1.68127         43.5194         6.71168 
         1.6874         43.2983         6.65241 
        1.69353         43.0921         6.59389 
        1.69967         42.9302         6.53593 
        1.70581         42.6389          6.4787 
        1.71193         42.4909         6.42237 
        1.71806         42.3273         6.36659 
        1.72421         42.1356         6.31136 
        1.73035         41.9288         6.25685 
        1.73649         41.6695           6.203 
        1.74262          41.404         6.14982 
        1.74876         41.5061         6.09723 
        1.75489         41.1609         6.04536 
        1.76101         41.0304         5.99412 
        1.76715         40.8368         5.94339 
        1.77329         40.5033          5.8932 
        1.77943         40.5511         5.84356 
        1.78557         40.3058         5.79456 
        1.79171         40.0865         5.74612 
        1.79785         39.9583         5.69822 
        1.80399         39.7202         5.65087 
        1.81012          39.567         5.60413 
        1.81625         39.3469         5.55794 
        1.82239         39.1731         5.51219 
        1.82853         39.0446         5.46699 
        1.83466         38.8609         5.42233 
        1.84078          38.693         5.37822 
        1.84692         38.5177         5.33453 
        1.85306         38.3155         5.29127 
         1.8592         38.1481         5.24856 
        1.86533         38.0304         5.20634 
        1.87147          37.843         5.16454 
        1.87761         37.6829         5.12318 
        1.88375         37.5009         5.08232 
        1.88988         37.3517         5.04196 
        1.89601         37.1923           5.002 
        1.90215         36.9688         4.96245 
        1.90829         36.8732         4.92335 
        1.91442         36.6772         4.88466 
        1.92056         36.5726         4.84642 
         1.9267         36.4747         4.80855 
        1.93284         36.2765         4.77107 
        1.93897         36.0996         4.73405 
        1.94509         35.9036         4.69751 
        1.95123           35.81         4.66126 
        1.95737         35.6663         4.62536 
        1.96349         35.5632         4.58994 
        1.96964          35.318         4.55478 
        1.97578         35.1603         4.51998 
        1.98192         34.9802         4.48561 
        1.98805         34.8324         4.45159 
        1.99419         34.7343         4.41793 
        2.00033         34.5874         4.38459 
        2.00647         34.4737         4.35161 
         2.0126         34.2614         4.31903 
        2.01874         34.1946         4.28672 
        2.02488         33.9399         4.25472 
        2.03101         33.8928         4.22311 
        2.03714         33.7288         4.19185 
        2.04328          33.615         4.16086 
        2.04941         33.3927         4.13022 
        2.05554         33.2947          4.0999 
        2.06167         33.1575         4.06985 
        2.06781         33.0103          4.0401 
        2.07396         32.8421          4.0106 
        2.08009          32.715         3.98144 
        2.08622         32.6232         3.95261 
        2.09237         32.4466         3.92401 
        2.09851         32.3409         3.89568 
        2.10464         32.2227         3.86768 
        2.11077         32.1082         3.83999 
        2.11691         31.8702         3.81251 
        2.12305         31.7312          3.7853 
        2.12918         31.6506         3.75841 
        2.13531         31.4737         3.73179 
        2.14145          31.404         3.70536 
         2.1476         31.2864         3.67916 
        2.15372         31.1877         3.65334 
        2.15985         30.9733         3.62774 
        2.16599         30.8198         3.60232 
        2.17213          30.764         3.57717 
        2.17827         30.6314         3.55226 
         2.1844          30.448         3.52761 
        2.19054         30.4062         3.50319 
        2.19666         30.2107         3.47903 
         2.2028         30.0744         3.45508 
        2.20893         30.0325         3.43134 
        2.21508         29.8989         3.40779 
        2.22122         29.7851         3.38447 
        2.22736         29.5991          3.3614 
        2.23349         29.5361         3.33856 
        2.23962         29.3982         3.31592 
        2.24577          29.277         3.29346 
         2.2519         29.1225         3.27125 
        2.25802         29.0027         3.24927 
        2.26417         28.8868         3.22744 
        2.27031          28.769         3.20579 
        2.27644         28.7418         3.18439 
        2.28257         28.5538          3.1632 
        2.28872         28.4769         3.14215 
        2.29486         28.3593         3.12131 
        2.30099         28.1979         3.10069 
        2.30712         28.1199         3.08025 
        2.31326         27.9783         3.05996 
         2.3194          27.858         3.03987 
        2.32553         27.7843         3.01998 
        2.33166         27.6601         3.00029 
         2.3378         27.5121         2.98074 
        2.34394         27.4386         2.96136 
        2.35007         27.3791         2.94218 
        2.35619         27.2445          2.9232 
        2.36233         27.1056         2.90433 
        2.36848         27.0481          2.8856 
        2.37462          26.932         2.86707 
        2.38075         26.7782         2.84871 
        2.38689         26.6949         2.83051 
        2.39303         26.6151         2.81246 
        2.39916         26.4304         2.79459 
        2.40529         26.3769         2.77688 
        2.41143         26.2618         2.75931 
        2.41757         26.1658         2.74188 
         2.4237          26.078         2.72463 
        2.42983         25.9012         2.70754 
        2.43598         25.8198         2.69054 
        2.44211         25.7288         2.67372 
        2.44823         25.6215         2.65708 
        2.45437         25.5883         2.64054 
        2.46052         25.4273         2.62412 
        2.46665         25.3458         2.60787 
        2.47279         25.2009         2.59177 
        2.47892         25.1416         2.57579 
        2.48507         25.0471         2.55992 
         2.4912         24.9558         2.54423 
        2.49733         24.8347         2.52867 
        2.50347         24.7362         2.51321 
        2.50961         24.6834         2.49789 
        2.51575         24.5381          2.4827 
        2.52188         24.4114         2.46765 
        2.52802         24.3854         2.45271 
        2.53416         24.2752         2.43789 
        2.54029         24.1351         2.42322 
        2.54641         24.0693         2.40868 
        2.55255         23.9843         2.39424 
        2.55869         23.9022         2.37989 
        2.56483         23.7835         2.36568 
        2.57096         23.6698          2.3516 
        2.57709         23.6004         2.33764 
        2.58323         23.4906         2.32377 
        2.58937          23.454         2.31001 
        2.59551         23.3078         2.29637 
        2.60164         23.2723         2.28285 
        2.60778         23.1455         2.26943 
        2.61392         23.0209         2.25611 
        2.62006          22.917         2.24291 
        2.62619         22.8582         2.22983 
        2.63232         22.8221         2.21685 
        2.63846         22.6644         2.20395 
        2.64459         22.6017         2.19118 
        2.65072         22.5489         2.17851 
        2.65686         22.4579         2.16593 
          2.663         22.3622         2.15343 
        2.66915         22.2681         2.14104 
        2.67527         22.1878         2.12877 
        2.68141         22.1018         2.11659 
        2.68755          22.025         2.10449 
        2.69368         21.9094          2.0925 
        2.69981         21.8033         2.08062 
        2.70595         21.7912          2.0688 
        2.71209         21.6854         2.05707 
        2.71823         21.5646         2.04545 
        2.72436         21.5087         2.03392 
         2.7305         21.4485         2.02247 
        2.73663          21.348         2.01112 
        2.74276         21.2504         1.99986 
         2.7489         21.1619         1.98868 
        2.75504         21.0962         1.97757 
        2.76118         21.0345         1.96655 
        2.76732         20.9613         1.95562 
        2.77345         20.8443         1.94478 
        2.77959         20.7878         1.93402 
        2.78572         20.7209         1.92334 
        2.79186         20.6242         1.91275 
        2.79798         20.5391         1.90225 
        2.80412         20.4421          1.8918 
        2.81027         20.4173         1.88143 
         2.8164         20.3116         1.87115 
        2.82253         20.2522         1.86095 
        2.82867         20.1562         1.85082 
        2.83481         20.0713         1.84076 
        2.84095         20.0026         1.83078 
        2.84708         19.9351         1.82089 
        2.85322         19.8759         1.81105 
        2.85935         19.7859          1.8013 
        2.86549         19.7234         1.79161 
        2.87162         19.6239           1.782 
        2.87776         19.5682         1.77247 
        2.88389         19.4928         1.76299 
        2.89003         19.3997         1.75359 
        2.89617         19.3126         1.74425 
        2.90231         19.2417         1.73499 
        2.90844         19.2007         1.72579 
        2.91458         19.1508         1.71666 
        2.92071         19.0687          1.7076 
        2.92684         19.0078          1.6986 
        2.93298          18.935         1.68967 
         2.9391         18.8518         1.68082 
        2.94524         18.7757         1.67202 
        2.95138         18.7235         1.66327 
        2.95752         18.6422         1.65458 
        2.96367         18.5715         1.64595 
         2.9698         18.4904          1.6374 
        2.97594         18.4151         1.62891 
        2.98207         18.3558         1.62047 
        2.98821         18.2811          1.6121 
        2.99434         18.2283         1.60379 
        3.00048         18.1483         1.59553 
        3.00662         18.0813         1.58733 
        3.01275         18.0408          1.5792 
        3.01888         17.9823         1.57112 
        3.02503         17.8778         1.56309 
        3.03117         17.8151         1.55511 
        3.03729         17.7471         1.54722 
        3.04342         17.6649         1.53936 
        3.04957         17.6208         1.53155 
         3.0557         17.5541          1.5238 
        3.06183         17.4804         1.51612 
        3.06796         17.4423         1.50848 
        3.07411         17.3567         1.50088 
        3.08025         17.3172         1.49335 
        3.08637         17.2317         1.48588 
         3.0925         17.1804         1.47845 
        3.09865         17.0928         1.47105 
         3.1048          17.033         1.46371 
        3.11093         16.9988         1.45644 
        3.11706         16.9277         1.44921 
         3.1232         16.8478         1.44203 
        3.12933         16.7919          1.4349 
        3.13547         16.7253         1.42782 
        3.14159         16.6773         1.42079 
        3.14773         16.6208          1.4138 
        3.15388         16.5735         1.40685 
        3.16001         16.4812         1.39996 
        3.16614         16.4445         1.39311 
        3.17228         16.3806         1.38631 
        3.17842         16.3054         1.37955 
        3.18455         16.2655         1.37285 
        3.19068         16.1981         1.36618 
        3.19682          16.134         1.35956 
        3.20297         16.0759         1.35297 
         3.2091         16.0237         1.34644 
        3.21524         15.9754         1.33995 
        3.22138         15.9152          1.3335 
         3.2275         15.8679          1.3271 
        3.23363         15.8144         1.32075 
        3.23977         15.7275         1.31442 
        3.24591          15.692         1.30814 
        3.25205         15.6228          1.3019 
        3.25818          15.577          1.2957 
        3.26432         15.5139         1.28955 
        3.27046         15.4632         1.28343 
         3.2766         15.4007         1.27735 
        3.28273          15.346         1.27131 
        3.28887         15.2919         1.26532 
          3.295         15.2681         1.25936 
        3.30113          15.187         1.25344 
        3.30727         15.1521         1.24755 
        3.31341         15.1011         1.24171 
        3.31954         15.0404         1.23591 
        3.32568         14.9837         1.23013 
        3.33182          14.943          1.2244 
        3.33795         14.8664         1.21871 
        3.34409         14.8113         1.21305 
        3.35022          14.779         1.20742 
        3.35636         14.7313         1.20184 
         3.3625         14.6756         1.19628 
        3.36864         14.6266         1.19076 
        3.37477         14.5825         1.18528 
        3.38091         14.4998         1.17983 
        3.38704         14.4744         1.17442 
        3.39318         14.4122         1.16904 
        3.39931         14.3781          1.1637 
        3.40545         14.2952         1.15839 
        3.41158         14.2565         1.15311 
        3.41772         14.1912         1.14786 
        3.42385         14.1377         1.14265 
        3.42998         14.1156         1.13748 
        3.43612         14.0622         1.13233 
        3.44226          14.009         1.12721 
         3.4484         13.9573         1.12212 
        3.45453         13.9232         1.11707 
        3.46066         13.8593         1.11205 
        3.46681         13.8172         1.10706 
        3.47295         13.7668         1.10209 
        3.47908         13.7277         1.09717 
        3.48521         13.6836         1.09227 
        3.49135         13.6266          1.0874 
        3.49749         13.5739         1.08256 
        3.50362         13.5242         1.07775 
        3.50976         13.4723         1.07297 
        3.51589         13.4454         1.06822 
        3.52203         13.3805          1.0635 
        3.52816         13.3353         1.05881 
        3.53429         13.3166         1.05415 
        3.54043         13.2782         1.04951 
        3.54657         13.1888         1.04489 
        3.55271         13.1569         1.04031 
        3.55884         13.1149         1.03576 
        3.56498         13.0731         1.03123 
        3.57112         13.0363         1.02673 
        3.57725         12.9635         1.02226 
        3.58338         12.9174         1.01782 
        3.58952         12.8834          1.0134 
        3.59566          12.844           1.009 
         3.6018         12.8074         1.00464 
        3.60793         12.7723          1.0003 
        3.61407         12.7143        0.995984 
        3.62021         12.6662        0.991693 
        3.62634         12.6286         0.98743 
        3.63247         12.6044        0.983193 
        3.63861         12.5476        0.978981 
        3.64475         12.4965        0.974786 
        3.65089         12.4521        0.970622 
        3.65702         12.4202        0.966486 
        3.66316         12.3712        0.962368 
        3.66929         12.3417        0.958278 
        3.67543         12.2863        0.954211 
        3.68156          12.251        0.950168 
        3.68769         12.2044        0.946148 
        3.69383         12.1747        0.942148 
        3.69997         12.1234        0.938173 
        3.70611         12.0764        0.934223 
        3.71224         12.0478        0.930293 
        3.71838         12.0019        0.926386 
        3.72451         11.9662        0.922505 
        3.73065          11.921        0.918647 
        3.73678         11.8773        0.914809 
        3.74292         11.8404        0.910989 
        3.74906         11.7954        0.907194 
        3.75519         11.7662        0.903421 
        3.76133          11.733        0.899669 
        3.76746         11.6802        0.895941 
         3.7736         11.6449        0.892234 
        3.77974         11.6074        0.888544 
        3.78588         11.5594        0.884875 
        3.79201         11.5277         0.88123 
        3.79814         11.4891        0.877606 
        3.80428         11.4398           0.874 
        3.81042         11.4089        0.870413 
        3.81655         11.3705        0.866849 
        3.82268         11.3397        0.863308 
        3.82882         11.2868        0.859785 
        3.83496         11.2559        0.856277 
        3.84109         11.2086        0.852792 
        3.84723          11.188        0.849327 
        3.85337         11.1535        0.845877 
        3.85951         11.0913        0.842446 
        3.86565         11.0783        0.839038 
        3.87178         11.0362        0.835652 
        3.87791         11.0042        0.832283 
        3.88405         10.9664        0.828929 
        3.89019         10.9204        0.825596 
        3.89632          10.896        0.822282 
        3.90246         10.8594        0.818984 
         3.9086         10.8092        0.815703 
        3.91473         10.7885        0.812445 
        3.92086         10.7456        0.809207 
        3.92699         10.7146        0.805982 
        3.93313         10.6824        0.802772 
        3.93927         10.6482        0.799583 
         3.9454         10.5929        0.796411 
        3.95154         10.5663        0.793254 
        3.95768         10.5476        0.790114 
        3.96382         10.4892        0.786993 
        3.96995         10.4843        0.783888 
        3.97609          10.428        0.780801 
        3.98222         10.3986        0.777732 
        3.98836         10.3679        0.774678 
         3.9945         10.3338        0.771639 
        4.00063         10.3038        0.768619 
        4.00677          10.267        0.765612 
        4.01291         10.2373        0.762621 
        4.01904         10.1954        0.759652 
        4.02517         10.1635        0.756698 
        4.03131           10.13        0.753753 
        4.03745         10.1101        0.750825 
        4.04358         10.0632        0.747916 
        4.04972         10.0376        0.745023 
        4.05585         10.0029        0.742144 
        4.06199          9.9597        0.739279 
        4.06812         9.94448        0.736431 
        4.07426         9.90733        0.733597 
         4.0804          9.8744        0.730776 
        4.08654         9.84317         0.72797 
        4.09267         9.80383        0.725183 
         4.0988         9.78837        0.722412 
        4.10494           9.756        0.719652 
        4.11108         9.72084        0.716905 
        4.11721         9.68862        0.714175 
        4.12334         9.64688        0.711459 
        4.12948         9.62749        0.708758 
        4.13561         9.59071        0.706068 
        4.14176         9.55633        0.703391 
        4.14789         9.52863        0.700729 
        4.15403         9.50628        0.698083 
        4.16016         9.46708         0.69545 
         4.1663         9.43554         0.69283 
        4.17243         9.41264        0.690226 
        4.17857         9.38092        0.687632 
        4.18471         9.34616        0.685052 
        4.19084          9.3324        0.682486 
        4.19698         9.28626        0.679934 
        4.20312         9.25532        0.677393 
        4.20925         9.23475        0.674867 
        4.21538         9.19608        0.672355 
        4.22152         9.17822        0.669853 
        4.22766         9.14753        0.667363 
         4.2338         9.11883        0.664889 
        4.23993         9.08737        0.662426 
        4.24607         9.07022        0.659976 
         4.2522         9.03501        0.657537 
        4.25834         9.00619        0.655111 
        4.26447         8.96507        0.652699 
        4.27061         8.93981        0.650299 
        4.27674         8.91315         0.64791 
        4.28288         8.88251        0.645531 
        4.28902         8.87025        0.643166 
        4.29515         8.82973        0.640814 
        4.30129         8.80309        0.638472 
        4.30743         8.78498        0.636141 
        4.31356         8.74454        0.633823 
        4.31969         8.72691        0.631519 
        4.32583         8.69938        0.629225 
        4.33197         8.66888        0.626939 
         4.3381         8.64503        0.624667 
        4.34424          8.6205        0.622407 
        4.35038         8.58836        0.620155 
        4.35652          8.5586        0.617915 
        4.36265         8.53547         0.61569 
        4.36878         8.50152        0.613474 
        4.37492         8.48152        0.611267 
        4.38106         8.44983        0.609071 
        4.38719         8.42816        0.606889 
        4.39333         8.40431        0.604718 
        4.39946         8.37202        0.602555 
         4.4056         8.35177        0.600403 
        4.41173         8.32468        0.598262 
        4.41786         8.29953        0.596134 
          4.424         8.27582        0.594014 
        4.43014         8.25802        0.591901 
        4.43628         8.22292          0.5898 
        4.44241         8.19303        0.587711 
        4.44855         8.17416        0.585632 
        4.45469         8.15517         0.58356 
        4.46083         8.12448        0.581502 
        4.46696         8.09938        0.579455 
        4.47309         8.08001        0.577415 
        4.47923         8.05102        0.575384 
        4.48537         8.02326        0.573365 
         4.4915         8.01455        0.571356 
        4.49764         7.97912        0.569354 
        4.50378         7.95402        0.567362 
        4.50991         7.92026        0.565383 
        4.51604         7.91608        0.563413 
        4.52218         7.88379        0.561448 
        4.52832         7.86181        0.559495 
        4.53445         7.83772        0.557553 
        4.54059         7.81153        0.555618 
        4.54673         7.79426        0.553692 
        4.55286         7.76396        0.551775 
          4.559         7.75139        0.549869 
        4.56513         7.71411        0.547972 
        4.57127         7.69497        0.546083 
        4.57741          7.6806        0.544202 
        4.58354         7.64807        0.542331 
        4.58968         7.62947        0.540468 
        4.59582         7.61269        0.538614 
        4.60195         7.59087        0.536769 
        4.60809         7.55491        0.534934 
        4.61422         7.54287        0.533106 
        4.62036         7.52334        0.531287 
        4.62649         7.50078        0.529476 
        4.63263         7.46558        0.527675 
        4.63876         7.45924        0.525881 
         4.6449         7.42448        0.524095 
        4.65104         7.40348        0.522317 
        4.65717         7.39182         0.52055 
        4.66331         7.35715        0.518789 
        4.66944         7.33969        0.517036 
        4.67558         7.31977        0.515293 
        4.68171         7.29814        0.513557 
        4.68785         7.27556        0.511827 
        4.69399         7.25686        0.510107 
        4.70012         7.24074        0.508396 
        4.70625         7.21513        0.506692 
        4.71239         7.18988        0.504994 
        4.71853         7.17608        0.503305 
        4.72467         7.16001        0.501624 
         4.7308         7.13176         0.49995 
        4.73694          7.1094        0.498285 
        4.74308         7.09145        0.496626 
        4.74922         7.07215        0.494975 
        4.75535         7.05448        0.493333 
        4.76148         7.02982        0.491698 
        4.76762           7.009        0.490069 
        4.77376         6.98648        0.488448 
        4.77989         6.96872        0.486836 
        4.78602         6.94082         0.48523 
        4.79216         6.92927         0.48363 
         4.7983         6.91556        0.482038 
        4.80443         6.88647        0.480456 
        4.81056         6.86915        0.478879 
         4.8167         6.85322        0.477307 
        4.82284         6.83269        0.475743 
        4.82898         6.81191        0.474187 
        4.83511         6.79167        0.472639 
        4.84125         6.77496        0.471096 
        4.84739         6.75561         0.46956 
        4.85352         6.74176        0.468033 
        4.85965         6.71628        0.466512 
        4.86579         6.69809        0.464997 
        4.87193         6.67733        0.463488 
        4.87807         6.66397        0.461986 
         4.8842         6.64669        0.460492 
        4.89034         6.62575        0.459003 
        4.89647         6.61123        0.457521 
        4.90261         6.59324        0.456047 
        4.90874         6.57295        0.454579 
        4.91488         6.55803        0.453117 
        4.92102         6.53316        0.451661 
        4.92715         6.51567        0.450212 
        4.93329         6.49965        0.448769 
        4.93942         6.48207        0.447332 
        4.94556         6.46191        0.445902 
         4.9517         6.44474        0.444478 
        4.95783         6.43229         0.44306 
        4.96397         6.41623        0.441648 
        4.97011         6.39523        0.440242 
        4.97624         6.37373        0.438844 
        4.98238         6.35885        0.437451 
        4.98851         6.33855        0.436064 
        4.99465          6.3326        0.434683 
        5.00078         6.31469        0.433308 
        5.00691         6.29189         0.43194 
        5.01305          6.2799        0.430577 
        5.01919         6.25926        0.429219 
        5.02533         6.24531        0.427867 
        5.03146         6.23515        0.426522 
         5.0376         6.20653        0.425182 
        5.04374         6.19947        0.423848 
        5.04987         6.18014        0.422519 
        5.05601         6.16137        0.421197 
        5.06215         6.14592         0.41988 
        5.06829         6.13459        0.418567 
        5.07442         6.11647        0.417263 
        5.08055         6.09772        0.415964 
        5.08668         6.07706        0.414669 
        5.09282           6.061        0.413379 
        5.09896         6.04936        0.412096 
        5.10509         6.03428        0.410819 
        5.11123         6.02409        0.409546 
        5.11736         6.00401        0.408279 
         5.1235         5.99076        0.407017 
        5.12964         5.97497        0.405761 
        5.13577         5.96129        0.404509 
        5.14191         5.93773        0.403263 
        5.14804         5.92803        0.402023 
        5.15418          5.9145        0.400788 
        5.16032          5.8968        0.399557 
        5.16645         5.88507        0.398332 
        5.17259         5.87411        0.397112 
        5.17872         5.85434        0.395898 
        5.18486         5.83956        0.394687 
          5.191          5.8234        0.393482 
        5.19713         5.81059        0.392284 
        5.20327         5.79332        0.391089 
        5.20941         5.78374        0.389899 
        5.21555         5.76873        0.388713 
        5.22168         5.76067        0.387534 
        5.22781         5.74526         0.38636 
        5.23395         5.72719         0.38519 
        5.24009         5.71083        0.384025 
        5.24622          5.7031        0.382865 
        5.25236         5.68573         0.38171 
         5.2585         5.67253        0.380558 
        5.26463         5.66241        0.379412 
        5.27077         5.64622        0.378271 
         5.2769         5.63708        0.377135 
        5.28304         5.62378        0.376003 
        5.28917         5.60643        0.374877 
         5.2953         5.59344        0.373755 
        5.30144         5.58252        0.372637 
        5.30757         5.56887        0.371524 
        5.31371          5.5552        0.370414 
        5.31985         5.54069         0.36931 
        5.32599         5.52563        0.368209 
        5.33213         5.51468        0.367114 
        5.33826         5.50164        0.366023 
         5.3444         5.49072        0.364937 
        5.35053         5.48298        0.363855 
        5.35667         5.46792        0.362777 
        5.36281         5.45198        0.361704 
        5.36894         5.44093        0.360635 
        5.37507         5.42999        0.359571 
        5.38121         5.41785        0.358511 
        5.38735         5.40961        0.357454 
        5.39348         5.38955        0.356403 
        5.39961         5.38359        0.355357 
        5.40575         5.37444        0.354313 
        5.41189         5.35913        0.353273 
        5.41803          5.3485        0.352238 
        5.42416         5.33298        0.351208 
         5.4303         5.32292        0.350181 
        5.43644         5.30976        0.349159 
        5.44257         5.30427        0.348141 
        5.44871         5.28859        0.347126 
        5.45484         5.27905        0.346116 
        5.46098         5.26594        0.345109 
        5.46712         5.25632        0.344107 
        5.47325         5.24754        0.343109 
        5.47938         5.23132        0.342115 
        5.48552         5.22229        0.341126 
        5.49165         5.21601        0.340139 
        5.49779         5.20387        0.339157 
        5.50393         5.19065        0.338178 
        5.51006         5.18319        0.337202 
         5.5162          5.1731        0.336232 
        5.52234         5.16166        0.335265 
        5.52847          5.1508        0.334301 
        5.53461         5.13977        0.333341 
        5.54075         5.13259        0.332386 
        5.54688         5.11808        0.331434 
        5.55302         5.11158        0.330486 
        5.55915         5.09738        0.329541 
        5.56529         5.08945        0.328601 
        5.57143         5.07924        0.327663 
        5.57756         5.07163         0.32673 
         5.5837         5.05985          0.3258 
        5.58983         5.05284        0.324874 
        5.59597         5.04152        0.323952 
         5.6021         5.03051        0.323033 
        5.60824         5.02278        0.322117 
        5.61438         5.01048        0.321205 
        5.62051         5.00523        0.320297 
        5.62665         4.99541        0.319392 
        5.63278         4.98583        0.318491 
        5.63892         4.97842        0.317593 
        5.64505         4.96676        0.316699 
        5.65119         4.96179        0.315808 
        5.65733          4.9522         0.31492 
        5.66346         4.94307        0.314036 
         5.6696         4.93828        0.313156 
        5.67573         4.92602        0.312278 
        5.68187         4.91857        0.311404 
          5.688         4.91288        0.310534 
        5.69414         4.89857        0.309667 
        5.70028         4.89277        0.308802 
        5.70642         4.88552        0.307941 
        5.71255         4.87851        0.307084 
        5.71869          4.8688         0.30623 
        5.72482         4.86013        0.305379 
        5.73096         4.84919        0.304532 
        5.73709         4.84729        0.303688 
        5.74322         4.83834        0.302847 
        5.74936          4.8269        0.302009 
         5.7555         4.82127        0.301173 
        5.76164         4.81479        0.300342 
        5.76777         4.80494        0.299514 
        5.77391         4.79606        0.298688 
        5.78005         4.79262        0.297865 
        5.78618         4.78322        0.297046 
        5.79231         4.77484        0.296231 
        5.79845         4.76889        0.295417 
        5.80459         4.76292        0.294607 
        5.81073         4.75755          0.2938 
        5.81686         4.74923        0.292996 
          5.823         4.74174        0.292195 
        5.82914         4.73826        0.291397 
        5.83527         4.72991        0.290603 
         5.8414         4.72258        0.289811 
        5.84754         4.71252        0.289022 
        5.85368         4.71121        0.288235 
        5.85981         4.70204        0.287452 
        5.86595         4.69767        0.286672 
        5.87208         4.69106        0.285895 
        5.87822           4.686        0.285121 
        5.88435         4.68083         0.28435 
        5.89049         4.67547        0.283581 
        5.89662          4.6669        0.282815 
        5.90276         4.66412        0.282052 
         5.9089         4.65721        0.281291 
        5.91503         4.65231        0.280534 
        5.92117         4.64557         0.27978 
        5.92731         4.64211        0.279027 
        5.93344         4.63583        0.278278 
        5.93958         4.62886        0.277532 
        5.94572         4.62187        0.276788 
        5.95186         4.62232        0.276047 
        5.95799         4.61383         0.27531 
        5.96412         4.60841        0.274574 
        5.97026         4.60347        0.273841 
         5.9764         4.59901        0.273111 
        5.98253         4.59749        0.272385 
        5.98866          4.5909         0.27166 
         5.9948         4.58711        0.270937 
        6.00094         4.58426        0.270218 
        6.00707         4.57616        0.269501 
        6.01321         4.57477        0.268787 
        6.01935         4.57211        0.268075 
        6.02548         4.56691        0.267366 
        6.03162         4.56289         0.26666 
        6.03775         4.56211        0.265956 
        6.04389          4.5547        0.265255 
        6.05003         4.55295        0.264555 
        6.05617         4.54826        0.263859 
         6.0623         4.54345        0.263165 
        6.06844         4.53822        0.262473 
        6.07457         4.53752        0.261785 
         6.0807         4.53093        0.261099 
        6.08684         4.52794        0.260415 
        6.09298         4.52616        0.259733 
        6.09912         4.52581        0.259054 
        6.10525         4.52209        0.258377 
        6.11138         4.52279        0.257703 
        6.11752         4.51541        0.257031 
        6.12366         4.51182        0.256362 
        6.12979         4.50776        0.255695 
        6.13593         4.50486        0.255031 
        6.14207          4.5071        0.254368 
         6.1482         4.50191        0.253708 
        6.15434          4.5038        0.253051 
        6.16047         4.49665        0.252396 
        6.16661          4.4959        0.251743 
        6.17274         4.49617        0.251092 
        6.17887         4.49274        0.250444 
        6.18501         4.49495        0.249798 
        6.19115         4.48783        0.249154 
        6.19729         4.48754        0.248512 
        6.20342         4.48595        0.247873 
        6.20956         4.48836        0.247236 
         6.2157         4.48312        0.246601 
        6.22183         4.48403        0.245969 
        6.22797         4.48321        0.245339 
         6.2341         4.47914        0.244711 
        6.24024          4.4804        0.244085 
        6.24638         4.47906        0.243461 
        6.25251         4.47652         0.24284 
        6.25865         4.47465         0.24222 
        6.26478         4.47793        0.241603 
        6.27092          4.4776        0.240988 
        6.27705         4.47636        0.240376 
        6.28318         4.47458        0.239765 
