# k  (h/Mpc)    P(k)  (Mpc/h)^3    P_linear(k)  (Mpc/h)^3
     0.00783031         13932.9           14175 
       0.013688         18288.5         18166.9 
       0.019231         19099.6         19130.5 
      0.0249154         18022.9         18478.5 
      0.0312784         16545.1         16829.1 
      0.0375637         14881.2         15005.6 
      0.0433917         13125.9         13512.5 
      0.0492413         12090.6         12320.8 
      0.0555754         10837.4           11340 
      0.0619321         10414.2         10554.7 
       0.067871         9444.14         9879.48 
      0.0738098         8770.12          9182.5 
      0.0800417         7910.53         8404.63 
      0.0862327         7264.96         7615.51 
      0.0921407         6701.36         6901.28 
      0.0982031         6054.65          6258.6 
       0.104506         5711.01         5716.98 
       0.110769         5294.62         5304.77 
       0.116806         4974.05         5000.08 
       0.122832         4736.61         4749.06 
       0.129052         4399.05         4507.12 
       0.135211         4177.31         4257.63 
       0.141259         4005.88         3994.18 
       0.147318         3788.13         3719.11 
       0.153489          3486.5         3444.59 
       0.159709         3312.49         3192.47 
       0.165845          3205.9         2980.37 
       0.171974         3026.82         2808.06 
       0.178125          2883.3         2669.36 
       0.184229         2764.16         2554.66 
        0.19034         2621.53         2450.27 
       0.196428         2573.32         2346.49 
       0.202534         2475.44         2237.18 
       0.208729         2373.57         2120.87 
       0.214876         2282.38         2004.24 
       0.220989         2211.05         1892.99 
       0.227147         2119.83            1791 
        0.23329         2041.67          1702.3 
       0.239377         2017.78         1627.34 
       0.245482          1897.8         1562.71 
       0.251667         1889.92         1504.22 
       0.257832         1818.05         1449.07 
       0.263955         1759.85         1394.51 
       0.270079          1704.9         1338.92 
        0.27624         1686.51         1282.34 
       0.282372         1616.73         1226.76 
        0.28843         1615.69         1174.38 
       0.294538          1540.1         1125.51 
       0.300721         1532.02         1080.87 
        0.30691         1475.21         1040.84 
       0.313033         1446.56         1004.99 
       0.319153         1430.16         971.707 
       0.325316         1381.43         939.604 
        0.33145         1353.19         908.222 
       0.337538         1331.66         877.335 
       0.343633         1304.79         846.762 
       0.349808         1264.87         816.611 
       0.355968         1256.02         787.823 
       0.362074         1245.22         761.008 
       0.368217         1206.69         735.896 
       0.374374         1165.57         712.539 
       0.380519         1168.44         690.761 
       0.386598         1138.01         670.336 
       0.392688         1132.43         650.675 
        0.39888         1102.19         631.229 
       0.405048         1090.79         612.292 
       0.411186         1075.16         593.921 
       0.417313         1053.08         576.133 
       0.423458         1036.63         558.989 
       0.429607         1023.02          542.65 
       0.435692         1004.69         527.301 
       0.441815         998.338         512.648 
       0.447964         976.415         498.659 
       0.454126         969.459         485.236 
       0.460267          947.74         472.337 
       0.466387          934.84         459.888 
        0.47254         930.608         447.734 
       0.478662         920.551         435.981 
       0.484765         898.362         424.632 
       0.490885         892.987         413.655 
       0.497035          873.26         403.045 
       0.503198         869.248         392.834 
       0.509342         858.375         383.065 
       0.515458         855.278         373.724 
       0.521598         836.066         364.685 
       0.527764         819.025         355.906 
       0.533884         819.331         347.461 
           0.54         811.264         339.277 
       0.546137         802.756          331.31 
       0.552299         793.609         323.552 
       0.558452         787.403          316.05 
       0.564573         776.275         308.828 
       0.570708         769.268         301.833 
       0.576825          748.41         295.096 
       0.582926         752.913         288.596 
       0.589034         745.342         282.291 
       0.595184         737.811         276.134 
       0.601379         728.512         270.117 
       0.607522         718.474         264.325 
       0.613639         719.693         258.724 
       0.619772         703.301         253.268 
       0.625918         698.552         247.957 
       0.632068         690.742         242.797 
       0.638161         688.425         237.832 
         0.6443         675.544         232.976 
       0.650464         674.473         228.244 
       0.656582          670.32         223.681 
       0.662703         665.971         219.245 
       0.668861         654.488         214.904 
       0.675024         649.034         210.676 
       0.681124         645.885         206.604 
       0.687237         640.365          202.63 
       0.693381         633.136         198.743 
       0.699536         621.692         194.951 
       0.705665           622.6         191.277 
       0.711789          617.48         187.703 
       0.717957          611.74         184.197 
        0.72409         608.632         180.802 
       0.730186         599.661         177.514 
       0.736317         596.507          174.29 
       0.742472         593.548         171.135 
       0.748622         586.909         168.061 
        0.75476         577.876          165.07 
       0.760888         573.575         162.156 
       0.767043         572.184         159.301 
       0.773185         566.721         156.522 
       0.779291         562.047         153.826 
       0.785407         556.398         151.189 
       0.791564         550.832         148.599 
       0.797719         548.374         146.071 
       0.803834         543.628         143.619 
       0.809972         540.171         141.215 
       0.816124         539.042         138.861 
       0.822261         530.783         136.567 
       0.828378         527.755         134.332 
       0.834502         522.574         132.146 
       0.840667          518.32         129.995 
       0.846816         515.503         127.898 
       0.852925         510.622          125.86 
       0.859047         510.544         123.864 
       0.865192         503.825         121.904 
       0.871341         499.519         119.985 
       0.877463          498.75         118.117 
       0.883569         492.922         116.294 
       0.889708         490.692           114.5 
       0.895864         487.764          112.74 
       0.902008         484.012         111.021 
       0.908149         478.324         109.339 
       0.914301         475.796         107.689 
       0.920448         473.053         106.075 
       0.926574         465.162           104.5 
       0.932687         464.955          102.96 
       0.938823         460.234         101.447 
       0.944975         460.518         99.9599 
       0.951105         454.041         98.5086 
       0.957225         450.876         97.0888 
       0.963368         446.962         95.6923 
       0.969511         445.303         94.3235 
       0.975621         442.104         92.9889 
       0.981748         439.349         91.6769 
       0.987916         436.367         90.3821 
        0.99406         429.122         89.1173 
        1.00019         428.043         87.8793 
        1.00632         425.875         86.6661 
        1.01246         422.468         85.4742 
        1.01859         422.005         84.3067 
        1.02471         416.329         83.1625 
        1.03085         414.416         82.0358 
        1.03698         412.709         80.9324 
        1.04314         408.576         79.8448 
        1.04929         403.724         78.7798 
        1.05541         404.594         77.7386 
        1.06154         398.788         76.7137 
        1.06769         395.876         75.7059 
        1.07382         393.817         74.7195 
        1.07993         391.357         73.7531 
        1.08607         390.074         72.7998 
        1.09222         386.141         71.8625 
        1.09836         383.712         70.9429 
        1.10449         380.078         70.0406 
        1.11063         375.938          69.153 
        1.11677         376.592         68.2813 
         1.1229         374.125         67.4261 
        1.12903         370.631         66.5849 
        1.13518         366.698         65.7575 
        1.14131         365.611         64.9446 
        1.14745          362.33          64.146 
        1.15359         360.531         63.3607 
        1.15973         358.017         62.5884 
        1.16584         355.509         61.8324 
        1.17197         354.071         61.0879 
        1.17811          350.66         60.3535 
        1.18424         347.369         59.6333 
        1.19038          345.47         58.9228 
        1.19652         343.752         58.2243 
        1.20267         341.797         57.5371 
        1.20881         340.078         56.8612 
        1.21495         336.943         56.1972 
        1.22108         335.153          55.544 
         1.2272         332.362         54.9027 
        1.23334         330.198         54.2702 
        1.23949         328.287         53.6461 
        1.24562         326.609         53.0336 
        1.25174         323.693         52.4316 
        1.25789         320.409         51.8372 
        1.26402         318.694         51.2531 
        1.27014         316.721         50.6794 
        1.27628         314.698         50.1128 
        1.28244         314.534         49.5539 
        1.28858         310.652         49.0042 
        1.29471         308.674         48.4642 
        1.30084          307.02         47.9328 
        1.30697          304.96         47.4086 
        1.31312         301.791         46.8914 
        1.31925         301.223         46.3837 
        1.32537         299.862          45.884 
        1.33151         296.323         45.3899 
        1.33765         294.406         44.9034 
        1.34378         293.274          44.425 
        1.34992         291.119         43.9533 
        1.35606          289.63         43.4874 
         1.3622         287.537         43.0291 
        1.36833         285.553         42.5786 
        1.37445         283.858         42.1347 
        1.38059         281.051         41.6959 
        1.38675         279.789         41.2622 
        1.39288         278.039         40.8365 
        1.39901           276.9          40.417 
        1.40515         274.739         40.0025 
         1.4113         273.377         39.5939 
        1.41742         271.076         39.1927 
        1.42355         269.133         38.7962 
         1.4297         267.512         38.4041 
        1.43585         266.033         38.0176 
        1.44198         264.434         37.6379 
        1.44809         262.097         37.2641 
        1.45423         260.298          36.894 
        1.46036         259.268         36.5296 
        1.46649         257.039           36.17 
        1.47263         255.612          35.815 
        1.47877         253.729         35.4649 
        1.48491         251.854          35.119 
        1.49104          251.04         34.7784 
        1.49718          248.86         34.4421 
        1.50333         247.441         34.1097 
        1.50947         245.944         33.7824 
         1.5156         243.742         33.4599 
        1.52172         243.089         33.1416 
        1.52787         241.002         32.8268 
          1.534         239.987         32.5164 
        1.54013         237.498         32.2104 
        1.54627         236.679         31.9078 
        1.55241         235.223         31.6091 
        1.55855         233.481         31.3146 
        1.56467         231.951         31.0246 
         1.5708          231.42         30.7376 
        1.57695         229.157         30.4537 
        1.58308         227.896         30.1741 
        1.58922         225.178         29.8978 
        1.59535         224.235         29.6251 
         1.6015         223.634         29.3554 
        1.60764         221.736         29.0892 
        1.61376         220.589          28.827 
        1.61989         219.037         28.5679 
        1.62604         217.495         28.3114 
        1.63218         216.397         28.0582 
        1.63831         214.856         27.8087 
        1.64444         214.057         27.5621 
        1.65059         212.413          27.318 
        1.65673         211.091         27.0771 
        1.66285          209.51         26.8397 
        1.66898          208.11         26.6051 
        1.67512         207.352         26.3729 
        1.68127         205.101         26.1433 
         1.6874         203.958         25.9169 
        1.69353         203.048         25.6933 
        1.69967         201.582         25.4719 
        1.70581         200.561         25.2531 
        1.71193         198.932         25.0378 
        1.71806          198.28         24.8245 
        1.72421         196.678         24.6133 
        1.73035         195.906         24.4047 
        1.73649         194.589         24.1987 
        1.74262         193.207         23.9952 
        1.74876          191.82         23.7938 
        1.75489         190.663         23.5953 
        1.76101         189.515          23.399 
        1.76715          188.56         23.2047 
        1.77329         187.537         23.0124 
        1.77943          186.44         22.8222 
        1.78557         184.874         22.6344 
        1.79171         183.971         22.4486 
        1.79785         182.478          22.265 
        1.80399          181.67         22.0834 
        1.81012         180.503         21.9041 
        1.81625          179.46         21.7269 
        1.82239         178.187         21.5514 
        1.82853         177.656         21.3779 
        1.83466         176.136         21.2065 
        1.84078         175.241         21.0371 
        1.84692         173.801         20.8693 
        1.85306         173.178         20.7032 
         1.8592         171.895         20.5391 
        1.86533         171.102         20.3769 
        1.87147         169.783         20.2163 
        1.87761         169.089         20.0573 
        1.88375         167.404         19.9002 
        1.88988         166.163          19.745 
        1.89601         165.964         19.5914 
        1.90215         164.722         19.4392 
        1.90829         163.629         19.2888 
        1.91442         162.522         19.1399 
        1.92056         161.946         18.9928 
         1.9267         160.397          18.847 
        1.93284         159.565         18.7027 
        1.93897         158.902         18.5602 
        1.94509         157.867         18.4194 
        1.95123         157.047         18.2798 
        1.95737         156.034         18.1415 
        1.96349          155.01          18.005 
        1.96964         153.992         17.8695 
        1.97578          153.15         17.7354 
        1.98192         152.248         17.6029 
        1.98805         151.096         17.4718 
        1.99419         150.353         17.3419 
        2.00033         149.481         17.2134 
        2.00647         148.711         17.0861 
         2.0126         147.458         16.9604 
        2.01874         147.194         16.8358 
        2.02488         146.183         16.7122 
        2.03101         144.869         16.5902 
        2.03714         144.239         16.4695 
        2.04328         143.273         16.3498 
        2.04941         142.632         16.2315 
        2.05554         141.493         16.1144 
        2.06167         140.922         15.9983 
        2.06781         139.953         15.8833 
        2.07396         139.031         15.7693 
        2.08009         138.506         15.6566 
        2.08622         137.404         15.5451 
        2.09237         136.582         15.4345 
        2.09851          135.85          15.325 
        2.10464         135.433         15.2167 
        2.11077          134.45         15.1096 
        2.11691         133.604         15.0033 
        2.12305         132.823          14.898 
        2.12918         131.974         14.7939 
        2.13531         131.505         14.6909 
        2.14145           130.3         14.5886 
         2.1476         129.423         14.4871 
        2.15372         129.201         14.3872 
        2.15985         128.671          14.288 
        2.16599         127.325         14.1895 
        2.17213         126.805         14.0921 
        2.17827         126.027         13.9956 
         2.1844          125.16         13.9001 
        2.19054         124.532         13.8054 
        2.19666         123.762         13.7118 
         2.2028         123.117         13.6189 
        2.20893          122.66         13.5268 
        2.21508         121.863         13.4356 
        2.22122          120.88         13.3451 
        2.22736         120.306         13.2556 
        2.23349         119.588          13.167 
        2.23962         118.852         13.0791 
        2.24577         118.205          12.992 
         2.2519         117.766         12.9058 
        2.25802         116.984         12.8205 
        2.26417         116.286         12.7357 
        2.27031         115.411         12.6516 
        2.27644         114.908         12.5686 
        2.28257         114.243         12.4863 
        2.28872          113.82         12.4045 
        2.29486         112.828         12.3235 
        2.30099         112.305         12.2434 
        2.30712         111.683          12.164 
        2.31326          111.03         12.0852 
         2.3194         110.479         12.0071 
        2.32553         109.827         11.9298 
        2.33166         109.387         11.8532 
         2.3378         108.758         11.7772 
        2.34394         108.143         11.7018 
        2.35007         107.413         11.6272 
        2.35619         106.729         11.5534 
        2.36233         106.282           11.48 
        2.36848         105.686         11.4071 
        2.37462         105.282          11.335 
        2.38075          104.41         11.2635 
        2.38689         103.932         11.1927 
        2.39303         103.442         11.1224 
        2.39916         102.942         11.0528 
        2.40529         102.351         10.9839 
        2.41143         101.839         10.9154 
        2.41757         101.053         10.8476 
         2.4237          100.45         10.7804 
        2.42983         99.8206         10.7138 
        2.43598         99.4651         10.6476 
        2.44211          98.969          10.582 
        2.44823         98.4107         10.5172 
        2.45437         97.9474         10.4527 
        2.46052         97.2558         10.3887 
        2.46665         96.6545         10.3254 
        2.47279         96.3446         10.2626 
        2.47892         95.8038         10.2003 
        2.48507         95.2204         10.1384 
         2.4912         94.6691         10.0772 
        2.49733         94.0894         10.0165 
        2.50347         93.4501         9.95619 
        2.50961         93.1235         9.89638 
        2.51575         92.5951         9.83711 
        2.52188         92.2041         9.77839 
        2.52802         91.5689         9.72008 
        2.53416         91.0365         9.66223 
        2.54029         90.5816         9.60495 
        2.54641         90.0282         9.54815 
        2.55255         89.7385         9.49176 
        2.55869         89.2185         9.43574 
        2.56483         88.7656         9.38023 
        2.57096         88.1877         9.32525 
        2.57709         87.7309         9.27068 
        2.58323         87.0931          9.2165 
        2.58937          86.704         9.16272 
        2.59551         86.4869         9.10944 
        2.60164          85.944          9.0566 
        2.60778         85.3886         9.00412 
        2.61392         84.7813         8.95208 
        2.62006         84.3414         8.90046 
        2.62619         84.1266         8.84931 
        2.63232         83.6123         8.79854 
        2.63846         83.0967         8.74812 
        2.64459         82.7319         8.69816 
        2.65072         82.1348         8.64859 
        2.65686         81.7591          8.5994 
          2.663         81.2796          8.5505 
        2.66915         80.9877           8.502 
        2.67527         80.6172         8.45398 
        2.68141         80.1746         8.40631 
        2.68755         79.6699         8.35896 
        2.69368           79.36         8.31201 
        2.69981         78.9737         8.26549 
        2.70595         78.5075         8.21921 
        2.71209         78.0049         8.17328 
        2.71823         77.6896         8.12777 
        2.72436         77.2917         8.08261 
         2.7305         76.8703         8.03778 
        2.73663         76.3981         7.99329 
        2.74276         76.0255         7.94918 
         2.7489          75.688         7.90537 
        2.75504         75.3607         7.86185 
        2.76118          74.832         7.81863 
        2.76732         74.4117         7.77581 
        2.77345         74.0913         7.73332 
        2.77959         73.7587         7.69114 
        2.78572         73.3851         7.64928 
        2.79186         72.9996         7.60774 
        2.79798          72.677         7.56656 
        2.80412         72.1628          7.5256 
        2.81027         71.8434         7.48491 
         2.8164         71.3751          7.4446 
        2.82253         71.1245         7.40459 
        2.82867         70.7637         7.36485 
        2.83481         70.3582         7.32539 
        2.84095         70.0391         7.28623 
        2.84708         69.6327          7.2474 
        2.85322         69.2943          7.2088 
        2.85935         68.9713          7.1705 
        2.86549         68.5682         7.13249 
        2.87162         68.3552         7.09477 
        2.87776         67.9444         7.05732 
        2.88389         67.5129         7.02011 
        2.89003         67.2671          6.9832 
        2.89617          66.864         6.94653 
        2.90231         66.4469         6.91013 
        2.90844         66.1726           6.874 
        2.91458         65.8774         6.83813 
        2.92071         65.5806         6.80256 
        2.92684          65.161          6.7672 
        2.93298         64.9105         6.73211 
         2.9391         64.4924         6.69732 
        2.94524         64.1496         6.66271 
        2.95138         63.9041         6.62835 
        2.95752         63.6026         6.59419 
        2.96367         63.1316         6.56027 
         2.9698         63.0505         6.52665 
        2.97594         62.7647         6.49324 
        2.98207         62.3381         6.46007 
        2.98821         62.0014         6.42715 
        2.99434         61.6383         6.39447 
        3.00048         61.4379         6.36199 
        3.00662          61.175         6.32973 
        3.01275         60.8918         6.29774 
        3.01888         60.5655         6.26596 
        3.02503         60.1747         6.23436 
        3.03117         59.8889         6.20298 
        3.03729         59.7181          6.1719 
        3.04342          59.347           6.141 
        3.04957         59.1014         6.11024 
         3.0557         58.7875         6.07974 
        3.06183          58.497         6.04951 
        3.06796         58.2349         6.01944 
        3.07411         57.9095         5.98951 
        3.08025         57.6392         5.95984 
        3.08637         57.2971         5.93042 
         3.0925         57.1453         5.90116 
        3.09865         56.8223         5.87205 
         3.1048         56.5272         5.84313 
        3.11093         56.2259         5.81447 
        3.11706         56.1034         5.78601 
         3.1232         55.7208         5.75771 
        3.12933         55.4086          5.7296 
        3.13547         55.1757         5.70169 
        3.14159         54.9706         5.67401 
        3.14773         54.7218         5.64645 
        3.15388         54.3789         5.61905 
        3.16001         54.1202         5.59189 
        3.16614         53.7982         5.56491 
        3.17228         53.5913         5.53809 
        3.17842         53.3687         5.51145 
        3.18455         53.1564           5.485 
        3.19068         52.8373         5.45873 
        3.19682         52.5805          5.4326 
        3.20297         52.3464         5.40663 
         3.2091         52.0891         5.38085 
        3.21524         51.8257         5.35525 
        3.22138         51.5689         5.32981 
         3.2275         51.3749         5.30457 
        3.23363         51.1761          5.2795 
        3.23977         50.8888         5.25455 
        3.24591         50.6454         5.22977 
        3.25205         50.3803         5.20513 
        3.25818         50.1662         5.18067 
        3.26432         49.8465         5.15637 
        3.27046         49.7039         5.13222 
         3.2766         49.4459         5.10822 
        3.28273         49.2602         5.08439 
        3.28887         48.9482         5.06071 
          3.295         48.7375         5.03719 
        3.30113         48.5456         5.01381 
        3.30727         48.2958         4.99058 
        3.31341         48.0991         4.96751 
        3.31954         47.9498         4.94458 
        3.32568         47.6708         4.92178 
        3.33182         47.4042         4.89912 
        3.33795           47.23         4.87664 
        3.34409         47.0393         4.85426 
        3.35022         46.8209         4.83204 
        3.35636         46.5093         4.80997 
         3.3625         46.3347         4.78801 
        3.36864         46.0907          4.7662 
        3.37477         45.9145         4.74453 
        3.38091         45.7081         4.72301 
        3.38704         45.5376         4.70162 
        3.39318          45.354         4.68035 
        3.39931         45.0591         4.65921 
        3.40545         44.8619         4.63822 
        3.41158         44.6587         4.61735 
        3.41772         44.4468          4.5966 
        3.42385         44.1864         4.57601 
        3.42998         44.0279         4.55553 
        3.43612         43.8409         4.53517 
        3.44226         43.7069         4.51493 
         3.4484         43.4436         4.49479 
        3.45453         43.2573         4.47481 
        3.46066         43.0615         4.45496 
        3.46681         42.8541         4.43519 
        3.47295         42.6541         4.41554 
        3.47908         42.5172         4.39607 
        3.48521         42.2716         4.37669 
        3.49135         42.1238         4.35741 
        3.49749         41.9127         4.33825 
        3.50362         41.7243         4.31922 
        3.50976         41.5307          4.3003 
        3.51589         41.3225         4.28149 
        3.52203         41.1233          4.2628 
        3.52816         40.9968         4.24424 
        3.53429         40.7952         4.22577 
        3.54043         40.6384         4.20739 
        3.54657         40.4557         4.18913 
        3.55271         40.2566         4.17099 
        3.55884         40.0386         4.15298 
        3.56498         39.8873         4.13503 
        3.57112         39.7307          4.1172 
        3.57725         39.5182         4.09949 
        3.58338         39.4102         4.08189 
        3.58952         39.2319         4.06438 
        3.59566         39.0544         4.04696 
         3.6018         38.8725         4.02965 
        3.60793         38.6614         4.01246 
        3.61407         38.5007         3.99537 
        3.62021         38.3753         3.97836 
        3.62634         38.1797         3.96147 
        3.63247         38.0095         3.94467 
        3.63861         37.8873         3.92797 
        3.64475         37.6998         3.91134 
        3.65089         37.5229         3.89483 
        3.65702         37.3605         3.87844 
        3.66316         37.1828         3.86211 
        3.66929         37.0019         3.84589 
        3.67543         36.9056         3.82976 
        3.68156         36.6906         3.81373 
        3.68769         36.5249         3.79778 
        3.69383         36.3757         3.78192 
        3.69997         36.2253         3.76615 
        3.70611         36.0452         3.75049 
        3.71224          35.939          3.7349 
        3.71838         35.7381          3.7194 
        3.72451         35.6263           3.704 
        3.73065         35.4304         3.68869 
        3.73678          35.267         3.67346 
        3.74292         35.1291         3.65831 
        3.74906         34.9529         3.64325 
        3.75519         34.8665         3.62827 
        3.76133         34.7133         3.61338 
        3.76746         34.5271         3.59858 
         3.7736         34.3813         3.58387 
        3.77974         34.2161         3.56922 
        3.78588         34.1087         3.55466 
        3.79201         33.9771         3.54019 
        3.79814         33.7754          3.5258 
        3.80428         33.6852         3.51148 
        3.81042          33.529         3.49724 
        3.81655         33.3712         3.48309 
        3.82268         33.2688         3.46902 
        3.82882         33.1149         3.45503 
        3.83496         32.9396          3.4411 
        3.84109         32.8419         3.42726 
        3.84723         32.6784         3.41349 
        3.85337         32.5505         3.39979 
        3.85951         32.3907         3.38616 
        3.86565         32.2834         3.37262 
        3.87178         32.1254         3.35916 
        3.87791         31.9859         3.34578 
        3.88405         31.8826         3.33245 
        3.89019          31.719          3.3192 
        3.89632         31.6054         3.30603 
        3.90246          31.455         3.29293 
         3.9086         31.3344         3.27989 
        3.91473         31.2164         3.26694 
        3.92086         31.0963         3.25406 
        3.92699         30.9916         3.24124 
        3.93313         30.8316         3.22848 
        3.93927         30.6807          3.2158 
         3.9454         30.5854         3.20319 
        3.95154         30.4465         3.19064 
        3.95768         30.3098         3.17815 
        3.96382         30.1773         3.16574 
        3.96995          30.042         3.15339 
        3.97609         29.9678         3.14112 
        3.98222         29.8237         3.12891 
        3.98836         29.7354         3.11676 
         3.9945         29.5676         3.10468 
        4.00063         29.4604         3.09266 
        4.00677         29.3186          3.0807 
        4.01291         29.2162          3.0688 
        4.01904         29.1002         3.05699 
        4.02517         28.9942         3.04524 
        4.03131         28.8443         3.03352 
        4.03745         28.7435         3.02187 
        4.04358         28.6144         3.01029 
        4.04972         28.4882         2.99878 
        4.05585         28.4065         2.98732 
        4.06199          28.266         2.97592 
        4.06812         28.1543         2.96458 
        4.07426         28.0642          2.9533 
         4.0804         27.9236         2.94208 
        4.08654         27.8283         2.93091 
        4.09267         27.7166         2.91981 
         4.0988         27.5923         2.90878 
        4.10494         27.4898         2.89779 
        4.11108          27.399         2.88685 
        4.11721         27.2642         2.87598 
        4.12334         27.1656         2.86517 
        4.12948          27.045         2.85441 
        4.13561         26.9402          2.8437 
        4.14176         26.8486         2.83303 
        4.14789         26.7275         2.82243 
        4.15403         26.6107         2.81189 
        4.16016         26.5301          2.8014 
         4.1663         26.4071         2.79096 
        4.17243         26.2909         2.78059 
        4.17857          26.194         2.77026 
        4.18471         26.1078         2.75998 
        4.19084          25.994         2.74975 
        4.19698         25.8995         2.73958 
        4.20312         25.7658         2.72945 
        4.20925          25.653         2.71939 
        4.21538         25.5793         2.70938 
        4.22152         25.4882          2.6994 
        4.22766         25.3697         2.68948 
         4.2338         25.2667         2.67962 
        4.23993         25.1922          2.6698 
        4.24607         25.0641         2.66003 
         4.2522         24.9965         2.65031 
        4.25834         24.8913         2.64064 
        4.26447         24.7619         2.63102 
        4.27061         24.6817         2.62145 
        4.27674         24.5998         2.61193 
        4.28288         24.5432         2.60244 
        4.28902         24.3701         2.59301 
        4.29515         24.3045         2.58363 
        4.30129         24.1975         2.57429 
        4.30743         24.1216           2.565 
        4.31356         24.0146         2.55575 
        4.31969         23.9327         2.54656 
        4.32583         23.8434         2.53741 
        4.33197         23.7426         2.52829 
         4.3381         23.6434         2.51923 
        4.34424         23.5396         2.51021 
        4.35038         23.4965         2.50123 
        4.35652         23.3918         2.49229 
        4.36265          23.289         2.48341 
        4.36878         23.2127         2.47457 
        4.37492         23.1143         2.46577 
        4.38106         23.0258           2.457 
        4.38719         22.9349          2.4483 
        4.39333         22.8684         2.43963 
        4.39946         22.7592           2.431 
         4.4056         22.6848         2.42241 
        4.41173         22.5955         2.41386 
        4.41786         22.5163         2.40537 
          4.424         22.4349         2.39691 
        4.43014         22.3427         2.38847 
        4.43628         22.2551         2.38008 
        4.44241         22.1906         2.37175 
        4.44855          22.069         2.36344 
        4.45469         22.0127         2.35517 
        4.46083         21.8962         2.34695 
        4.46696         21.8415         2.33878 
        4.47309          21.753         2.33063 
        4.47923         21.6599         2.32252 
        4.48537         21.6091         2.31446 
         4.4915         21.5195         2.30643 
        4.49764         21.4224         2.29844 
        4.50378         21.3501         2.29048 
        4.50991         21.2782         2.28257 
        4.51604         21.2016          2.2747 
        4.52218         21.1214         2.26685 
        4.52832         21.0357         2.25905 
        4.53445          20.952         2.25129 
        4.54059         20.8656         2.24356 
        4.54673         20.7927         2.23586 
        4.55286         20.7157         2.22821 
          4.559         20.6315         2.22059 
        4.56513         20.5944         2.21301 
        4.57127         20.4923         2.20546 
        4.57741         20.4186         2.19794 
        4.58354         20.3453         2.19046 
        4.58968         20.2816         2.18302 
        4.59582         20.1879          2.1756 
        4.60195         20.1146         2.16823 
        4.60809         20.0561         2.16089 
        4.61422         19.9812         2.15359 
        4.62036         19.9205         2.14632 
        4.62649         19.8154         2.13908 
        4.63263         19.7592         2.13187 
        4.63876         19.6971          2.1247 
         4.6449         19.6334         2.11756 
        4.65104         19.5583         2.11045 
        4.65717          19.465         2.10339 
        4.66331         19.3975         2.09635 
        4.66944         19.3315         2.08934 
        4.67558          19.277         2.08237 
        4.68171         19.2156         2.07542 
        4.68785         19.1262          2.0685 
        4.69399         19.0624         2.06162 
        4.70012         18.9836         2.05478 
        4.70625         18.9308         2.04796 
        4.71239         18.8605         2.04117 
        4.71853         18.7803         2.03442 
        4.72467         18.7224         2.02769 
         4.7308         18.6606         2.02099 
        4.73694         18.5862         2.01433 
        4.74308          18.543         2.00769 
        4.74922         18.4643         2.00109 
        4.75535         18.4074         1.99451 
        4.76148         18.3442         1.98797 
        4.76762         18.2711         1.98145 
        4.77376         18.2073         1.97496 
        4.77989         18.1567         1.96851 
        4.78602         18.0904         1.96209 
        4.79216         18.0287         1.95568 
         4.7983         17.9458         1.94931 
        4.80443         17.8907         1.94298 
        4.81056         17.8322         1.93666 
         4.8167           17.77         1.93037 
        4.82284         17.7055         1.92411 
        4.82898         17.6652         1.91788 
        4.83511         17.5822         1.91168 
        4.84125         17.5318          1.9055 
        4.84739         17.4725         1.89936 
        4.85352         17.4068         1.89324 
        4.85965          17.356         1.88715 
        4.86579         17.2852         1.88108 
        4.87193          17.229         1.87504 
        4.87807         17.1804         1.86902 
         4.8842         17.1233         1.86304 
        4.89034         17.0625         1.85708 
        4.89647         16.9893         1.85114 
        4.90261         16.9359         1.84523 
        4.90874         16.8816         1.83936 
        4.91488         16.8279          1.8335 
        4.92102         16.7618         1.82767 
        4.92715          16.703         1.82186 
        4.93329         16.6428         1.81608 
        4.93942         16.6117         1.81032 
        4.94556         16.5476         1.80459 
         4.9517         16.4938         1.79889 
        4.95783         16.4229         1.79321 
        4.96397         16.3842         1.78755 
        4.97011         16.3136         1.78192 
        4.97624          16.281         1.77631 
        4.98238         16.2269         1.77073 
        4.98851          16.165         1.76517 
        4.99465         16.1006         1.75964 
        5.00078         16.0591         1.75413 
        5.00691         15.9959         1.74864 
        5.01305         15.9613         1.74318 
        5.01919         15.9007         1.73774 
        5.02533         15.8503         1.73232 
        5.03146         15.8004         1.72693 
         5.0376         15.7574         1.72156 
        5.04374         15.6958         1.71621 
        5.04987         15.6547         1.71088 
        5.05601         15.6024         1.70558 
        5.06215         15.5407          1.7003 
        5.06829         15.4977         1.69503 
        5.07442         15.4401          1.6898 
        5.08055         15.3906         1.68459 
        5.08668         15.3406          1.6794 
        5.09282         15.2827         1.67423 
        5.09896         15.2383         1.66909 
        5.10509         15.1871         1.66396 
        5.11123         15.1378         1.65886 
        5.11736         15.1127         1.65378 
         5.1235         15.0626         1.64871 
        5.12964         15.0017         1.64367 
        5.13577         14.9706         1.63865 
        5.14191         14.8966         1.63365 
        5.14804         14.8648         1.62868 
        5.15418          14.816         1.62373 
        5.16032         14.7696         1.61879 
        5.16645         14.7356         1.61387 
        5.17259         14.6784         1.60898 
        5.17872          14.621          1.6041 
        5.18486         14.5828         1.59925 
          5.191         14.5394         1.59441 
        5.19713         14.5048          1.5896 
        5.20327          14.451         1.58481 
        5.20941         14.4048         1.58003 
        5.21555         14.3696         1.57527 
        5.22168         14.3134         1.57054 
        5.22781         14.2826         1.56583 
        5.23395         14.2352         1.56113 
        5.24009         14.1906         1.55645 
        5.24622         14.1432          1.5518 
        5.25236         14.1007         1.54716 
         5.2585         14.0658         1.54254 
        5.26463         14.0123         1.53794 
        5.27077         13.9854         1.53336 
         5.2769         13.9372          1.5288 
        5.28304         13.8869         1.52425 
        5.28917         13.8499         1.51973 
         5.2953         13.8041         1.51522 
        5.30144         13.7732         1.51074 
        5.30757         13.7222         1.50627 
        5.31371         13.6896         1.50181 
        5.31985         13.6427         1.49738 
        5.32599         13.5961         1.49296 
        5.33213         13.5682         1.48856 
        5.33826         13.5328         1.48418 
         5.3444         13.4823         1.47981 
        5.35053         13.4527         1.47547 
        5.35667         13.4191         1.47114 
        5.36281         13.3677         1.46683 
        5.36894         13.3356         1.46254 
        5.37507         13.2992         1.45826 
        5.38121         13.2664           1.454 
        5.38735         13.2196         1.44976 
        5.39348         13.1813         1.44554 
        5.39961         13.1495         1.44133 
        5.40575         13.1102         1.43714 
        5.41189         13.0732         1.43296 
        5.41803         13.0303          1.4288 
        5.42416         13.0037         1.42466 
         5.4303         12.9549         1.42054 
        5.43644         12.9306         1.41643 
        5.44257         12.8904         1.41234 
        5.44871         12.8471         1.40826 
        5.45484         12.8138          1.4042 
        5.46098         12.7917         1.40016 
        5.46712         12.7576         1.39613 
        5.47325         12.7148         1.39212 
        5.47938         12.6843         1.38812 
        5.48552         12.6566         1.38414 
        5.49165         12.6132         1.38018 
        5.49779         12.5802         1.37623 
        5.50393         12.5495          1.3723 
        5.51006         12.5174         1.36837 
         5.5162         12.4891         1.36447 
        5.52234         12.4406         1.36058 
        5.52847         12.4074         1.35671 
        5.53461         12.3753         1.35285 
        5.54075         12.3417         1.34901 
        5.54688          12.319         1.34518 
        5.55302         12.2891         1.34137 
        5.55915          12.257         1.33757 
        5.56529         12.2167         1.33379 
        5.57143         12.1982         1.33002 
        5.57756         12.1634         1.32626 
         5.5837         12.1241         1.32253 
        5.58983         12.1099          1.3188 
        5.59597         12.0642         1.31509 
         5.6021         12.0391          1.3114 
        5.60824         11.9995         1.30771 
        5.61438         11.9829         1.30405 
        5.62051         11.9516         1.30039 
        5.62665         11.9175         1.29675 
        5.63278         11.8977         1.29313 
        5.63892         11.8657         1.28951 
        5.64505         11.8262         1.28592 
        5.65119          11.804         1.28233 
        5.65733         11.7742         1.27876 
        5.66346         11.7537         1.27521 
         5.6696         11.7228         1.27166 
        5.67573         11.6883         1.26813 
        5.68187         11.6726         1.26462 
          5.688         11.6438         1.26111 
        5.69414         11.6114         1.25762 
        5.70028         11.5895         1.25415 
        5.70642         11.5557         1.25068 
        5.71255         11.5325         1.24723 
        5.71869         11.5063         1.24379 
        5.72482         11.4737         1.24037 
        5.73096         11.4635         1.23696 
        5.73709         11.4234         1.23356 
        5.74322         11.4031         1.23018 
        5.74936         11.3813          1.2268 
         5.7555         11.3536         1.22344 
        5.76164          11.327         1.22009 
        5.76777         11.3031         1.21676 
        5.77391         11.2753         1.21344 
        5.78005         11.2513         1.21012 
        5.78618         11.2264         1.20683 
        5.79231         11.2069         1.20355 
        5.79845         11.1847         1.20027 
        5.80459         11.1647         1.19701 
        5.81073         11.1402         1.19376 
        5.81686         11.1216         1.19053 
          5.823         11.0915          1.1873 
        5.82914         11.0723         1.18408 
        5.83527         11.0509         1.18089 
         5.8414         11.0196          1.1777 
        5.84754         11.0058         1.17452 
        5.85368         10.9855         1.17135 
        5.85981         10.9535          1.1682 
        5.86595          10.937         1.16506 
        5.87208         10.9177         1.16193 
        5.87822         10.9006         1.15881 
        5.88435         10.8667          1.1557 
        5.89049         10.8526         1.15261 
        5.89662         10.8399         1.14952 
        5.90276         10.8129         1.14645 
         5.9089         10.8035         1.14338 
        5.91503         10.7819         1.14034 
        5.92117         10.7559          1.1373 
        5.92731         10.7376         1.13427 
        5.93344         10.7229         1.13125 
        5.93958         10.7054         1.12824 
        5.94572         10.6913         1.12524 
        5.95186         10.6621         1.12226 
        5.95799         10.6482         1.11929 
        5.96412         10.6229         1.11632 
        5.97026         10.6184         1.11337 
         5.9764         10.5955         1.11043 
        5.98253          10.579          1.1075 
        5.98866         10.5569         1.10458 
         5.9948         10.5432         1.10167 
        6.00094         10.5243         1.09877 
        6.00707         10.5102         1.09588 
        6.01321         10.4985           1.093 
        6.01935         10.4756         1.09013 
        6.02548         10.4689         1.08727 
        6.03162         10.4432         1.08443 
        6.03775         10.4392         1.08159 
        6.04389         10.4071         1.07876 
        6.05003         10.4091         1.07594 
        6.05617         10.3806         1.07313 
         6.0623         10.3811         1.07034 
        6.06844         10.3564         1.06755 
        6.07457         10.3501         1.06477 
         6.0807         10.3312         1.06201 
        6.08684         10.3235         1.05925 
        6.09298         10.2964          1.0565 
        6.09912         10.2941         1.05376 
        6.10525         10.2873         1.05104 
        6.11138         10.2654         1.04832 
        6.11752          10.258         1.04561 
        6.12366         10.2449         1.04291 
        6.12979         10.2366         1.04022 
        6.13593         10.2278         1.03754 
        6.14207         10.2103         1.03487 
         6.1482         10.1958         1.03221 
        6.15434         10.1919         1.02956 
        6.16047         10.1771         1.02692 
        6.16661         10.1654         1.02428 
        6.17274         10.1546         1.02166 
        6.17887           10.15         1.01905 
        6.18501          10.143         1.01644 
        6.19115         10.1253         1.01384 
        6.19729         10.1242         1.01125 
        6.20342          10.109         1.00868 
        6.20956         10.1096         1.00611 
         6.2157          10.091         1.00354 
        6.22183         10.0854         1.00099 
        6.22797         10.0709        0.998452 
         6.2341         10.0707        0.995919 
        6.24024         10.0631        0.993392 
        6.24638          10.057        0.990875 
        6.25251         10.0579        0.988369 
        6.25865         10.0514         0.98587 
        6.26478          10.028         0.98338 
        6.27092         10.0254          0.9809 
        6.27705         10.0194        0.978428 
        6.28318         10.0127        0.975964 
