# k  (h/Mpc)    P(k)  (Mpc/h)^3    P_linear(k)  (Mpc/h)^3
     0.00783031         6815.56         6916.97 
       0.013688         8529.59         8501.83 
       0.019231         8615.21         8611.21 
      0.0249154         7870.31         7982.62 
      0.0312784         6899.15         6942.06 
      0.0375637         5945.15         5937.72 
      0.0433917         5133.84         5186.06 
      0.0492413         4619.76         4633.64 
      0.0555754          4141.4         4217.66 
      0.0619321         3925.78         3908.65 
       0.067871         3590.48         3646.87 
      0.0738098         3313.99          3367.7 
      0.0800417         2974.48         3044.54 
      0.0862327         2675.59         2710.97 
      0.0921407         2407.12         2410.61 
      0.0982031         2135.32         2147.05 
       0.104506         1970.45         1935.07 
       0.110769         1815.64         1784.76 
       0.116806         1699.29         1682.68 
       0.122832         1626.87         1603.45 
       0.129052         1523.59         1526.09 
       0.135211         1442.18         1440.67 
       0.141259         1365.88         1344.35 
       0.147318         1273.61         1239.88 
       0.153489         1161.47         1134.47 
       0.159709          1082.4         1038.94 
       0.165845         1024.37         961.389 
       0.171974          957.97         901.871 
       0.178125         913.239         857.297 
       0.184229         878.604         822.648 
        0.19034         825.643         791.458 
       0.196428         808.976         758.995 
       0.202534         780.939         722.548 
       0.208729         737.859         681.792 
       0.214876         694.526         639.874 
       0.220989         667.524         599.799 
       0.227147          628.51         563.735 
        0.23329         600.814         533.487 
       0.239377         585.097          509.13 
       0.245482         547.595         489.137 
       0.251667         541.588         471.585 
       0.257832         523.113         454.904 
       0.263955         504.902         437.816 
       0.270079         485.973         419.678 
        0.27624         477.495         400.608 
       0.282372         457.107         381.615 
        0.28843          441.93          363.73 
       0.294538         421.181         347.329 
       0.300721         416.608         332.744 
        0.30691         397.237         320.087 
       0.313033         388.395         309.068 
       0.319153         374.288          298.96 
       0.325316         364.606         289.141 
        0.33145         353.036         279.351 
       0.337538         347.908         269.483 
       0.343633         336.068         259.547 
       0.349808         325.138         249.656 
       0.355968         320.207         240.249 
       0.362074         312.172         231.571 
       0.368217         303.653         223.598 
       0.374374         292.943         216.312 
       0.380519          288.56         209.615 
       0.386598         281.273          203.38 
       0.392688         277.955         197.345 
        0.39888         270.439         191.324 
       0.405048          264.28         185.393 
       0.411186          258.54         179.575 
       0.417313          253.39         173.929 
       0.423458         248.286         168.495 
       0.429607         242.617         163.342 
       0.435692         235.627         158.557 
       0.441815         233.881         154.034 
       0.447964         229.567          149.74 
       0.454126          220.32         145.639 
       0.460267         217.809         141.698 
       0.466387         215.028         137.871 
        0.47254         210.409         134.114 
       0.478662          208.89         130.474 
       0.484765         202.669          126.95 
       0.490885         199.737          123.54 
       0.497035         196.954         120.255 
       0.503198           191.9         117.117 
       0.509342         189.419         114.127 
       0.515458         186.819         111.275 
       0.521598         183.957         108.522 
       0.527764         181.153         105.852 
       0.533884         178.458         103.282 
           0.54         175.631         100.783 
       0.546137         174.417         98.3437 
       0.552299         171.223         95.9691 
       0.558452         168.438         93.6771 
       0.564573         165.573         91.4753 
       0.570708         162.881         89.3454 
       0.576825         160.837         87.2966 
       0.582926         158.204         85.3252 
       0.589034          155.99         83.4177 
       0.595184         154.271         81.5575 
       0.601379         152.614         79.7394 
       0.607522         149.173         77.9861 
       0.613639         148.659         76.2888 
       0.619772         145.389         74.6361 
       0.625918         143.941         73.0292 
       0.632068         142.323         71.4707 
       0.638161         141.072         69.9737 
         0.6443         139.082         68.5107 
       0.650464         137.584         67.0855 
       0.656582         135.886         65.7119 
       0.662703         133.833         64.3768 
       0.668861         132.089         63.0715 
       0.675024         130.619         61.8015 
       0.681124         129.617         60.5792 
       0.687237         127.288         59.3874 
       0.693381         125.698         58.2217 
       0.699536         124.627         57.0851 
       0.705665          124.87         55.9838 
       0.711789          121.71         54.9129 
       0.717957         121.252         53.8629 
        0.72409         119.501         52.8469 
       0.730186         117.565         51.8637 
       0.736317          117.15         50.9006 
       0.742472         116.159         49.9588 
       0.748622         115.085         49.0418 
        0.75476         113.949           48.15 
       0.760888         112.344         47.2817 
       0.767043         111.529         46.4314 
       0.773185         110.311         45.6037 
       0.779291         109.072          44.801 
       0.785407         108.323         44.0165 
       0.791564           107.2          43.246 
       0.797719          105.65         42.4944 
       0.803834         105.202         41.7656 
       0.809972          103.66         41.0514 
       0.816124         103.301         40.3525 
       0.822261          102.29         39.6719 
       0.828378         101.356         39.0091 
       0.834502         100.672          38.361 
       0.840667         99.5063         37.7236 
       0.846816         98.4378         37.1025 
       0.852925         97.6556         36.4994 
       0.859047         96.4586         35.9085 
       0.865192         96.0522         35.3288 
       0.871341         95.2283         34.7616 
       0.877463         94.0368         34.2095 
       0.883569         93.4221         33.6709 
       0.889708         92.8366         33.1411 
       0.895864         92.0355         32.6214 
       0.902008         91.2737         32.1141 
       0.908149           90.72         31.6178 
       0.914301         89.7581         31.1314 
       0.920448         89.1718         30.6556 
       0.926574         88.4657         30.1915 
       0.932687         88.1267         29.7381 
       0.938823         86.7466         29.2923 
       0.944975         86.2302         28.8548 
       0.951105         85.5906         28.4278 
       0.957225         84.5523         28.0102 
       0.963368         84.2816         27.5996 
       0.969511         83.8653         27.1972 
       0.975621         83.3987         26.8051 
       0.981748         82.5634         26.4198 
       0.987916         81.8828         26.0396 
        0.99406         81.3913         25.6684 
        1.00019         80.5704         25.3052 
        1.00632         80.2084         24.9494 
        1.01246         79.4942         24.5999 
        1.01859         78.4557         24.2577 
        1.02471         78.7193         23.9224 
        1.03085         77.8323         23.5924 
        1.03698         77.2737         23.2693 
        1.04314         76.5244         22.9509 
        1.04929         76.1295         22.6392 
        1.05541         75.4686         22.3346 
        1.06154          75.271         22.0348 
        1.06769          74.715         21.7402 
        1.07382         74.3964         21.4519 
        1.07993         73.9259         21.1695 
        1.08607          73.256          20.891 
        1.09222         72.8826         20.6173 
        1.09836         72.3572         20.3488 
        1.10449         71.9021         20.0854 
        1.11063         71.3435         19.8264 
        1.11677         70.9298         19.5721 
         1.1229           70.39         19.3227 
        1.12903         69.5573         19.0775 
        1.13518         69.8176         18.8363 
        1.14131         69.3126         18.5994 
        1.14745         68.4618         18.3668 
        1.15359         68.2971         18.1381 
        1.15973         67.7651         17.9132 
        1.16584         67.3227         17.6931 
        1.17197         66.9289         17.4765 
        1.17811         66.5992         17.2628 
        1.18424         65.9797         17.0533 
        1.19038         65.6579         16.8467 
        1.19652         65.4166         16.6436 
        1.20267         64.8654         16.4439 
        1.20881         64.5354         16.2475 
        1.21495         64.0102         16.0546 
        1.22108         63.6779         15.8649 
         1.2272         63.1237         15.6787 
        1.23334         62.8932         15.4951 
        1.23949         62.6908          15.314 
        1.24562         62.2677         15.1363 
        1.25174         61.9567         14.9617 
        1.25789         61.6298         14.7893 
        1.26402         61.1644           14.62 
        1.27014         60.5999         14.4537 
        1.27628         60.4748         14.2895 
        1.28244         59.9569         14.1275 
        1.28858         59.7204         13.9683 
        1.29471          59.518         13.8119 
        1.30084         59.1285          13.658 
        1.30697         58.6993         13.5063 
        1.31312         58.3267         13.3566 
        1.31925         58.2068         13.2097 
        1.32537         57.8804         13.0651 
        1.33151         57.3396         12.9222 
        1.33765         57.1816         12.7815 
        1.34378         56.8192         12.6432 
        1.34992         56.4211         12.5069 
        1.35606         56.1227         12.3722 
         1.3622         55.7459         12.2398 
        1.36833         55.5603         12.1097 
        1.37445         55.3489         11.9815 
        1.38059         54.9363         11.8548 
        1.38675         54.6141         11.7296 
        1.39288         54.3481         11.6067 
        1.39901         54.1136         11.4856 
        1.40515         53.8143          11.366 
         1.4113         53.5994         11.2482 
        1.41742         53.2729         11.1325 
        1.42355         52.9323         11.0181 
         1.4297         52.6668         10.9051 
        1.43585         52.4228         10.7937 
        1.44198         52.1636         10.6842 
        1.44809         51.9119         10.5765 
        1.45423         51.6973         10.4699 
        1.46036         51.4183          10.365 
        1.46649         51.0988         10.2614 
        1.47263         50.8098         10.1592 
        1.47877         50.6751         10.0584 
        1.48491         50.4942         9.95882 
        1.49104         50.0737         9.86081 
        1.49718         49.6588         9.76405 
        1.50333         49.5707         9.66843 
        1.50947         49.3288         9.57428 
         1.5156         49.0336         9.48154 
        1.52172         48.8434         9.39002 
        1.52787         48.7468         9.29953 
          1.534         48.3997         9.21034 
        1.54013          48.118         9.12241 
        1.54627         47.9601         9.03548 
        1.55241          47.639         8.94966 
        1.55855         47.3628         8.86508 
        1.56467         46.9953         8.78182 
         1.5708         47.0236          8.6994 
        1.57695          46.719         8.61791 
        1.58308         46.5261         8.53766 
        1.58922         46.4638         8.45837 
        1.59535         46.1655         8.38011 
         1.6015         45.7861         8.30274 
        1.60764         45.6501         8.22638 
        1.61376         45.4279          8.1512 
        1.61989         45.0715         8.07689 
        1.62604         45.0147         8.00334 
        1.63218          44.839         7.93076 
        1.63831          44.582         7.85924 
        1.64444         44.3723         7.78858 
        1.65059          44.024         7.71862 
        1.65673         43.8566          7.6496 
        1.66285         43.6804         7.58161 
        1.66898         43.4275         7.51443 
        1.67512         43.2388         7.44793 
        1.68127         42.9776         7.38218 
         1.6874         42.8965         7.31736 
        1.69353         42.6021         7.25337 
        1.69967          42.425         7.18999 
        1.70581          42.359         7.12739 
        1.71193         42.0843         7.06577 
        1.71806         41.7748         7.00475 
        1.72421         41.6228         6.94433 
        1.73035         41.4036          6.8847 
        1.73649         41.1538         6.82577 
        1.74262         41.0666         6.76759 
        1.74876         40.9923         6.71004 
        1.75489          40.681         6.65328 
        1.76101         40.5094          6.5972 
        1.76715         40.3154         6.54168 
        1.77329         40.1072         6.48674 
        1.77943         39.9861          6.4324 
        1.78557         39.7935         6.37877 
        1.79171         39.5458         6.32573 
        1.79785         39.3666         6.27329 
        1.80399         39.2515         6.22146 
        1.81012         39.0954         6.17028 
        1.81625         38.7764          6.1197 
        1.82239         38.6887         6.06961 
        1.82853         38.3922          6.0201 
        1.83466         38.3269         5.97119 
        1.84078         38.0168         5.92288 
        1.84692         37.9227         5.87502 
        1.85306         37.7413         5.82763 
         1.8592         37.5632         5.78084 
        1.86533         37.3785         5.73459 
        1.87147         37.2637          5.6888 
        1.87761          37.149         5.64348 
        1.88375         36.9287         5.59871 
        1.88988         36.8616         5.55447 
        1.89601         36.5981         5.51069 
        1.90215         36.4789         5.46734 
        1.90829         36.3894         5.42448 
        1.91442         36.1344         5.38208 
        1.92056         36.0398         5.34017 
         1.9267          35.749         5.29866 
        1.93284           35.58         5.25756 
        1.93897         35.5236         5.21698 
        1.94509         35.3011         5.17692 
        1.95123         35.1898         5.13717 
        1.95737         34.9815         5.09781 
        1.96349          34.842         5.05897 
        1.96964         34.6669         5.02042 
        1.97578         34.5769         4.98225 
        1.98192         34.3635         4.94456 
        1.98805         34.2567         4.90725 
        1.99419         34.0215         4.87032 
        2.00033         33.8865         4.83376 
        2.00647         33.7679         4.79758 
         2.0126         33.6108         4.76183 
        2.01874         33.5005         4.72639 
        2.02488         33.4136         4.69129 
        2.03101         33.1599          4.6566 
        2.03714         33.0247          4.6223 
        2.04328         32.8619          4.5883 
        2.04941         32.7587         4.55467 
        2.05554         32.5705          4.5214 
        2.06167         32.4718         4.48842 
        2.06781         32.3147         4.45577 
        2.07396         32.1642         4.42339 
        2.08009         32.0665         4.39139 
        2.08622         31.8991         4.35974 
        2.09237         31.7465         4.32835 
        2.09851         31.5858         4.29725 
        2.10464         31.5349         4.26651 
        2.11077         31.3137         4.23611 
        2.11691          31.227         4.20594 
        2.12305         31.0769         4.17606 
        2.12918         31.0397         4.14654 
        2.13531          30.844         4.11731 
        2.14145         30.7697         4.08829 
         2.1476         30.5445         4.05951 
        2.15372         30.4049         4.03116 
        2.15985         30.3049         4.00304 
        2.16599         30.2411         3.97512 
        2.17213         30.1386         3.94749 
        2.17827         29.8593         3.92013 
         2.1844         29.7673         3.89305 
        2.19054         29.6323         3.86623 
        2.19666         29.5327         3.83969 
         2.2028         29.4288         3.81337 
        2.20893         29.3299         3.78729 
        2.21508         29.1851         3.76143 
        2.22122         28.9961         3.73579 
        2.22736         28.9402         3.71045 
        2.23349         28.8096         3.68535 
        2.23962         28.6654         3.66047 
        2.24577         28.5153         3.63579 
         2.2519         28.4416         3.61138 
        2.25802         28.3058         3.58723 
        2.26417         28.2148         3.56323 
        2.27031         28.1221         3.53943 
        2.27644         27.9451         3.51592 
        2.28257         27.8449         3.49262 
        2.28872         27.7098         3.46949 
        2.29486         27.6482         3.44657 
        2.30099         27.5227         3.42391 
        2.30712         27.4295         3.40144 
        2.31326         27.3327         3.37913 
         2.3194         27.1906         3.35703 
        2.32553         27.0449         3.33517 
        2.33166         26.9195         3.31352 
         2.3378         26.8165         3.29202 
        2.34394         26.6948         3.27071 
        2.35007         26.5808         3.24962 
        2.35619         26.5225         3.22874 
        2.36233         26.4417         3.20799 
        2.36848         26.2343         3.18739 
        2.37462         26.1604           3.167 
        2.38075         26.0631         3.14682 
        2.38689          25.989         3.12679 
        2.39303         25.8312         3.10694 
        2.39916         25.7026         3.08729 
        2.40529         25.5981          3.0678 
        2.41143         25.5141         3.04847 
        2.41757         25.4136          3.0293 
         2.4237          25.293         3.01032 
        2.42983         25.2033         2.99151 
        2.43598         25.1053         2.97281 
        2.44211         24.9917         2.95431 
        2.44823         24.8502           2.936 
        2.45437         24.7951         2.91779 
        2.46052         24.6878         2.89973 
        2.46665         24.6123         2.88184 
        2.47279         24.4864         2.86412 
        2.47892         24.3731         2.84653 
        2.48507         24.2847         2.82908 
         2.4912         24.2249          2.8118 
        2.49733         24.0887         2.79468 
        2.50347         24.0078         2.77766 
        2.50961         23.9113         2.76079 
        2.51575          23.821         2.74407 
        2.52188         23.7038         2.72751 
        2.52802          23.653         2.71106 
        2.53416         23.5336         2.69475 
        2.54029         23.3748          2.6786 
        2.54641         23.3273         2.66258 
        2.55255          23.251         2.64668 
        2.55869         23.1117         2.63089 
        2.56483         23.0422         2.61524 
        2.57096         22.9766         2.59974 
        2.57709         22.8574         2.58436 
        2.58323         22.7092         2.56909 
        2.58937         22.6544         2.55394 
        2.59551         22.5746         2.53892 
        2.60164          22.488         2.52403 
        2.60778         22.4105         2.50925 
        2.61392         22.3189         2.49458 
        2.62006         22.2198         2.48004 
        2.62619         22.1382         2.46563 
        2.63232         22.0159         2.45133 
        2.63846          21.944         2.43713 
        2.64459         21.8895         2.42306 
        2.65072         21.8028          2.4091 
        2.65686         21.7058         2.39525 
          2.663         21.6076         2.38148 
        2.66915         21.4971         2.36783 
        2.67527          21.428         2.35431 
        2.68141         21.3793         2.34089 
        2.68755         21.2389         2.32756 
        2.69368         21.1513         2.31435 
        2.69981         21.0751         2.30125 
        2.70595         21.0153         2.28823 
        2.71209         20.8951          2.2753 
        2.71823         20.8247          2.2625 
        2.72436         20.7822          2.2498 
         2.7305         20.6659         2.23718 
        2.73663         20.6069         2.22467 
        2.74276         20.4768         2.21226 
         2.7489         20.4616         2.19994 
        2.75504         20.3562          2.1877 
        2.76118          20.271         2.17554 
        2.76732         20.1973          2.1635 
        2.77345         20.1028         2.15155 
        2.77959         20.0271         2.13969 
        2.78572         19.9588         2.12792 
        2.79186         19.8825         2.11625 
        2.79798         19.8033         2.10467 
        2.80412         19.7215         2.09316 
        2.81027         19.6293         2.08172 
         2.8164         19.5684         2.07039 
        2.82253         19.5094         2.05914 
        2.82867         19.4096         2.04798 
        2.83481         19.3237         2.03689 
        2.84095         19.2477         2.02588 
        2.84708         19.2159         2.01497 
        2.85322         19.0883         2.00413 
        2.85935         19.0552         1.99337 
        2.86549          18.991         1.98269 
        2.87162         18.8879          1.9721 
        2.87776         18.8395         1.96158 
        2.88389         18.7224         1.95113 
        2.89003         18.6452         1.94076 
        2.89617         18.6053         1.93046 
        2.90231          18.532         1.92024 
        2.90844         18.4685          1.9101 
        2.91458         18.3857         1.90003 
        2.92071         18.3179         1.89004 
        2.92684         18.2354         1.88012 
        2.93298         18.1629         1.87027 
         2.9391         18.1201          1.8605 
        2.94524         18.0292         1.85079 
        2.95138         17.9733         1.84115 
        2.95752         17.8925         1.83156 
        2.96367         17.8243         1.82204 
         2.9698         17.7679         1.81261 
        2.97594         17.7008         1.80323 
        2.98207         17.6587         1.79393 
        2.98821         17.5497         1.78469 
        2.99434         17.4818         1.77553 
        3.00048           17.44         1.76642 
        3.00662         17.3924         1.75737 
        3.01275         17.2864         1.74839 
        3.01888         17.2344         1.73948 
        3.02503          17.148         1.73062 
        3.03117          17.089         1.72182 
        3.03729         17.0352          1.7131 
        3.04342          16.961         1.70444 
        3.04957         16.9175         1.69582 
         3.0557         16.8386         1.68726 
        3.06183         16.7803         1.67879 
        3.06796         16.7209         1.67036 
        3.07411          16.642         1.66197 
        3.08025         16.5793         1.65366 
        3.08637         16.5197         1.64541 
         3.0925         16.4267         1.63721 
        3.09865         16.3864         1.62905 
         3.1048         16.3116         1.62095 
        3.11093         16.2632         1.61292 
        3.11706         16.2155         1.60494 
         3.1232          16.142         1.59701 
        3.12933         16.0913         1.58914 
        3.13547         16.0371         1.58132 
        3.14159         15.9733         1.57357 
        3.14773         15.9062         1.56585 
        3.15388         15.8531         1.55817 
        3.16001          15.788         1.55057 
        3.16614         15.7087         1.54301 
        3.17228         15.6797          1.5355 
        3.17842         15.6238         1.52804 
        3.18455         15.5498         1.52064 
        3.19068         15.5043         1.51328 
        3.19682         15.4446         1.50596 
        3.20297         15.3845         1.49869 
         3.2091         15.3496         1.49148 
        3.21524         15.2906         1.48431 
        3.22138         15.2063         1.47719 
         3.2275         15.1681         1.47013 
        3.23363         15.1062         1.46311 
        3.23977         15.0526         1.45613 
        3.24591         15.0095         1.44919 
        3.25205          14.907          1.4423 
        3.25818         14.8598         1.43545 
        3.26432         14.8231         1.42865 
        3.27046         14.7599          1.4219 
         3.2766         14.7059         1.41518 
        3.28273         14.6597         1.40852 
        3.28887         14.5978         1.40189 
          3.295         14.5607         1.39531 
        3.30113         14.4923         1.38877 
        3.30727         14.4623         1.38227 
        3.31341         14.4078         1.37582 
        3.31954         14.3233         1.36941 
        3.32568         14.2822         1.36303 
        3.33182          14.237          1.3567 
        3.33795         14.1839         1.35041 
        3.34409         14.1292         1.34415 
        3.35022         14.0755         1.33794 
        3.35636         14.0251         1.33177 
         3.3625         13.9749         1.32563 
        3.36864          13.917         1.31954 
        3.37477          13.883         1.31348 
        3.38091         13.8304         1.30746 
        3.38704         13.7756         1.30149 
        3.39318         13.7246         1.29554 
        3.39931         13.6678         1.28963 
        3.40545         13.6152         1.28377 
        3.41158         13.5678         1.27793 
        3.41772         13.5336         1.27214 
        3.42385         13.4793         1.26638 
        3.42998         13.4165         1.26066 
        3.43612          13.373         1.25498 
        3.44226         13.3369         1.24932 
         3.4484         13.2903         1.24369 
        3.45453          13.227         1.23811 
        3.46066         13.1872         1.23257 
        3.46681          13.133         1.22705 
        3.47295         13.0986         1.22156 
        3.47908         13.0578         1.21612 
        3.48521         13.0074         1.21071 
        3.49135         12.9433         1.20532 
        3.49749          12.913         1.19997 
        3.50362         12.8582         1.19466 
        3.50976         12.8123         1.18938 
        3.51589         12.7567         1.18413 
        3.52203         12.7157         1.17891 
        3.52816         12.6593         1.17373 
        3.53429         12.6253         1.16857 
        3.54043         12.5869         1.16344 
        3.54657         12.5429         1.15834 
        3.55271          12.504         1.15328 
        3.55884         12.4491         1.14825 
        3.56498         12.3931         1.14324 
        3.57112         12.3596         1.13826 
        3.57725         12.3295         1.13332 
        3.58338         12.2753         1.12841 
        3.58952         12.2138         1.12353 
        3.59566         12.1822         1.11866 
         3.6018          12.135         1.11384 
        3.60793         12.1041         1.10904 
        3.61407         12.0655         1.10427 
        3.62021          12.015         1.09953 
        3.62634         11.9749         1.09481 
        3.63247         11.9419         1.09013 
        3.63861         11.8919         1.08547 
        3.64475         11.8539         1.08083 
        3.65089         11.8082         1.07623 
        3.65702         11.7603         1.07166 
        3.66316          11.714          1.0671 
        3.66929         11.6827         1.06258 
        3.67543         11.6387         1.05808 
        3.68156         11.6103         1.05361 
        3.68769         11.5625         1.04917 
        3.69383         11.5255         1.04475 
        3.69997           11.48         1.04035 
        3.70611         11.4244         1.03598 
        3.71224         11.4009         1.03164 
        3.71838         11.3577         1.02731 
        3.72451         11.3223         1.02302 
        3.73065         11.2875         1.01876 
        3.73678         11.2439         1.01451 
        3.74292         11.2013         1.01029 
        3.74906         11.1586         1.00609 
        3.75519         11.1242         1.00192 
        3.76133         11.0899        0.997766 
        3.76746         11.0377        0.993642 
         3.7736         11.0232        0.989542 
        3.77974         10.9821        0.985461 
        3.78588         10.9354        0.981402 
        3.79201         10.9018         0.97737 
        3.79814         10.8626        0.973362 
        3.80428         10.8432        0.969374 
        3.81042         10.7866        0.965406 
        3.81655         10.7575        0.961463 
        3.82268         10.7079        0.957546 
        3.82882         10.6863        0.953648 
        3.83496         10.6465        0.949768 
        3.84109         10.6003        0.945912 
        3.84723         10.5684        0.942079 
        3.85337         10.5281        0.938262 
        3.85951         10.4914        0.934466 
        3.86565         10.4653        0.930696 
        3.87178         10.4264         0.92695 
        3.87791         10.3853        0.923222 
        3.88405         10.3553        0.919512 
        3.89019         10.3279        0.915824 
        3.89632         10.2795        0.912157 
        3.90246         10.2457        0.908508 
         3.9086          10.211        0.904879 
        3.91473         10.1887        0.901274 
        3.92086         10.1465        0.897691 
        3.92699         10.1082        0.894122 
        3.93313         10.0815         0.89057 
        3.93927         10.0457        0.887042 
         3.9454         10.0085        0.883532 
        3.95154         9.97847        0.880038 
        3.95768         9.95437        0.876564 
        3.96382         9.91277         0.87311 
        3.96995         9.87421        0.869674 
        3.97609         9.83987        0.866258 
        3.98222         9.81039        0.862862 
        3.98836         9.77264        0.859482 
         3.9945         9.74328         0.85612 
        4.00063         9.71493        0.852777 
        4.00677         9.68341        0.849449 
        4.01291         9.66112        0.846139 
        4.01904         9.61731        0.842853 
        4.02517         9.58571        0.839584 
        4.03131         9.55066        0.836325 
        4.03745         9.50964        0.833084 
        4.04358         9.48497        0.829865 
        4.04972         9.46491        0.826662 
        4.05585         9.42399        0.823475 
        4.06199         9.39279        0.820304 
        4.06812         9.36678        0.817152 
        4.07426         9.33557        0.814016 
         4.0804         9.30232        0.810893 
        4.08654         9.27315        0.807787 
        4.09267         9.24043        0.804702 
         4.0988         9.20973        0.801635 
        4.10494         9.18183         0.79858 
        4.11108          9.1515        0.795538 
        4.11721         9.11372        0.792516 
        4.12334         9.08833         0.78951 
        4.12948          9.0539        0.786519 
        4.13561         9.02884        0.783542 
        4.14176         9.00277        0.780578 
        4.14789         8.97143        0.777631 
        4.15403         8.94134        0.774702 
        4.16016         8.91671        0.771786 
         4.1663         8.89309        0.768886 
        4.17243         8.85886        0.766003 
        4.17857         8.82977        0.763132 
        4.18471         8.79096        0.760275 
        4.19084          8.7773        0.757434 
        4.19698         8.73268        0.754608 
        4.20312         8.71995        0.751795 
        4.20925         8.68195        0.748998 
        4.21538         8.64893        0.746217 
        4.22152         8.63058        0.743447 
        4.22766          8.6002         0.74069 
         4.2338         8.57735         0.73795 
        4.23993         8.55534        0.735223 
        4.24607         8.52142         0.73251 
         4.2522         8.48334         0.72981 
        4.25834         8.45276        0.727124 
        4.26447         8.44076        0.724453 
        4.27061         8.40688        0.721796 
        4.27674          8.3834         0.71915 
        4.28288          8.3647        0.716516 
        4.28902         8.33199        0.713897 
        4.29515         8.30016        0.711292 
        4.30129         8.27473        0.708699 
        4.30743         8.25038        0.706118 
        4.31356         8.22304         0.70355 
        4.31969         8.19924        0.700999 
        4.32583         8.17689        0.698459 
        4.33197         8.14731        0.695927 
         4.3381         8.10826         0.69341 
        4.34424         8.09263        0.690908 
        4.35038          8.0775        0.688413 
        4.35652         8.04566        0.685933 
        4.36265          8.0251        0.683468 
        4.36878          7.9809        0.681014 
        4.37492         7.96123         0.67857 
        4.38106         7.95034        0.676137 
        4.38719          7.9282        0.673721 
        4.39333         7.90207        0.671316 
        4.39946         7.86215        0.668921 
         4.4056         7.84229        0.666537 
        4.41173         7.81246        0.664165 
        4.41786         7.79624        0.661808 
          4.424         7.78309        0.659459 
        4.43014         7.74421        0.657119 
        4.43628         7.71814        0.654792 
        4.44241         7.70501        0.652478 
        4.44855         7.67577        0.650174 
        4.45469         7.64864         0.64788 
        4.46083         7.63512          0.6456 
        4.46696         7.60395        0.643332 
        4.47309         7.57366        0.641072 
        4.47923         7.55718        0.638822 
        4.48537         7.53234        0.636586 
         4.4915         7.51428        0.634359 
        4.49764         7.48262        0.632142 
        4.50378         7.46518        0.629935 
        4.50991         7.43704        0.627743 
        4.51604         7.41198         0.62556 
        4.52218         7.39191        0.623383 
        4.52832         7.36797         0.62122 
        4.53445         7.35592        0.619068 
        4.54059         7.32691        0.616925 
        4.54673          7.3026        0.614791 
        4.55286         7.28272        0.612667 
          4.559         7.25656        0.610555 
        4.56513         7.23912        0.608453 
        4.57127         7.21974         0.60636 
        4.57741          7.1987        0.604276 
        4.58354         7.17756        0.602203 
        4.58968         7.16159         0.60014 
        4.59582         7.12825        0.598084 
        4.60195         7.11035        0.596041 
        4.60809         7.08299        0.594007 
        4.61422         7.06286        0.591982 
        4.62036         7.04369        0.589967 
        4.62649         7.02456         0.58796 
        4.63263         7.00861        0.585964 
        4.63876         6.98846        0.583976 
         4.6449         6.95757        0.581997 
        4.65104         6.94042        0.580027 
        4.65717          6.9186        0.578068 
        4.66331         6.89747        0.576117 
        4.66944         6.87317        0.574175 
        4.67558         6.86381        0.572244 
        4.68171         6.83991        0.570319 
        4.68785         6.82367        0.568402 
        4.69399         6.79603        0.566496 
        4.70012         6.77712          0.5646 
        4.70625         6.75308        0.562711 
        4.71239         6.74113         0.56083 
        4.71853         6.72417        0.558958 
        4.72467         6.69274        0.557094 
         4.7308         6.67551         0.55524 
        4.73694         6.66156        0.553394 
        4.74308         6.64529        0.551556 
        4.74922         6.62199        0.549725 
        4.75535         6.60934        0.547905 
        4.76148         6.58277        0.546094 
        4.76762         6.56626        0.544288 
        4.77376         6.53759        0.542491 
        4.77989         6.52643        0.540704 
        4.78602         6.50772        0.538925 
        4.79216          6.4882        0.537151 
         4.7983         6.47689        0.535387 
        4.80443         6.45632        0.533633 
        4.81056         6.43112        0.531885 
         4.8167         6.40863        0.530143 
        4.82284         6.39329        0.528409 
        4.82898          6.3858        0.526685 
        4.83511         6.36589        0.524968 
        4.84125         6.34727        0.523258 
        4.84739         6.32995        0.521556 
        4.85352         6.30825        0.519863 
        4.85965         6.29075        0.518176 
        4.86579         6.27629        0.516497 
        4.87193           6.258        0.514824 
        4.87807         6.23587         0.51316 
         4.8842         6.22301        0.511503 
        4.89034         6.19873        0.509853 
        4.89647         6.18293         0.50821 
        4.90261         6.17093        0.506575 
        4.90874         6.14758        0.504949 
        4.91488         6.13398        0.503328 
        4.92102         6.11404        0.501713 
        4.92715         6.10285        0.500107 
        4.93329         6.08885        0.498508 
        4.93942         6.06969        0.496915 
        4.94556         6.05101        0.495329 
         4.9517         6.02893         0.49375 
        4.95783         6.01274        0.492178 
        4.96397         6.00494        0.490613 
        4.97011         5.98831        0.489055 
        4.97624         5.97116        0.487504 
        4.98238         5.95438         0.48596 
        4.98851         5.93398        0.484422 
        4.99465         5.91787        0.482891 
        5.00078         5.90553        0.481367 
        5.00691         5.89316         0.47985 
        5.01305         5.87143        0.478338 
        5.01919          5.8578        0.476832 
        5.02533         5.84023        0.475333 
        5.03146         5.82598        0.473842 
         5.0376         5.81278        0.472357 
        5.04374         5.79629        0.470877 
        5.04987          5.7814        0.469404 
        5.05601         5.76782        0.467938 
        5.06215          5.7531        0.466477 
        5.06829         5.73549        0.465022 
        5.07442         5.72517        0.463575 
        5.08055           5.702        0.462135 
        5.08668         5.69132        0.460699 
        5.09282         5.67706        0.459269 
        5.09896         5.65897        0.457846 
        5.10509         5.64841         0.45643 
        5.11123         5.63209        0.455018 
        5.11736         5.61786        0.453613 
         5.1235         5.60366        0.452213 
        5.12964         5.58824         0.45082 
        5.13577         5.57668        0.449432 
        5.14191         5.56406         0.44805 
        5.14804          5.5471        0.446675 
        5.15418         5.53347        0.445305 
        5.16032         5.51957        0.443941 
        5.16645         5.50617        0.442582 
        5.17259         5.49499        0.441229 
        5.17872         5.47765        0.439882 
        5.18486         5.46615         0.43854 
          5.191         5.45097        0.437203 
        5.19713         5.43734        0.435874 
        5.20327           5.422        0.434549 
        5.20941          5.4085        0.433229 
        5.21555          5.3991        0.431914 
        5.22168         5.38847        0.430606 
        5.22781         5.36546        0.429304 
        5.23395         5.35862        0.428007 
        5.24009         5.34415        0.426714 
        5.24622         5.33088        0.425427 
        5.25236         5.31758        0.424146 
         5.2585         5.30466        0.422869 
        5.26463         5.28908        0.421598 
        5.27077         5.28061        0.420332 
         5.2769         5.27131        0.419072 
        5.28304         5.25608        0.417817 
        5.28917         5.24777        0.416567 
         5.2953         5.23378        0.415323 
        5.30144         5.21926        0.414083 
        5.30757         5.20933        0.412848 
        5.31371         5.19664        0.411618 
        5.31985         5.18375        0.410393 
        5.32599         5.17194        0.409172 
        5.33213          5.1555        0.407957 
        5.33826         5.14692        0.406747 
         5.3444         5.13912        0.405542 
        5.35053         5.12263        0.404342 
        5.35667         5.11567        0.403146 
        5.36281         5.10019        0.401955 
        5.36894         5.08733         0.40077 
        5.37507         5.07875         0.39959 
        5.38121         5.06201        0.398413 
        5.38735         5.05565        0.397241 
        5.39348         5.04445        0.396076 
        5.39961         5.03653        0.394914 
        5.40575         5.02432        0.393757 
        5.41189         5.01426        0.392603 
        5.41803         5.00152        0.391455 
        5.42416         4.98794        0.390312 
         5.4303         4.98508        0.389173 
        5.43644         4.97212        0.388038 
        5.44257         4.96156        0.386909 
        5.44871         4.94941        0.385783 
        5.45484         4.93613        0.384663 
        5.46098         4.92892        0.383546 
        5.46712         4.91594        0.382434 
        5.47325         4.90798        0.381326 
        5.47938         4.89679        0.380224 
        5.48552         4.88838        0.379126 
        5.49165         4.87469        0.378032 
        5.49779         4.86389        0.376942 
        5.50393         4.85885        0.375855 
        5.51006         4.84523        0.374773 
         5.5162         4.83798        0.373696 
        5.52234         4.82497        0.372623 
        5.52847         4.81866        0.371554 
        5.53461         4.80591        0.370489 
        5.54075         4.79748        0.369429 
        5.54688         4.78976        0.368373 
        5.55302         4.77848        0.367321 
        5.55915         4.77007        0.366273 
        5.56529         4.75867        0.365229 
        5.57143         4.75472        0.364189 
        5.57756         4.74492        0.363153 
         5.5837         4.73595        0.362122 
        5.58983          4.7268        0.361094 
        5.59597         4.71521        0.360071 
         5.6021         4.70786        0.359051 
        5.60824         4.69998        0.358035 
        5.61438         4.69429        0.357023 
        5.62051         4.68428        0.356015 
        5.62665         4.67468        0.355011 
        5.63278         4.66748        0.354011 
        5.63892         4.65847        0.353015 
        5.64505          4.6498        0.352022 
        5.65119         4.63933        0.351034 
        5.65733         4.63536        0.350049 
        5.66346         4.62348        0.349068 
         5.6696         4.61623         0.34809 
        5.67573         4.60846        0.347117 
        5.68187         4.60252        0.346147 
          5.688         4.59271        0.345181 
        5.69414         4.58736        0.344219 
        5.70028         4.57949         0.34326 
        5.70642         4.57389        0.342304 
        5.71255         4.56313        0.341353 
        5.71869           4.558        0.340405 
        5.72482         4.55252        0.339461 
        5.73096         4.54475         0.33852 
        5.73709         4.53673        0.337584 
        5.74322         4.52937        0.336651 
        5.74936         4.52241         0.33572 
         5.7555         4.51694        0.334793 
        5.76164         4.50596         0.33387 
        5.76777         4.50062        0.332951 
        5.77391          4.4928        0.332035 
        5.78005         4.48751        0.331121 
        5.78618         4.47823        0.330213 
        5.79231          4.4754        0.329308 
        5.79845         4.46767        0.328405 
        5.80459         4.45865        0.327505 
        5.81073         4.45542         0.32661 
        5.81686         4.44662        0.325718 
          5.823         4.44128        0.324829 
        5.82914         4.43596        0.323943 
        5.83527         4.43047        0.323061 
         5.8414         4.42297        0.322182 
        5.84754          4.4184        0.321306 
        5.85368          4.4131        0.320433 
        5.85981         4.40235        0.319564 
        5.86595         4.40017        0.318699 
        5.87208         4.39537        0.317836 
        5.87822         4.39059        0.316977 
        5.88435         4.38622        0.316121 
        5.89049         4.37972        0.315267 
        5.89662         4.37471        0.314417 
        5.90276         4.36851         0.31357 
         5.9089         4.36292        0.312725 
        5.91503         4.35942        0.311885 
        5.92117         4.35435        0.311048 
        5.92731         4.34765        0.310213 
        5.93344         4.34469        0.309381 
        5.93958         4.33443        0.308553 
        5.94572         4.33265        0.307727 
        5.95186         4.33038        0.306904 
        5.95799         4.32676        0.306086 
        5.96412         4.32193        0.305269 
        5.97026         4.31467        0.304456 
         5.9764         4.30974        0.303645 
        5.98253         4.30691        0.302839 
        5.98866         4.30544        0.302034 
         5.9948         4.29664        0.301232 
        6.00094         4.29643        0.300433 
        6.00707         4.28894        0.299638 
        6.01321         4.28743        0.298845 
        6.01935         4.28388        0.298055 
        6.02548         4.27837        0.297267 
        6.03162         4.27597        0.296483 
        6.03775         4.27626        0.295702 
        6.04389         4.26945        0.294923 
        6.05003         4.26655        0.294147 
        6.05617         4.26154        0.293373 
         6.0623           4.263        0.292603 
        6.06844         4.25683        0.291836 
        6.07457         4.25224        0.291071 
         6.0807         4.24713        0.290309 
        6.08684         4.24745        0.289551 
        6.09298         4.24504        0.288794 
        6.09912         4.23925        0.288039 
        6.10525         4.23608        0.287288 
        6.11138         4.23712         0.28654 
        6.11752         4.23426        0.285794 
        6.12366         4.23247        0.285051 
        6.12979         4.23272        0.284311 
        6.13593         4.22735        0.283573 
        6.14207         4.22527        0.282837 
         6.1482          4.2237        0.282104 
        6.15434         4.22331        0.281375 
        6.16047           4.218        0.280647 
        6.16661         4.21864        0.279922 
        6.17274         4.21611          0.2792 
        6.17887         4.21469        0.278481 
        6.18501         4.21228        0.277763 
        6.19115         4.21441        0.277048 
        6.19729         4.20875        0.276336 
        6.20342         4.21062        0.275626 
        6.20956         4.20899        0.274919 
         6.2157         4.20635        0.274214 
        6.22183         4.20505        0.273511 
        6.22797         4.20605        0.272812 
         6.2341         4.20152        0.272115 
        6.24024         4.20405        0.271419 
        6.24638         4.20158        0.270727 
        6.25251         4.20166        0.270037 
        6.25865         4.20246        0.269349 
        6.26478         4.19975        0.268664 
        6.27092         4.20356        0.267981 
        6.27705         4.20045        0.267301 
        6.28318         4.20198        0.266623 
