# k  (h/Mpc)    Pcb(k)  (Mpc/h)^3    Pcb_linear(k)  (Mpc/h)^3
     0.00783031         8465.84         8575.19 
       0.013688         10188.2         10134.8 
       0.019231         9833.85         9810.14 
      0.0249154         8519.65         8632.09 
      0.0312784         7037.02         7064.37 
      0.0375637         5752.49         5723.93 
      0.0433917         4791.82         4820.76 
      0.0492413         4233.63         4228.21 
      0.0555754         3781.58         3839.39 
      0.0619321         3610.33         3580.45 
       0.067871         3310.21         3353.11 
      0.0738098            3043         3081.72 
      0.0800417         2691.27          2741.1 
      0.0862327         2365.45         2380.04 
      0.0921407         2078.56         2060.05 
      0.0982031         1802.86          1792.4 
       0.104506         1645.98         1594.37 
       0.110769          1515.9         1471.05 
       0.116806         1430.66         1400.17 
       0.122832         1381.88          1350.2 
       0.129052         1301.53         1295.52 
       0.135211         1231.62         1222.77 
       0.141259         1158.71         1130.97 
       0.147318         1067.18         1027.27 
       0.153489         959.647         923.339 
       0.159709         883.991         832.946 
       0.165845         829.892         764.664 
       0.171974         776.353         717.464 
       0.178125         743.288         686.437 
       0.184229          717.65         664.452 
        0.19034         677.172         643.666 
       0.196428          663.57         618.647 
       0.202534           639.3         587.051 
       0.208729         600.318         549.624 
       0.214876         562.028         510.739 
       0.220989         535.301         474.393 
       0.227147         503.746         443.174 
        0.23329         480.128         418.658 
       0.239377         467.212         400.371 
       0.245482         437.243         386.284 
       0.251667         433.108         374.011 
       0.257832         418.696          361.64 
       0.263955         403.655         347.932 
       0.270079         386.999         332.512 
        0.27624         379.142         315.913 
       0.282372         363.079         299.434 
        0.28843         349.377         284.267 
       0.294538         332.364         270.867 
       0.300721         328.041         259.442 
        0.30691         312.782         249.919 
       0.313033         305.701         241.767 
       0.319153         294.055         234.215 
       0.325316         286.863         226.614 
        0.33145         277.006         218.762 
       0.337538         272.449          210.63 
       0.343633         262.796         202.383 
       0.349808          253.84          194.22 
       0.355968         249.516         186.588 
       0.362074         243.095          179.71 
       0.368217         236.197         173.521 
       0.374374         227.676         167.963 
       0.380519         224.275         162.863 
       0.386598         218.388         158.074 
       0.392688         215.289         153.366 
        0.39888         209.591         148.582 
       0.405048         204.315          143.83 
       0.411186         199.811         139.155 
       0.417313          195.51         134.637 
       0.423458         191.264          130.34 
       0.429607         186.913         126.311 
       0.435692         181.152           122.6 
       0.441815         179.649         119.119 
       0.447964         176.195         115.814 
       0.454126         168.942         112.636 
       0.460267         166.918         109.562 
       0.466387         164.637         106.562 
        0.47254          160.92         103.601 
       0.478662         159.802         100.729 
       0.484765         154.639         97.9635 
       0.490885          152.29         95.3018 
       0.497035         150.165         92.7477 
       0.503198         146.214         90.3167 
       0.509342         144.026         88.0097 
       0.515458         141.902         85.8092 
       0.521598         139.462         83.6767 
       0.527764         137.564         81.6011 
       0.533884           135.5         79.6002 
           0.54          133.03         77.6552 
       0.546137          131.91         75.7561 
       0.552299         129.521          73.908 
       0.558452         127.237         72.1277 
       0.564573         125.109         70.4234 
       0.570708         122.906         68.7798 
       0.576825         121.444         67.1998 
       0.582926          119.07         65.6773 
       0.589034         117.455         64.2018 
       0.595184         115.934         62.7619 
       0.601379         114.416         61.3549 
       0.607522         111.966         59.9992 
       0.613639         111.448         58.6868 
       0.619772         109.074         57.4086 
       0.625918         107.779          56.166 
       0.632068         106.576         54.9615 
       0.638161         105.487          53.806 
         0.6443         104.092         52.6783 
       0.650464          102.94         51.5806 
       0.656582         101.327         50.5226 
       0.662703         99.8293         49.4938 
       0.668861         98.4003         48.4868 
       0.675024         97.3462         47.5065 
       0.681124         96.4506          46.563 
       0.687237         94.6357         45.6433 
       0.693381         93.4389         44.7447 
       0.699536          92.617         43.8694 
       0.705665         92.6664         43.0219 
       0.711789         90.3491          42.198 
       0.717957          89.921         41.3905 
        0.72409         88.5331         40.6089 
       0.730186         87.1269         39.8523 
       0.736317         86.7972         39.1109 
       0.742472         85.9744         38.3859 
       0.748622         84.9975           37.68 
        0.75476         84.1601         36.9936 
       0.760888          82.959         36.3255 
       0.767043         82.3266         35.6716 
       0.773185          81.363         35.0354 
       0.779291         80.4572         34.4186 
       0.785407         79.8806         33.8159 
       0.791564         79.1381         33.2241 
       0.797719         77.7616         32.6469 
       0.803834         77.4286         32.0872 
       0.809972         76.2353         31.5388 
       0.816124         75.8399         31.0021 
       0.822261         75.1968         30.4794 
       0.828378         74.5865         29.9704 
       0.834502         73.8982         29.4728 
       0.840667         73.0662         28.9833 
       0.846816         72.1255         28.5065 
       0.852925         71.6252         28.0435 
       0.859047         70.6914         27.5899 
       0.865192         70.3048         27.1449 
       0.871341         69.8342         26.7096 
       0.877463         68.7634         26.2859 
       0.883569         68.3684         25.8726 
       0.889708         67.8808         25.4661 
       0.895864         67.3487         25.0674 
       0.902008         66.6999         24.6782 
       0.908149          66.269         24.2975 
       0.914301         65.6141         23.9243 
       0.920448         65.1257         23.5594 
       0.926574         64.4783         23.2034 
       0.932687         64.3174         22.8556 
       0.938823         63.2853         22.5137 
       0.944975         62.8357         22.1781 
       0.951105          62.349         21.8506 
       0.957225         61.6197         21.5304 
       0.963368         61.4476         21.2155 
       0.969511         61.0807          20.907 
       0.975621         60.6952         20.6064 
       0.981748         60.0298         20.3109 
       0.987916         59.5466         20.0194 
        0.99406          59.172         19.7348 
        1.00019         58.6145         19.4564 
        1.00632         58.2666         19.1836 
        1.01246         57.8288         18.9158 
        1.01859         57.0589         18.6535 
        1.02471          57.062         18.3965 
        1.03085         56.5051         18.1436 
        1.03698         56.1026          17.896 
        1.04314         55.6139          17.652 
        1.04929         55.2303         17.4131 
        1.05541         54.6735         17.1797 
        1.06154         54.6687           16.95 
        1.06769         54.1738         16.7243 
        1.07382         53.9145         16.5034 
        1.07993         53.5513          16.287 
        1.08607         53.1023         16.0736 
        1.09222          52.821         15.8639 
        1.09836         52.3997         15.6582 
        1.10449         52.0889         15.4564 
        1.11063         51.5975          15.258 
        1.11677         51.3048         15.0631 
         1.1229         50.9158          14.872 
        1.12903         50.2921         14.6841 
        1.13518         50.5298         14.4993 
        1.14131          50.132         14.3178 
        1.14745          49.512         14.1395 
        1.15359         49.4258         13.9643 
        1.15973         48.8883         13.7919 
        1.16584         48.6521         13.6233 
        1.17197         48.3647         13.4573 
        1.17811          48.156         13.2935 
        1.18424         47.6773          13.133 
        1.19038         47.4159         12.9747 
        1.19652         47.2991          12.819 
        1.20267         46.8592          12.666 
        1.20881         46.6258         12.5155 
        1.21495         46.2266         12.3676 
        1.22108         46.0513         12.2223 
         1.2272         45.5535         12.0796 
        1.23334         45.4003         11.9389 
        1.23949         45.3494         11.8001 
        1.24562         44.8553         11.6639 
        1.25174           44.73         11.5301 
        1.25789         44.5144          11.398 
        1.26402         44.1212         11.2682 
        1.27014         43.7473         11.1408 
        1.27628         43.5717          11.015 
        1.28244         43.3184         10.8909 
        1.28858         43.1372         10.7689 
        1.29471         42.9594          10.649 
        1.30084         42.7176         10.5311 
        1.30697         42.4205         10.4148 
        1.31312         42.0936         10.3001 
        1.31925          41.973         10.1875 
        1.32537         41.7799         10.0767 
        1.33151         41.3717         9.96719 
        1.33765          41.298         9.85937 
        1.34378         41.0311         9.75336 
        1.34992         40.7444         9.64886 
        1.35606         40.5258         9.54566 
         1.3622         40.3002         9.44417 
        1.36833         40.0635         9.34441 
        1.37445         39.9722         9.24614 
        1.38059         39.6874         9.14899 
        1.38675         39.3891         9.05302 
        1.39288         39.3234          8.9588 
        1.39901         39.0424         8.86598 
        1.40515         38.8308         8.77427 
         1.4113         38.6903         8.68391 
        1.41742         38.4489         8.59516 
        1.42355           38.21          8.5075 
         1.4297         38.0562          8.4208 
        1.43585         37.9164         8.33535 
        1.44198         37.5991         8.25143 
        1.44809         37.5112         8.16882 
        1.45423         37.2983         8.08705 
        1.46036         37.1845         8.00655 
        1.46649         36.9213         7.92712 
        1.47263          36.704         7.84872 
        1.47877         36.5882         7.77142 
        1.48491         36.5455         7.69504 
        1.49104         36.1969         7.61986 
        1.49718         35.8394         7.54563 
        1.50333         35.8522         7.47229 
        1.50947         35.7178         7.40007 
         1.5156         35.4683         7.32892 
        1.52172         35.3274         7.25871 
        1.52787         35.2491         7.18929 
          1.534          35.016         7.12086 
        1.54013         34.7797          7.0534 
        1.54627         34.6902          6.9867 
        1.55241         34.3897         6.92086 
        1.55855         34.3201         6.85596 
        1.56467         34.0014         6.79208 
         1.5708         34.0729         6.72883 
        1.57695         33.7763          6.6663 
        1.58308         33.6501         6.60471 
        1.58922          33.605         6.54386 
        1.59535         33.4076         6.48381 
         1.6015         33.1369         6.42442 
        1.60764         32.9809         6.36581 
        1.61376         32.8278          6.3081 
        1.61989         32.6335         6.25106 
        1.62604          32.572          6.1946 
        1.63218          32.466         6.13887 
        1.63831         32.2618         6.08396 
        1.64444         32.1197         6.02971 
        1.65059         31.9238         5.97599 
        1.65673         31.7489         5.92299 
        1.66285         31.6451         5.87078 
        1.66898         31.4682         5.81919 
        1.67512         31.3624         5.76812 
        1.68127         31.1698         5.71762 
         1.6874         31.0543         5.66784 
        1.69353         30.9141         5.61869 
        1.69967         30.7546            5.57 
        1.70581         30.6854         5.52192 
        1.71193         30.5619         5.47459 
        1.71806         30.3082         5.42772 
        1.72421         30.1816         5.38131 
        1.73035         30.0399         5.33549 
        1.73649          29.901         5.29022 
        1.74262         29.7907         5.24551 
        1.74876         29.7609          5.2013 
        1.75489         29.5696         5.15769 
        1.76101         29.4038         5.11459 
        1.76715         29.3207         5.07193 
        1.77329         29.2226         5.02971 
        1.77943         29.0768         4.98795 
        1.78557         28.8749         4.94673 
        1.79171          28.773         4.90597 
        1.79785         28.6346         4.86566 
        1.80399         28.5712         4.82582 
        1.81012         28.4222         4.78648 
        1.81625         28.2878          4.7476 
        1.82239         28.1935         4.70909 
        1.82853         28.0109         4.67103 
        1.83466         27.9395         4.63343 
        1.84078         27.7113         4.59629 
        1.84692         27.6519         4.55949 
        1.85306         27.5223         4.52305 
         1.8592         27.3959         4.48707 
        1.86533         27.2844          4.4515 
        1.87147         27.1994         4.41628 
        1.87761         27.1167         4.38143 
        1.88375         27.0031         4.34699 
        1.88988         26.8938         4.31296 
        1.89601         26.7314         4.27928 
        1.90215         26.6372         4.24594 
        1.90829         26.5988         4.21296 
        1.91442         26.4139         4.18034 
        1.92056         26.3423         4.14809 
         1.9267         26.1801         4.11616 
        1.93284         26.0233         4.08454 
        1.93897         25.9995         4.05331 
        1.94509         25.8551         4.02248 
        1.95123         25.7668         3.99189 
        1.95737         25.6058          3.9616 
        1.96349         25.5414         3.93171 
        1.96964         25.4221         3.90203 
        1.97578         25.3162         3.87266 
        1.98192         25.2031         3.84364 
        1.98805         25.1377         3.81492 
        1.99419          25.005          3.7865 
        2.00033         24.8668         3.75835 
        2.00647         24.7911         3.73049 
         2.0126         24.6982         3.70297 
        2.01874         24.6103         3.67568 
        2.02488         24.5435         3.64865 
        2.03101          24.382         3.62194 
        2.03714         24.3005         3.59552 
        2.04328          24.176         3.56934 
        2.04941         24.0996         3.54344 
        2.05554         24.0117         3.51782 
        2.06167         23.9158         3.49242 
        2.06781         23.8038         3.46726 
        2.07396         23.7503         3.44232 
        2.08009         23.6822         3.41767 
        2.08622         23.4884         3.39329 
        2.09237         23.4227          3.3691 
        2.09851         23.3482         3.34514 
        2.10464         23.2782         3.32146 
        2.11077         23.1263         3.29803 
        2.11691         23.0657         3.27478 
        2.12305         22.9947         3.25176 
        2.12918         22.9271         3.22901 
        2.13531          22.812         3.20648 
        2.14145         22.7755         3.18411 
         2.1476         22.6202         3.16193 
        2.15372         22.5214         3.14007 
        2.15985         22.3977          3.1184 
        2.16599         22.3894         3.09687 
        2.17213           22.31         3.07557 
        2.17827         22.1408         3.05447 
         2.1844         22.0409         3.03359 
        2.19054         21.9944          3.0129 
        2.19666         21.9114         2.99244 
         2.2028         21.8308         2.97214 
        2.20893         21.7642         2.95203 
        2.21508         21.6619         2.93208 
        2.22122         21.4994         2.91231 
        2.22736         21.5181         2.89276 
        2.23349         21.3968          2.8734 
        2.23962         21.3059          2.8542 
        2.24577         21.2083         2.83517 
         2.2519          21.177         2.81633 
        2.25802         21.0458          2.7977 
        2.26417          21.029         2.77918 
        2.27031         20.9121         2.76082 
        2.27644         20.8188         2.74267 
        2.28257         20.7266         2.72469 
        2.28872         20.6297         2.70684 
        2.29486          20.609         2.68915 
        2.30099         20.4934         2.67166 
        2.30712         20.4327         2.65432 
        2.31326         20.3884          2.6371 
         2.3194         20.2986         2.62004 
        2.32553         20.1792         2.60316 
        2.33166         20.0862         2.58644 
         2.3378          20.027         2.56985 
        2.34394         19.9599         2.55339 
        2.35007         19.8815         2.53711 
        2.35619         19.7727         2.52098 
        2.36233         19.7456         2.50496 
        2.36848         19.6357         2.48905 
        2.37462         19.5627         2.47331 
        2.38075         19.4968         2.45771 
        2.38689         19.4588         2.44225 
        2.39303         19.3424         2.42691 
        2.39916         19.2618         2.41173 
        2.40529         19.1972         2.39668 
        2.41143         19.1205         2.38174 
        2.41757         19.0806         2.36693 
         2.4237         18.9686         2.35227 
        2.42983         18.8881         2.33774 
        2.43598         18.8663         2.32329 
        2.44211         18.7694         2.30899 
        2.44823         18.6938         2.29484 
        2.45437         18.6147         2.28077 
        2.46052         18.5734          2.2668 
        2.46665          18.523         2.25298 
        2.47279         18.3957         2.23928 
        2.47892         18.3626         2.22569 
        2.48507           18.29         2.21219 
         2.4912         18.2548         2.19883 
        2.49733         18.1739          2.1856 
        2.50347           18.08         2.17244 
        2.50961         18.0292          2.1594 
        2.51575         17.9465         2.14647 
        2.52188         17.8775         2.13366 
        2.52802         17.8234         2.12094 
        2.53416         17.7665         2.10832 
        2.54029         17.6647         2.09583 
        2.54641         17.6192         2.08344 
        2.55255          17.537         2.07114 
        2.55869         17.4915         2.05893 
        2.56483         17.4172         2.04682 
        2.57096           17.38         2.03483 
        2.57709         17.3133         2.02293 
        2.58323         17.2382         2.01112 
        2.58937          17.189         1.99939 
        2.59551         17.0999         1.98777 
        2.60164         17.0706         1.97625 
        2.60778         16.9984         1.96481 
        2.61392         16.9431         1.95346 
        2.62006         16.8597          1.9422 
        2.62619         16.7953         1.93105 
        2.63232         16.7243         1.91998 
        2.63846          16.692         1.90899 
        2.64459         16.6238          1.8981 
        2.65072         16.5498         1.88729 
        2.65686         16.4818         1.87657 
          2.663         16.4305         1.86591 
        2.66915         16.3622         1.85533 
        2.67527         16.3069         1.84486 
        2.68141          16.264         1.83447 
        2.68755         16.1939         1.82415 
        2.69368         16.1314         1.81392 
        2.69981         16.0718         1.80377 
        2.70595          16.055         1.79369 
        2.71209         15.9609         1.78367 
        2.71823         15.8945         1.77376 
        2.72436         15.8334         1.76391 
         2.7305         15.7973         1.75414 
        2.73663         15.7519         1.74445 
        2.74276         15.6606         1.73483 
         2.7489         15.6565         1.72528 
        2.75504         15.5837          1.7158 
        2.76118         15.5218         1.70638 
        2.76732         15.4845         1.69705 
        2.77345         15.4004         1.68779 
        2.77959         15.3442          1.6786 
        2.78572         15.2791         1.66947 
        2.79186          15.247         1.66042 
        2.79798         15.1924         1.65145 
        2.80412          15.131         1.64252 
        2.81027         15.0659         1.63366 
         2.8164          15.015         1.62487 
        2.82253          14.983         1.61615 
        2.82867         14.9254          1.6075 
        2.83481         14.8556          1.5989 
        2.84095         14.8119         1.59036 
        2.84708         14.7858          1.5819 
        2.85322         14.6879         1.57349 
        2.85935         14.6642         1.56515 
        2.86549         14.6088         1.55687 
        2.87162         14.5695         1.54865 
        2.87776         14.5127         1.54049 
        2.88389         14.4547         1.53238 
        2.89003         14.4026         1.52434 
        2.89617         14.3562         1.51635 
        2.90231         14.3152         1.50842 
        2.90844         14.2751         1.50055 
        2.91458         14.2139         1.49273 
        2.92071         14.1489         1.48499 
        2.92684         14.1182         1.47728 
        2.93298         14.0711         1.46964 
         2.9391          14.019         1.46206 
        2.94524         13.9652         1.45452 
        2.95138         13.9374         1.44704 
        2.95752         13.8659         1.43959 
        2.96367         13.8192         1.43221 
         2.9698         13.7774         1.42488 
        2.97594         13.7326          1.4176 
        2.98207         13.7004         1.41038 
        2.98821         13.6371         1.40321 
        2.99434         13.5851         1.39609 
        3.00048          13.551         1.38902 
        3.00662         13.5002         1.38199 
        3.01275         13.4367         1.37502 
        3.01888         13.4179          1.3681 
        3.02503         13.3403         1.36122 
        3.03117         13.2973         1.35438 
        3.03729         13.2588         1.34761 
        3.04342         13.2171         1.34088 
        3.04957         13.1843         1.33418 
         3.0557         13.1229         1.32754 
        3.06183         13.0841         1.32095 
        3.06796         13.0348         1.31441 
        3.07411         13.0029         1.30789 
        3.08025         12.9306         1.30143 
        3.08637         12.9028         1.29502 
         3.0925         12.8426         1.28865 
        3.09865         12.8342          1.2823 
         3.1048         12.7732         1.27601 
        3.11093         12.7182         1.26976 
        3.11706         12.6918         1.26356 
         3.1232          12.642          1.2574 
        3.12933         12.6118         1.25128 
        3.13547         12.5585          1.2452 
        3.14159         12.5199         1.23917 
        3.14773         12.4662         1.23317 
        3.15388         12.4318         1.22721 
        3.16001         12.3956         1.22129 
        3.16614         12.3599         1.21542 
        3.17228         12.3087         1.20958 
        3.17842          12.291         1.20377 
        3.18455         12.2375         1.19801 
        3.19068         12.1898         1.19229 
        3.19682         12.1434          1.1866 
        3.20297         12.1073         1.18095 
         3.2091         12.0894         1.17533 
        3.21524         12.0238         1.16976 
        3.22138         11.9799         1.16422 
         3.2275         11.9575         1.15872 
        3.23363         11.9167         1.15326 
        3.23977          11.873         1.14783 
        3.24591         11.8389         1.14244 
        3.25205         11.7952         1.13707 
        3.25818         11.7528         1.13174 
        3.26432         11.7283         1.12645 
        3.27046         11.6827         1.12119 
         3.2766         11.6445         1.11597 
        3.28273         11.6086         1.11078 
        3.28887         11.5689         1.10562 
          3.295         11.5301          1.1005 
        3.30113         11.4803         1.09541 
        3.30727         11.4573         1.09035 
        3.31341          11.421         1.08533 
        3.31954         11.3783         1.08033 
        3.32568         11.3373         1.07537 
        3.33182          11.304         1.07044 
        3.33795         11.2743         1.06554 
        3.34409         11.2365         1.06067 
        3.35022         11.1945         1.05583 
        3.35636         11.1651         1.05102 
         3.3625         11.1191         1.04624 
        3.36864         11.0964         1.04149 
        3.37477         11.0681         1.03677 
        3.38091          11.025         1.03209 
        3.38704         10.9889         1.02743 
        3.39318         10.9384          1.0228 
        3.39931         10.9083          1.0182 
        3.40545         10.8681         1.01362 
        3.41158         10.8276         1.00908 
        3.41772         10.8102         1.00456 
        3.42385         10.7881         1.00008 
        3.42998         10.7331        0.995619 
        3.43612         10.6977        0.991188 
        3.44226         10.6625         0.98678 
         3.4484         10.6541        0.982394 
        3.45453         10.5959        0.978045 
        3.46066         10.5709        0.973724 
        3.46681         10.5195        0.969417 
        3.47295         10.5051         0.96514 
        3.47908         10.4737        0.960899 
        3.48521         10.4437        0.956681 
        3.49135         10.3942        0.952482 
        3.49749         10.3798        0.948311 
        3.50362         10.3429        0.944166 
        3.50976         10.3089        0.940048 
        3.51589         10.2649        0.935952 
        3.52203         10.2243        0.931881 
        3.52816         10.2044        0.927841 
        3.53429         10.1676         0.92382 
        3.54043         10.1532        0.919817 
        3.54657         10.1178         0.91584 
        3.55271         10.0825        0.911891 
        3.55884         10.0444        0.907968 
        3.56498         10.0189        0.904061 
        3.57112         9.97232        0.900177 
        3.57725         9.95341        0.896321 
        3.58338         9.93196         0.89249 
        3.58952         9.89065        0.888677 
        3.59566         9.85861        0.884883 
         3.6018          9.8279        0.881115 
        3.60793         9.80828        0.877371 
        3.61407         9.76585         0.87365 
        3.62021           9.737        0.869947 
        3.62634         9.70726        0.866267 
        3.63247         9.67459        0.862611 
        3.63861         9.65718        0.858974 
        3.64475         9.61156        0.855353 
        3.65089         9.59308        0.851759 
        3.65702         9.55319        0.848188 
        3.66316         9.52914        0.844633 
        3.66929         9.49322        0.841102 
        3.67543          9.4785         0.83759 
        3.68156         9.44123        0.834099 
        3.68769         9.41825        0.830627 
        3.69383         9.38632        0.827173 
        3.69997         9.34242         0.82374 
        3.70611          9.3366        0.820328 
        3.71224         9.30348        0.816933 
        3.71838         9.26933        0.813559 
        3.72451         9.23621        0.810206 
        3.73065         9.21837        0.806872 
        3.73678         9.19428        0.803556 
        3.74292         9.15328        0.800256 
        3.74906         9.12215        0.796976 
        3.75519         9.09867        0.793716 
        3.76133          9.0768        0.790473 
        3.76746         9.05605        0.787251 
         3.7736         9.02245        0.784047 
        3.77974         8.99388        0.780857 
        3.78588         8.96525        0.777685 
        3.79201         8.93811        0.774534 
        3.79814         8.91499          0.7714 
        3.80428         8.89725        0.768283 
        3.81042         8.84558        0.765181 
        3.81655         8.83719        0.762099 
        3.82268         8.80201        0.759037 
        3.82882         8.78826        0.755989 
        3.83496         8.76279        0.752956 
        3.84109         8.73217         0.74994 
        3.84723         8.69182        0.746943 
        3.85337         8.66869        0.743958 
        3.85951         8.64732         0.74099 
        3.86565         8.62659        0.738042 
        3.87178         8.59392        0.735111 
        3.87791         8.57012        0.732196 
        3.88405         8.55147        0.729294 
        3.89019         8.53059        0.726409 
        3.89632          8.4961        0.723541 
        3.90246         8.46871        0.720686 
         3.9086         8.43353        0.717847 
        3.91473         8.41396        0.715026 
        3.92086         8.38652        0.712223 
        3.92699         8.38243        0.709431 
        3.93313         8.34394        0.706652 
        3.93927         8.31854         0.70389 
         3.9454         8.29133        0.701144 
        3.95154         8.26788         0.69841 
        3.95768         8.24955        0.695691 
        3.96382         8.22001        0.692988 
        3.96995         8.19998        0.690298 
        3.97609         8.17475        0.687624 
        3.98222         8.14257        0.684966 
        3.98836         8.13546         0.68232 
         3.9945         8.10202        0.679688 
        4.00063         8.07864        0.677072 
        4.00677          8.0557        0.674466 
        4.01291         8.03057        0.671875 
        4.01904         8.00541        0.669301 
        4.02517         7.98811        0.666742 
        4.03131         7.96348         0.66419 
        4.03745          7.9339        0.661652 
        4.04358         7.91565        0.659131 
        4.04972         7.89468        0.656623 
        4.05585         7.86879        0.654127 
        4.06199         7.84268        0.651644 
        4.06812         7.81819        0.649174 
        4.07426         7.79713        0.646718 
         4.0804         7.77708        0.644272 
        4.08654         7.74353        0.641839 
        4.09267         7.72808        0.639422 
         4.0988         7.70826        0.637019 
        4.10494         7.68401        0.634625 
        4.11108         7.66722        0.632242 
        4.11721         7.63732        0.629874 
        4.12334         7.61496        0.627518 
        4.12948         7.59982        0.625174 
        4.13561         7.57889        0.622841 
        4.14176         7.55949        0.620518 
        4.14789         7.52913        0.618209 
        4.15403         7.51382        0.615913 
        4.16016         7.48977        0.613627 
         4.1663         7.46746        0.611354 
        4.17243         7.44361        0.609094 
        4.17857         7.42175        0.606843 
        4.18471         7.39902        0.604603 
        4.19084         7.38158        0.602376 
        4.19698         7.36058         0.60016 
        4.20312         7.33926        0.597954 
        4.20925         7.31914        0.595761 
        4.21538         7.30003         0.59358 
        4.22152         7.27843        0.591408 
        4.22766         7.25123        0.589246 
         4.2338         7.23775        0.587097 
        4.23993         7.21964        0.584958 
        4.24607         7.19365         0.58283 
         4.2522         7.17475        0.580712 
        4.25834         7.14056        0.578605 
        4.26447         7.13256         0.57651 
        4.27061         7.10783        0.574425 
        4.27674         7.09523         0.57235 
        4.28288         7.07405        0.570283 
        4.28902         7.05134        0.568229 
        4.29515         7.03618        0.566185 
        4.30129         7.00378         0.56415 
        4.30743         6.99403        0.562125 
        4.31356         6.97535         0.56011 
        4.31969         6.95169        0.558108 
        4.32583         6.93296        0.556115 
        4.33197         6.91023        0.554127 
         4.3381         6.89227        0.552152 
        4.34424         6.87629        0.550188 
        4.35038         6.85657         0.54823 
        4.35652         6.83285        0.546283 
        4.36265         6.82317        0.544348 
        4.36878         6.79329        0.542422 
        4.37492         6.77685        0.540503 
        4.38106         6.75356        0.538593 
        4.38719         6.74124        0.536696 
        4.39333         6.72072        0.534807 
        4.39946         6.69978        0.532927 
         4.4056         6.68727        0.531055 
        4.41173         6.66451        0.529192 
        4.41786         6.65004        0.527341 
          4.424         6.63169        0.525497 
        4.43014         6.60576        0.523659 
        4.43628         6.59863        0.521831 
        4.44241         6.57798        0.520013 
        4.44855         6.55955        0.518203 
        4.45469         6.53334        0.516401 
        4.46083          6.5181         0.51461 
        4.46696         6.50534        0.512828 
        4.47309         6.48202        0.511052 
        4.47923         6.46326        0.509285 
        4.48537         6.44514        0.507528 
         4.4915         6.42478        0.505778 
        4.49764         6.41125        0.504036 
        4.50378         6.39445        0.502302 
        4.50991         6.37729        0.500579 
        4.51604         6.35317        0.498863 
        4.52218         6.34268        0.497152 
        4.52832         6.32538        0.495452 
        4.53445         6.31224         0.49376 
        4.54059         6.29108        0.492076 
        4.54673         6.26498        0.490398 
        4.55286         6.25513        0.488729 
          4.559          6.2341        0.487068 
        4.56513         6.21792        0.485416 
        4.57127         6.20788         0.48377 
        4.57741         6.18877        0.482131 
        4.58354         6.17834        0.480502 
        4.58968         6.16352        0.478879 
        4.59582          6.1386        0.477263 
        4.60195         6.12286        0.475656 
        4.60809         6.10251        0.474057 
        4.61422         6.08472        0.472464 
        4.62036         6.06921        0.470879 
        4.62649         6.05833        0.469301 
        4.63263         6.03898        0.467731 
        4.63876         6.02531        0.466167 
         4.6449         6.00895         0.46461 
        4.65104         5.98497        0.463061 
        4.65717         5.97319         0.46152 
        4.66331         5.96383        0.459985 
        4.66944         5.94553        0.458457 
        4.67558         5.92371        0.456937 
        4.68171         5.91091        0.455423 
        4.68785         5.89727        0.453915 
        4.69399         5.88184        0.452415 
        4.70012         5.86703        0.450923 
        4.70625         5.84501        0.449437 
        4.71239         5.83211        0.447956 
        4.71853         5.82261        0.446483 
        4.72467         5.80197        0.445016 
         4.7308         5.77847        0.443556 
        4.73694         5.77332        0.442103 
        4.74308         5.76103        0.440656 
        4.74922         5.74606        0.439215 
        4.75535         5.72247        0.437782 
        4.76148         5.71145        0.436356 
        4.76762         5.70251        0.434934 
        4.77376         5.67725         0.43352 
        4.77989         5.66769        0.432113 
        4.78602          5.6521        0.430711 
        4.79216         5.63641        0.429315 
         4.7983         5.62745        0.427926 
        4.80443         5.61026        0.426544 
        4.81056         5.59284        0.425167 
         4.8167         5.58185        0.423796 
        4.82284         5.56934         0.42243 
        4.82898         5.55706        0.421072 
        4.83511         5.53809         0.41972 
        4.84125         5.52538        0.418372 
        4.84739         5.51454        0.417031 
        4.85352         5.49599        0.415697 
        4.85965         5.47763        0.414369 
        4.86579          5.4704        0.413046 
        4.87193         5.45624        0.411728 
        4.87807         5.44032        0.410416 
         4.8842         5.42566        0.409111 
        4.89034          5.4092        0.407811 
        4.89647         5.39926        0.406516 
        4.90261         5.38565        0.405228 
        4.90874          5.3714        0.403946 
        4.91488         5.35807        0.402668 
        4.92102         5.34602        0.401396 
        4.92715         5.33214        0.400129 
        4.93329         5.32358        0.398869 
        4.93942         5.30312        0.397613 
        4.94556         5.28995        0.396363 
         4.9517         5.28044        0.395119 
        4.95783         5.26442         0.39388 
        4.96397         5.25416        0.392646 
        4.97011         5.24259        0.391417 
        4.97624          5.2319        0.390194 
        4.98238         5.21453        0.388977 
        4.98851         5.20674        0.387765 
        4.99465         5.19107        0.386557 
        5.00078         5.17588        0.385355 
        5.00691         5.16904        0.384159 
        5.01305         5.15311        0.382967 
        5.01919         5.14125        0.381779 
        5.02533         5.12873        0.380597 
        5.03146         5.11661        0.379421 
         5.0376          5.0998        0.378249 
        5.04374         5.09299        0.377082 
        5.04987         5.07873         0.37592 
        5.05601         5.06706        0.374763 
        5.06215         5.05299        0.373611 
        5.06829         5.04003        0.372463 
        5.07442         5.02792        0.371321 
        5.08055         5.01372        0.370185 
        5.08668         5.00545        0.369052 
        5.09282         4.99754        0.367923 
        5.09896         4.98426        0.366801 
        5.10509         4.97063        0.365683 
        5.11123         4.96239        0.364569 
        5.11736         4.94959         0.36346 
         5.1235         4.93734        0.362355 
        5.12964         4.92444        0.361255 
        5.13577         4.91453         0.36016 
        5.14191          4.9064        0.359069 
        5.14804         4.88878        0.357984 
        5.15418         4.88351        0.356902 
        5.16032         4.87007        0.355825 
        5.16645          4.8566        0.354752 
        5.17259         4.84806        0.353684 
        5.17872         4.83574        0.352621 
        5.18486         4.82481        0.351561 
          5.191         4.81504        0.350505 
        5.19713         4.80244        0.349455 
        5.20327         4.79155        0.348409 
        5.20941         4.78308        0.347367 
        5.21555          4.7731        0.346328 
        5.22168         4.76233        0.345295 
        5.22781         4.75144        0.344267 
        5.23395         4.74195        0.343242 
        5.24009         4.72906        0.342221 
        5.24622         4.72155        0.341205 
        5.25236         4.70458        0.340193 
         5.2585         4.69781        0.339184 
        5.26463         4.68942        0.338179 
        5.27077         4.67776         0.33718 
         5.2769         4.66874        0.336184 
        5.28304         4.65905        0.335192 
        5.28917         4.65041        0.334205 
         5.2953         4.63839        0.333222 
        5.30144         4.62885        0.332242 
        5.30757         4.61786        0.331266 
        5.31371         4.61297        0.330294 
        5.31985         4.60064        0.329326 
        5.32599         4.59272        0.328361 
        5.33213          4.5779          0.3274 
        5.33826         4.57359        0.326444 
         5.3444         4.55783        0.325492 
        5.35053         4.55047        0.324543 
        5.35667         4.54373        0.323598 
        5.36281         4.53583        0.322657 
        5.36894          4.5248         0.32172 
        5.37507         4.51675        0.320787 
        5.38121         4.50131        0.319857 
        5.38735         4.49816         0.31893 
        5.39348         4.48662        0.318008 
        5.39961         4.48079         0.31709 
        5.40575         4.47044        0.316175 
        5.41189         4.46125        0.315263 
        5.41803         4.45329        0.314355 
        5.42416         4.44382        0.313451 
         5.4303         4.43807         0.31255 
        5.43644         4.42586        0.311653 
        5.44257          4.4163        0.310759 
        5.44871         4.41285        0.309869 
        5.45484         4.40359        0.308982 
        5.46098         4.39143        0.308099 
        5.46712         4.38355        0.307219 
        5.47325         4.37388        0.306343 
        5.47938         4.36712        0.305471 
        5.48552         4.36585        0.304603 
        5.49165         4.35063        0.303737 
        5.49779         4.34404        0.302874 
        5.50393         4.33604        0.302015 
        5.51006         4.33034        0.301158 
         5.5162         4.32016        0.300306 
        5.52234         4.31244        0.299457 
        5.52847         4.30415        0.298611 
        5.53461          4.2952        0.297768 
        5.54075         4.28624        0.296929 
        5.54688         4.28197        0.296093 
        5.55302         4.27203         0.29526 
        5.55915         4.26347        0.294431 
        5.56529         4.25926        0.293605 
        5.57143         4.25032        0.292781 
        5.57756         4.24587        0.291961 
         5.5837         4.23544        0.291144 
        5.58983         4.22979        0.290331 
        5.59597         4.22267        0.289521 
         5.6021         4.21737        0.288713 
        5.60824         4.20794        0.287909 
        5.61438         4.20164        0.287108 
        5.62051         4.19744        0.286309 
        5.62665         4.18842        0.285514 
        5.63278         4.18048        0.284722 
        5.63892          4.1719        0.283933 
        5.64505         4.16945        0.283147 
        5.65119         4.16203        0.282364 
        5.65733         4.15447        0.281584 
        5.66346         4.14877        0.280807 
         5.6696         4.14132        0.280033 
        5.67573          4.1342        0.279262 
        5.68187          4.1291        0.278494 
          5.688         4.12403        0.277729 
        5.69414         4.11456        0.276966 
        5.70028         4.11179        0.276206 
        5.70642         4.10598        0.275449 
        5.71255         4.09631        0.274695 
        5.71869         4.09593        0.273945 
        5.72482         4.08569        0.273197 
        5.73096         4.08177        0.272451 
        5.73709         4.07576        0.271709 
        5.74322         4.07089         0.27097 
        5.74936         4.06276        0.270232 
         5.7555         4.06103        0.269498 
        5.76164         4.05184        0.268766 
        5.76777         4.04837        0.268038 
        5.77391         4.04403        0.267311 
        5.78005         4.03517        0.266588 
        5.78618         4.03212        0.265867 
        5.79231         4.02431         0.26515 
        5.79845         4.02211        0.264434 
        5.80459         4.01542        0.263721 
        5.81073         4.00848        0.263011 
        5.81686         4.00564        0.262304 
          5.823         4.00187        0.261599 
        5.82914         3.99741        0.260897 
        5.83527         3.99149        0.260198 
         5.8414         3.98582        0.259501 
        5.84754         3.97898        0.258806 
        5.85368         3.97833        0.258114 
        5.85981         3.97276        0.257425 
        5.86595         3.96547        0.256739 
        5.87208         3.96172        0.256054 
        5.87822         3.95954        0.255373 
        5.88435         3.95317        0.254694 
        5.89049         3.95041        0.254017 
        5.89662         3.94761        0.253343 
        5.90276         3.94382        0.252671 
         5.9089         3.93689        0.252001 
        5.91503          3.9321        0.251334 
        5.92117         3.93005         0.25067 
        5.92731         3.92788        0.250007 
        5.93344         3.92264        0.249348 
        5.93958          3.9153        0.248691 
        5.94572         3.91376        0.248036 
        5.95186         3.90955        0.247383 
        5.95799         3.91105        0.246733 
        5.96412         3.90417        0.246085 
        5.97026         3.90029        0.245439 
         5.9764         3.89975        0.244797 
        5.98253          3.8966        0.244156 
        5.98866          3.8918        0.243518 
         5.9948          3.8842        0.242881 
        6.00094         3.88574        0.242247 
        6.00707         3.88266        0.241616 
        6.01321         3.87773        0.240986 
        6.01935          3.8759        0.240359 
        6.02548         3.87287        0.239734 
        6.03162         3.87143        0.239112 
        6.03775         3.86699        0.238491 
        6.04389         3.86456        0.237873 
        6.05003         3.86267        0.237257 
        6.05617         3.85905        0.236642 
         6.0623         3.85967        0.236031 
        6.06844         3.85549        0.235421 
        6.07457          3.8549        0.234814 
         6.0807         3.85089        0.234209 
        6.08684          3.8501        0.233607 
        6.09298          3.8485        0.233006 
        6.09912         3.84437        0.232407 
        6.10525         3.84441         0.23181 
        6.11138          3.8435        0.231216 
        6.11752         3.83939        0.230623 
        6.12366         3.83602        0.230033 
        6.12979         3.83839        0.229445 
        6.13593          3.8362        0.228859 
        6.14207         3.83283        0.228274 
         6.1482         3.83201        0.227692 
        6.15434         3.82962        0.227112 
        6.16047         3.82765        0.226534 
        6.16661         3.83016        0.225958 
        6.17274         3.82983        0.225384 
        6.17887         3.82489        0.224813 
        6.18501         3.82349        0.224243 
        6.19115         3.82619        0.223675 
        6.19729          3.8255        0.223108 
        6.20342         3.82535        0.222544 
        6.20956         3.82524        0.221982 
         6.2157         3.82035        0.221422 
        6.22183         3.82275        0.220863 
        6.22797         3.82186        0.220307 
         6.2341         3.82169        0.219753 
        6.24024         3.81891          0.2192 
        6.24638         3.82416         0.21865 
        6.25251         3.82036        0.218101 
        6.25865         3.81914        0.217555 
        6.26478         3.82234         0.21701 
        6.27092         3.82146        0.216467 
        6.27705         3.81908        0.215926 
        6.28318         3.82004        0.215387 
