# k  (h/Mpc)    P(k)  (Mpc/h)^3    P_linear(k)  (Mpc/h)^3
     0.00783031         6994.03         7103.12 
       0.013688         8381.91         8358.55 
       0.019231         8156.55         8149.37 
      0.0249154          7179.3         7273.08 
      0.0312784         6048.74         6074.94 
      0.0375637         5038.77         5020.84 
      0.0433917         4255.72         4283.88 
      0.0492413         3775.78         3774.89 
      0.0555754         3366.02         3414.85 
      0.0619321         3182.73         3157.97 
       0.067871         2903.84         2937.17 
      0.0738098         2662.81         2692.84 
      0.0800417         2364.02         2404.02 
      0.0862327         2094.24         2106.73 
      0.0921407          1856.3         1844.46 
      0.0982031         1626.08         1621.91 
       0.104506         1489.57         1451.17 
       0.110769         1370.59         1337.23 
       0.116806         1285.88         1264.33 
       0.122832         1233.91         1208.59 
       0.129052         1156.52         1150.94 
       0.135211          1091.2         1082.61 
       0.141259         1026.48         1002.84 
       0.147318         948.829         916.054 
       0.153489         858.353         830.013 
       0.159709         793.731         754.444 
       0.165845         746.756           695.6 
       0.171974         697.628         652.573 
       0.178125         666.424          621.76 
       0.184229         641.458         598.113 
        0.19034          603.34         575.953 
       0.196428         589.518         551.463 
       0.202534         567.573         522.922 
       0.208729         533.372         490.733 
       0.214876         499.772         458.005 
       0.220989         477.186         427.435 
       0.227147         448.695         400.733 
        0.23329         427.803         379.032 
       0.239377         415.647         362.006 
       0.245482         389.079         348.166 
       0.251667         384.315          335.81 
       0.257832         371.192         323.658 
       0.263955         357.451         310.853 
       0.270079         342.822           297.1 
        0.27624         335.525         282.714 
       0.282372         321.295         268.603 
        0.28843         308.818         255.574 
       0.294538         294.262         243.871 
       0.300721         289.999         233.623 
        0.30691         276.374         224.798 
       0.313033         269.725         217.061 
       0.319153         258.939         209.852 
       0.325316         252.773         202.717 
        0.33145         243.901         195.531 
       0.337538         239.744         188.278 
       0.343633         231.183         181.038 
       0.349808         223.469         173.917 
       0.355968         219.296         167.237 
       0.362074         213.226         161.143 
       0.368217         207.142         155.573 
       0.374374         200.099         150.482 
       0.380519         196.594         145.764 
       0.386598         191.379          141.33 
       0.392688         188.437         137.006 
        0.39888         183.396         132.672 
       0.405048         178.811         128.418 
       0.411186         174.758         124.271 
       0.417313         170.786         120.277 
       0.423458         167.051         116.468 
       0.429607         163.058         112.872 
       0.435692         157.871         109.536 
       0.441815         156.566         106.379 
       0.447964         153.657         103.367 
       0.454126         147.032         100.474 
       0.460267         145.337         97.6855 
       0.466387         143.169         94.9783 
        0.47254         140.043         92.3242 
       0.478662         138.779         89.7626 
       0.484765         134.461         87.2976 
       0.490885         132.274         84.9222 
       0.497035         130.509         82.6381 
       0.503198         126.906         80.4562 
       0.509342         124.747         78.3767 
       0.515458         122.894         76.3888 
       0.521598         120.941         74.4638 
       0.527764         119.169         72.5943 
       0.533884           117.3         70.7959 
           0.54         115.075         69.0508 
       0.546137         114.047         67.3514 
       0.552299         112.085            65.7 
       0.558452          109.79         64.1092 
       0.564573         107.883          62.584 
       0.570708         106.179         61.1097 
       0.576825         104.812         59.6909 
       0.582926         102.708         58.3236 
       0.589034         101.116          56.999 
       0.595184         99.8187         55.7071 
       0.601379         98.5278         54.4453 
       0.607522         96.2536         53.2303 
       0.613639         95.9039         52.0553 
       0.619772         93.8019         50.9122 
       0.625918         92.7246         49.8015 
       0.632068          91.673         48.7248 
       0.638161          90.617         47.6914 
         0.6443         89.3958         46.6818 
       0.650464         88.3329         45.6985 
       0.656582         87.0162         44.7509 
       0.662703         85.5164         43.8296 
       0.668861         84.4283         42.9288 
       0.675024         83.4991         42.0524 
       0.681124         82.5485         41.2094 
       0.687237         81.0083          40.388 
       0.693381         80.1021         39.5853 
       0.699536         79.1895         38.8033 
       0.705665         79.3868          38.046 
       0.711789         77.2764         37.3099 
       0.717957         76.7924         36.5883 
        0.72409         75.6718           35.89 
       0.730186         74.4358         35.2144 
       0.736317         74.2134         34.5526 
       0.742472         73.3741         33.9055 
       0.748622         72.5702         33.2757 
        0.75476         71.8089         32.6634 
       0.760888         70.7598         32.0676 
       0.767043         70.1219         31.4843 
       0.773185         69.2833         30.9169 
       0.779291         68.6861         30.3669 
       0.785407         68.1007         29.8295 
       0.791564         67.3478         29.3018 
       0.797719         66.2429         28.7873 
       0.803834         65.9811         28.2884 
       0.809972         64.8649         27.7996 
       0.816124         64.4341         27.3214 
       0.822261         63.9061         26.8558 
       0.828378         63.4228         26.4026 
       0.834502          62.737         25.9594 
       0.840667         62.1066         25.5237 
       0.846816         61.2811         25.0992 
       0.852925         60.8137         24.6872 
       0.859047         60.0105         24.2835 
       0.865192         59.6697         23.8876 
       0.871341         59.3425         23.5004 
       0.877463         58.2982         23.1235 
       0.883569         57.9373         22.7559 
       0.889708          57.588         22.3945 
       0.895864         57.0885           22.04 
       0.902008          56.539         21.6939 
       0.908149         56.1414         21.3555 
       0.914301         55.6379         21.0239 
       0.920448         55.1693         20.6996 
       0.926574          54.605         20.3833 
       0.932687         54.3647         20.0743 
       0.938823         53.4959         19.7707 
       0.944975         53.2508         19.4727 
       0.951105         52.7603         19.1819 
       0.957225         52.1178         18.8976 
       0.963368         52.0689         18.6181 
       0.969511         51.6608         18.3443 
       0.975621          51.281         18.0775 
       0.981748         50.6968         17.8154 
       0.987916          50.341         17.5568 
        0.99406         50.0299         17.3044 
        1.00019         49.4817         17.0574 
        1.00632         49.2319         16.8155 
        1.01246         48.8521          16.578 
        1.01859         48.1809         16.3455 
        1.02471         48.2368         16.1178 
        1.03085         47.7452         15.8936 
        1.03698         47.3102         15.6742 
        1.04314         46.9093          15.458 
        1.04929         46.6185         15.2464 
        1.05541         46.1378         15.0397 
        1.06154         46.1195         14.8363 
        1.06769         45.6661         14.6363 
        1.07382         45.4253         14.4407 
        1.07993         45.1685         14.2492 
        1.08607          44.729         14.0603 
        1.09222         44.5135         13.8747 
        1.09836         44.1755         13.6927 
        1.10449         43.8463         13.5142 
        1.11063          43.401         13.3386 
        1.11677         43.1623         13.1663 
         1.1229          42.925         12.9972 
        1.12903         42.3425         12.8311 
        1.13518          42.501         12.6677 
        1.14131         42.2083         12.5072 
        1.14745         41.6506         12.3496 
        1.15359         41.6202         12.1947 
        1.15973         41.1315         12.0424 
        1.16584         40.9111         11.8935 
        1.17197         40.7122         11.7468 
        1.17811         40.4819         11.6021 
        1.18424         40.0736         11.4603 
        1.19038         39.9315         11.3205 
        1.19652         39.7969         11.1831 
        1.20267         39.4663          11.048 
        1.20881         39.1981         10.9151 
        1.21495         38.8924         10.7847 
        1.22108         38.7056         10.6564 
         1.2272         38.2961         10.5305 
        1.23334         38.1853         10.4063 
        1.23949         38.1292         10.2839 
        1.24562         37.7328         10.1638 
        1.25174         37.6232         10.0457 
        1.25789         37.3818         9.92925 
        1.26402         37.0721         9.81482 
        1.27014         36.7564         9.70248 
        1.27628         36.6377         9.59156 
        1.28244         36.4049         9.48217 
        1.28858         36.2647         9.37464 
        1.29471         36.1146         9.26902 
        1.30084         35.9077         9.16514 
        1.30697         35.6374         9.06269 
        1.31312         35.3436         8.96166 
        1.31925         35.2539          8.8625 
        1.32537         35.0783         8.76494 
        1.33151         34.7871          8.6685 
        1.33765         34.7386         8.57357 
        1.34378         34.5002         8.48026 
        1.34992         34.1876         8.38827 
        1.35606         34.0169         8.29745 
         1.3622         33.8528         8.20814 
        1.36833         33.6438         8.12035 
        1.37445         33.6126          8.0339 
        1.38059         33.3741         7.94844 
        1.38675         33.0715         7.86402 
        1.39288         33.0417         7.78116 
        1.39901         32.7548         7.69953 
        1.40515         32.6186          7.6189 
         1.4113         32.5007         7.53945 
        1.41742         32.2277         7.46144 
        1.42355         32.1136         7.38439 
         1.4297          31.934          7.3082 
        1.43585         31.8611         7.23312 
        1.44198         31.5739         7.15938 
        1.44809         31.4655         7.08681 
        1.45423         31.3222         7.01498 
        1.46036          31.231         6.94428 
        1.46649         30.9854         6.87453 
        1.47263         30.8296         6.80568 
        1.47877         30.7505         6.73781 
        1.48491         30.6491         6.67077 
        1.49104         30.4135         6.60477 
        1.49718         30.1276         6.53962 
        1.50333         30.1206         6.47526 
        1.50947         29.9946         6.41188 
         1.5156         29.8036         6.34946 
        1.52172         29.6363         6.28787 
        1.52787         29.6082         6.22697 
          1.534         29.3845         6.16695 
        1.54013         29.1795         6.10779 
        1.54627           29.12          6.0493 
        1.55241         28.9026         5.99157 
        1.55855         28.8034         5.93467 
        1.56467         28.5837         5.87867 
         1.5708         28.6105         5.82323 
        1.57695         28.3196         5.76842 
        1.58308         28.3007         5.71445 
        1.58922         28.1876         5.66113 
        1.59535         28.0034         5.60851 
         1.6015         27.8323         5.55648 
        1.60764         27.7447         5.50514 
        1.61376         27.5571         5.45459 
        1.61989         27.3919         5.40464 
        1.62604         27.3799          5.3552 
        1.63218         27.2308          5.3064 
        1.63831         27.1019         5.25834 
        1.64444         26.9854         5.21084 
        1.65059          26.805         5.16383 
        1.65673         26.6625         5.11744 
        1.66285         26.6011         5.07176 
        1.66898         26.4563         5.02661 
        1.67512         26.3841         4.98193 
        1.68127         26.1938         4.93776 
         1.6874         26.1018         4.89422 
        1.69353         26.0015         4.85123 
        1.69967         25.8481         4.80865 
        1.70581         25.7594         4.76661 
        1.71193         25.6775         4.72522 
        1.71806         25.5007         4.68424 
        1.72421          25.372         4.64367 
        1.73035         25.2571         4.60362 
        1.73649         25.2075         4.56406 
        1.74262         25.0559         4.52499 
        1.74876         25.0399         4.48636 
        1.75489         24.8683         4.44825 
        1.76101         24.7413          4.4106 
        1.76715         24.6609         4.37334 
        1.77329         24.5881         4.33646 
        1.77943         24.4395         4.29999 
        1.78557         24.3222         4.26399 
        1.79171          24.241          4.2284 
        1.79785          24.107         4.19321 
        1.80399          24.022         4.15842 
        1.81012         23.9518         4.12408 
        1.81625         23.8392         4.09014 
        1.82239         23.7854         4.05653 
        1.82853         23.5967         4.02332 
        1.83466         23.5075         3.99051 
        1.84078         23.3573          3.9581 
        1.84692         23.3152         3.92599 
        1.85306         23.2143         3.89421 
         1.8592         23.0896         3.86282 
        1.86533          22.993          3.8318 
        1.87147         22.9096         3.80109 
        1.87761         22.8757         3.77069 
        1.88375         22.7927         3.74067 
        1.88988         22.6752           3.711 
        1.89601         22.5207         3.68165 
        1.90215          22.483         3.65258 
        1.90829         22.4388         3.62384 
        1.91442         22.2799         3.59541 
        1.92056          22.219         3.56732 
         1.9267         22.0881         3.53949 
        1.93284         21.9754         3.51194 
        1.93897         21.9386         3.48474 
        1.94509         21.8383         3.45788 
        1.95123         21.7406         3.43124 
        1.95737         21.6499         3.40487 
        1.96349           21.57         3.37883 
        1.96964         21.4654           3.353 
        1.97578         21.4101         3.32742 
        1.98192         21.2833         3.30216 
        1.98805         21.2495         3.27716 
        1.99419         21.1398         3.25242 
        2.00033         20.9918         3.22792 
        2.00647         20.9476         3.20368 
         2.0126         20.8654         3.17973 
        2.01874         20.7861         3.15599 
        2.02488         20.7682         3.13248 
        2.03101         20.6203         3.10924 
        2.03714         20.5518         3.08626 
        2.04328         20.4534         3.06349 
        2.04941         20.3874         3.04097 
        2.05554         20.3262         3.01869 
        2.06167         20.2548          2.9966 
        2.06781         20.1683         2.97473 
        2.07396         20.1124         2.95305 
        2.08009         20.0497         2.93162 
        2.08622         19.8943         2.91043 
        2.09237          19.841          2.8894 
        2.09851         19.7833         2.86858 
        2.10464         19.7253           2.848 
        2.11077         19.5837         2.82765 
        2.11691         19.5459         2.80745 
        2.12305         19.4801         2.78744 
        2.12918         19.4318         2.76768 
        2.13531         19.3238         2.74811 
        2.14145         19.2813         2.72868 
         2.1476         19.1814         2.70942 
        2.15372         19.1096         2.69044 
        2.15985           18.99         2.67162 
        2.16599         18.9713         2.65293 
        2.17213         18.9192         2.63444 
        2.17827         18.7892         2.61612 
         2.1844         18.7058           2.598 
        2.19054         18.6612         2.58005 
        2.19666         18.6175         2.56229 
         2.2028         18.5544         2.54468 
        2.20893         18.4686         2.52723 
        2.21508         18.3719         2.50992 
        2.22122         18.2659         2.49276 
        2.22736         18.2743         2.47581 
        2.23349         18.1653         2.45901 
        2.23962         18.0964         2.44237 
        2.24577         18.0103         2.42586 
         2.2519         17.9919         2.40953 
        2.25802         17.9134         2.39337 
        2.26417         17.8726         2.37732 
        2.27031         17.7769          2.3614 
        2.27644         17.7233         2.34567 
        2.28257         17.6373         2.33008 
        2.28872         17.5499         2.31461 
        2.29486         17.5055         2.29928 
        2.30099         17.4303         2.28412 
        2.30712         17.4094          2.2691 
        2.31326         17.3298         2.25418 
         2.3194         17.2781          2.2394 
        2.32553         17.1892         2.22478 
        2.33166         17.1057          2.2103 
         2.3378         17.0482         2.19593 
        2.34394         17.0157         2.18168 
        2.35007         16.9327         2.16757 
        2.35619          16.831         2.15361 
        2.36233         16.8209         2.13974 
        2.36848         16.7464         2.12596 
        2.37462         16.6922         2.11233 
        2.38075         16.6225         2.09884 
        2.38689         16.6001         2.08545 
        2.39303          16.498         2.07218 
        2.39916         16.4515         2.05904 
        2.40529         16.3818         2.04602 
        2.41143         16.3358         2.03309 
        2.41757          16.287         2.02028 
         2.4237         16.2095         2.00759 
        2.42983         16.1513         1.99502 
        2.43598         16.1133         1.98252 
        2.44211         16.0465         1.97015 
        2.44823         15.9707         1.95792 
        2.45437         15.9254         1.94575 
        2.46052          15.875         1.93367 
        2.46665         15.8295         1.92172 
        2.47279         15.7364         1.90988 
        2.47892         15.7199         1.89813 
        2.48507         15.6572         1.88646 
         2.4912         15.6101         1.87491 
        2.49733         15.5498         1.86347 
        2.50347         15.4881          1.8521 
        2.50961         15.4361         1.84083 
        2.51575         15.3689         1.82966 
        2.52188         15.3011         1.81859 
        2.52802         15.2686          1.8076 
        2.53416         15.2256          1.7967 
        2.54029         15.1538         1.78591 
        2.54641         15.0969         1.77521 
        2.55255         15.0434         1.76459 
        2.55869         15.0034         1.75404 
        2.56483         14.9482         1.74359 
        2.57096         14.8881         1.73323 
        2.57709         14.8665         1.72296 
        2.58323          14.794         1.71276 
        2.58937         14.7483         1.70263 
        2.59551         14.6753          1.6926 
        2.60164         14.6508         1.68266 
        2.60778         14.5906         1.67278 
        2.61392         14.5553         1.66299 
        2.62006         14.4787         1.65328 
        2.62619         14.4308         1.64365 
        2.63232         14.3799          1.6341 
        2.63846         14.3543         1.62462 
        2.64459         14.2749         1.61522 
        2.65072         14.2207          1.6059 
        2.65686         14.1527         1.59665 
          2.663         14.1294         1.58745 
        2.66915         14.0878         1.57833 
        2.67527         14.0562         1.56931 
        2.68141         13.9972         1.56034 
        2.68755         13.9512         1.55144 
        2.69368         13.8979         1.54262 
        2.69981         13.8445         1.53388 
        2.70595         13.8206         1.52518 
        2.71209         13.7499         1.51655 
        2.71823         13.6914           1.508 
        2.72436         13.6465         1.49952 
         2.7305         13.6077          1.4911 
        2.73663         13.5944         1.48274 
        2.74276         13.5368         1.47446 
         2.7489         13.4992         1.46623 
        2.75504         13.4519         1.45806 
        2.76118          13.387         1.44995 
        2.76732         13.3457         1.44191 
        2.77345         13.3028         1.43393 
        2.77959         13.2549         1.42601 
        2.78572         13.2061         1.41816 
        2.79186         13.1703         1.41036 
        2.79798          13.106         1.40264 
        2.80412         13.0668         1.39495 
        2.81027         13.0147         1.38732 
         2.8164         12.9852         1.37975 
        2.82253         12.9468         1.37225 
        2.82867         12.9109         1.36479 
        2.83481         12.8587         1.35739 
        2.84095         12.8174         1.35005 
        2.84708         12.7875         1.34277 
        2.85322         12.7221         1.33553 
        2.85935         12.6959         1.32835 
        2.86549         12.6322         1.32122 
        2.87162         12.6159         1.31415 
        2.87776         12.5578         1.30713 
        2.88389         12.5162         1.30016 
        2.89003          12.483         1.29324 
        2.89617         12.4486         1.28637 
        2.90231          12.399         1.27955 
        2.90844         12.3795         1.27278 
        2.91458         12.3298         1.26606 
        2.92071         12.2792         1.25939 
        2.92684         12.2574         1.25277 
        2.93298         12.2048          1.2462 
         2.9391         12.1725         1.23968 
        2.94524         12.1236          1.2332 
        2.95138          12.101         1.22677 
        2.95752         12.0411         1.22037 
        2.96367           12.02         1.21402 
         2.9698         11.9764         1.20773 
        2.97594         11.9338         1.20147 
        2.98207         11.8969         1.19526 
        2.98821         11.8553          1.1891 
        2.99434         11.8078         1.18299 
        3.00048         11.7743         1.17691 
        3.00662         11.7438         1.17087 
        3.01275         11.6985         1.16489 
        3.01888         11.6595         1.15894 
        3.02503         11.6228         1.15303 
        3.03117         11.5878         1.14716 
        3.03729         11.5606         1.14135 
        3.04342         11.5066         1.13557 
        3.04957         11.4784         1.12981 
         3.0557         11.4405         1.12411 
        3.06183         11.3998         1.11846 
        3.06796         11.3618         1.11283 
        3.07411          11.337         1.10724 
        3.08025         11.2941         1.10169 
        3.08637         11.2502         1.09619 
         3.0925         11.2147         1.09072 
        3.09865         11.1997         1.08528 
         3.1048           11.14         1.07988 
        3.11093         11.1052         1.07452 
        3.11706         11.0873          1.0692 
         3.1232         11.0392         1.06391 
        3.12933         11.0261         1.05866 
        3.13547         10.9907         1.05345 
        3.14159         10.9469         1.04828 
        3.14773         10.8934         1.04313 
        3.15388         10.8859         1.03801 
        3.16001         10.8513         1.03294 
        3.16614         10.8205          1.0279 
        3.17228          10.778         1.02289 
        3.17842         10.7531         1.01792 
        3.18455         10.7262         1.01298 
        3.19068         10.6783         1.00807 
        3.19682         10.6407         1.00319 
        3.20297         10.6187        0.998346 
         3.2091         10.5888        0.993535 
        3.21524         10.5353        0.988755 
        3.22138         10.5151        0.984008 
         3.2275         10.4858        0.979298 
        3.23363         10.4476        0.974618 
        3.23977         10.4268        0.969963 
        3.24591         10.3937        0.965339 
        3.25205         10.3656        0.960742 
        3.25818         10.3314        0.956177 
        3.26432         10.2918        0.951644 
        3.27046         10.2699        0.947139 
         3.2766         10.2333        0.942663 
        3.28273          10.211        0.938218 
        3.28887         10.1647        0.933802 
          3.295         10.1362        0.929414 
        3.30113         10.1032        0.925055 
        3.30727         10.0812        0.920723 
        3.31341         10.0405        0.916421 
        3.31954         10.0251        0.912146 
        3.32568         9.98919        0.907895 
        3.33182         9.96116        0.903672 
        3.33795         9.93981         0.89948 
        3.34409         9.89437         0.89531 
        3.35022         9.87361        0.891167 
        3.35636         9.84829        0.887054 
         3.3625         9.81559        0.882963 
        3.36864          9.7806        0.878899 
        3.37477         9.75669        0.874861 
        3.38091         9.72014        0.870851 
        3.38704         9.69552        0.866866 
        3.39318         9.67257        0.862903 
        3.39931         9.63021        0.858966 
        3.40545         9.60115        0.855055 
        3.41158         9.57155        0.851168 
        3.41772         9.54928        0.847305 
        3.42385         9.52566        0.843469 
        3.42998         9.48617        0.839655 
        3.43612         9.46097        0.835865 
        3.44226         9.43341        0.832096 
         3.4484         9.41891        0.828345 
        3.45453         9.38323        0.824626 
        3.46066         9.34604        0.820931 
        3.46681         9.33365         0.81725 
        3.47295         9.30937        0.813593 
        3.47908         9.27728        0.809967 
        3.48521         9.24302        0.806362 
        3.49135         9.22244        0.802772 
        3.49749         9.19984        0.799207 
        3.50362         9.17568        0.795665 
        3.50976          9.1389        0.792145 
        3.51589         9.10433        0.788645 
        3.52203         9.07776        0.785167 
        3.52816         9.06633        0.781714 
        3.53429         9.03581        0.778278 
        3.54043         9.00822        0.774859 
        3.54657         8.98837        0.771461 
        3.55271         8.95502        0.768088 
        3.55884         8.93836        0.764737 
        3.56498          8.9034        0.761399 
        3.57112         8.87636        0.758082 
        3.57725         8.85179        0.754789 
        3.58338         8.83259        0.751517 
        3.58952         8.80063        0.748261 
        3.59566         8.78149        0.745021 
         3.6018         8.75449        0.741804 
        3.60793         8.73004        0.738608 
        3.61407         8.69963        0.735431 
        3.62021         8.68387         0.73227 
        3.62634         8.64365        0.729129 
        3.63247         8.62015        0.726007 
        3.63861         8.61103        0.722904 
        3.64475         8.57534        0.719813 
        3.65089         8.55996        0.716745 
        3.65702         8.52098        0.713698 
        3.66316         8.50107        0.710665 
        3.66929         8.48531        0.707651 
        3.67543          8.4605        0.704655 
        3.68156         8.43259        0.701676 
        3.68769         8.41341        0.698714 
        3.69383         8.39675        0.695768 
        3.69997         8.35775        0.692839 
        3.70611         8.34854        0.689928 
        3.71224         8.32401        0.687033 
        3.71838         8.28933        0.684155 
        3.72451         8.26955        0.681295 
        3.73065         8.25129        0.678452 
        3.73678         8.23235        0.675624 
        3.74292         8.19507         0.67281 
        3.74906         8.17799        0.670013 
        3.75519         8.15561        0.667233 
        3.76133         8.13522        0.664469 
        3.76746         8.11674        0.661721 
         3.7736         8.08618         0.65899 
        3.77974         8.06224        0.656271 
        3.78588         8.05169        0.653567 
        3.79201         8.01505        0.650881 
        3.79814         8.00272        0.648211 
        3.80428         7.97234        0.645554 
        3.81042         7.95578        0.642911 
        3.81655         7.92996        0.640284 
        3.82268         7.91223        0.637674 
        3.82882         7.89245        0.635078 
        3.83496         7.87343        0.632493 
        3.84109         7.84823        0.629925 
        3.84723         7.81765        0.627371 
        3.85337         7.80051        0.624829 
        3.85951          7.7786          0.6223 
        3.86565         7.75697        0.619789 
        3.87178         7.74783        0.617293 
        3.87791         7.71431         0.61481 
        3.88405          7.7002        0.612339 
        3.89019         7.68238        0.609882 
        3.89632         7.65586        0.607439 
        3.90246         7.63468        0.605009 
         3.9086         7.60938        0.602591 
        3.91473         7.58619         0.60019 
        3.92086          7.5733        0.597804 
        3.92699         7.55285        0.595427 
        3.93313         7.52657        0.593061 
        3.93927         7.50905        0.590711 
         3.9454         7.48765        0.588373 
        3.95154         7.46507        0.586046 
        3.95768         7.45009        0.583732 
        3.96382         7.43597        0.581431 
        3.96995          7.4077        0.579143 
        3.97609         7.39432        0.576867 
        3.98222          7.3655        0.574606 
        3.98836         7.35518        0.572354 
         3.9945         7.33021        0.570115 
        4.00063         7.31059        0.567889 
        4.00677         7.29421        0.565672 
        4.01291         7.27425        0.563468 
        4.01904         7.24999        0.561279 
        4.02517         7.22541        0.559102 
        4.03131         7.21464        0.556931 
        4.03745         7.19156        0.554773 
        4.04358         7.16837        0.552629 
        4.04972         7.15929        0.550496 
        4.05585         7.13555        0.548373 
        4.06199         7.11694        0.546262 
        4.06812          7.0927        0.544162 
        4.07426         7.07427        0.542073 
         4.0804         7.06251        0.539994 
        4.08654         7.04081        0.537925 
        4.09267         7.02449        0.535871 
         4.0988         7.00701        0.533828 
        4.10494         6.98154        0.531793 
        4.11108         6.97237        0.529768 
        4.11721         6.94425        0.527755 
        4.12334         6.92746        0.525754 
        4.12948         6.91326        0.523762 
        4.13561         6.88767        0.521779 
        4.14176           6.875        0.519805 
        4.14789         6.84734        0.517843 
        4.15403         6.83402        0.515892 
        4.16016          6.8131         0.51395 
         4.1663         6.80138        0.512019 
        4.17243         6.77573        0.510099 
        4.17857         6.76284        0.508187 
        4.18471         6.74701        0.506285 
        4.19084         6.72922        0.504393 
        4.19698         6.70989        0.502511 
        4.20312         6.69748        0.500638 
        4.20925         6.67703        0.498775 
        4.21538         6.66187        0.496923 
        4.22152         6.64874        0.495079 
        4.22766         6.62734        0.493243 
         4.2338         6.61142        0.491419 
        4.23993         6.58561        0.489603 
        4.24607         6.57095        0.487796 
         4.2522         6.55506        0.485998 
        4.25834         6.53399        0.484209 
        4.26447         6.52187        0.482431 
        4.27061         6.50601        0.480661 
        4.27674         6.48962          0.4789 
        4.28288         6.46756        0.477146 
        4.28902         6.45662        0.475402 
        4.29515         6.43344        0.473668 
        4.30129         6.41913        0.471941 
        4.30743         6.40795        0.470222 
        4.31356         6.38118        0.468513 
        4.31969         6.37455        0.466814 
        4.32583         6.35226        0.465123 
        4.33197         6.32921        0.463437 
         4.3381         6.32637        0.461761 
        4.34424         6.30222        0.460095 
        4.35038          6.2916        0.458434 
        4.35652          6.2654        0.456782 
        4.36265         6.25078        0.455141 
        4.36878          6.2422        0.453507 
        4.37492          6.2199         0.45188 
        4.38106         6.20437         0.45026 
        4.38719         6.19166        0.448651 
        4.39333         6.18121         0.44705 
        4.39946         6.15926        0.445455 
         4.4056         6.14739        0.443868 
        4.41173          6.1289        0.442289 
        4.41786         6.11156         0.44072 
          4.424         6.10069        0.439156 
        4.43014         6.08191        0.437598 
        4.43628         6.06622        0.436048 
        4.44241          6.0551        0.434508 
        4.44855         6.03623        0.432974 
        4.45469         6.02447        0.431446 
        4.46083         6.00329        0.429928 
        4.46696         5.99169        0.428418 
        4.47309         5.98061        0.426913 
        4.47923         5.96285        0.425416 
        4.48537         5.93832        0.423927 
         4.4915         5.92719        0.422445 
        4.49764         5.91565        0.420969 
        4.50378         5.89884        0.419499 
        4.50991         5.88729         0.41804 
        4.51604         5.87079        0.416586 
        4.52218          5.8492        0.415137 
        4.52832         5.84415        0.413697 
        4.53445         5.82952        0.412264 
        4.54059         5.81244        0.410837 
        4.54673         5.79451        0.409417 
        4.55286         5.77893        0.408003 
          4.559         5.76484        0.406596 
        4.56513         5.75348        0.405197 
        4.57127         5.74161        0.403804 
        4.57741         5.72116        0.402416 
        4.58354         5.71601        0.401036 
        4.58968         5.69727        0.399663 
        4.59582         5.68458        0.398294 
        4.60195         5.67149        0.396934 
        4.60809          5.6561         0.39558 
        4.61422         5.63766        0.394232 
        4.62036         5.62515         0.39289 
        4.62649         5.61448        0.391554 
        4.63263         5.59544        0.390225 
        4.63876         5.58129        0.388902 
         4.6449         5.57155        0.387584 
        4.65104         5.55581        0.386273 
        4.65717         5.54144        0.384969 
        4.66331         5.52849        0.383671 
        4.66944         5.51479        0.382377 
        4.67558         5.50024        0.381092 
        4.68171         5.49118        0.379811 
        4.68785         5.48217        0.378534 
        4.69399          5.4665        0.377265 
        4.70012         5.44827        0.376004 
        4.70625         5.43435        0.374746 
        4.71239         5.42494        0.373494 
        4.71853         5.40835        0.372248 
        4.72467         5.39307        0.371007 
         4.7308         5.38315        0.369773 
        4.73694         5.37106        0.368544 
        4.74308         5.35862         0.36732 
        4.74922         5.34502        0.366102 
        4.75535         5.33085         0.36489 
        4.76148         5.31828        0.363684 
        4.76762         5.30638        0.362482 
        4.77376         5.29099        0.361286 
        4.77989         5.28428        0.360096 
        4.78602         5.26893        0.358912 
        4.79216         5.25459        0.357731 
         4.7983         5.24428        0.356557 
        4.80443          5.2265        0.355389 
        4.81056         5.21646        0.354225 
         4.8167          5.2039        0.353066 
        4.82284         5.19261        0.351912 
        4.82898         5.18419        0.350764 
        4.83511         5.16906        0.349622 
        4.84125         5.15694        0.348483 
        4.84739         5.14439         0.34735 
        4.85352          5.1322        0.346223 
        4.85965         5.12544          0.3451 
        4.86579         5.10618        0.343982 
        4.87193          5.0978        0.342869 
        4.87807         5.08047        0.341761 
         4.8842         5.07276        0.340658 
        4.89034         5.05835         0.33956 
        4.89647          5.0481        0.338466 
        4.90261         5.03673        0.337378 
        4.90874         5.02459        0.336295 
        4.91488         5.01594        0.335217 
        4.92102         5.00038        0.334142 
        4.92715         4.99123        0.333072 
        4.93329         4.97884        0.332008 
        4.93942         4.96655        0.330948 
        4.94556         4.95328        0.329892 
         4.9517         4.94045        0.328841 
        4.95783         4.93105        0.327795 
        4.96397         4.91874        0.326753 
        4.97011         4.91544        0.325716 
        4.97624         4.90058        0.324683 
        4.98238         4.89077        0.323656 
        4.98851         4.87577        0.322632 
        4.99465         4.86613        0.321613 
        5.00078         4.85376        0.320599 
        5.00691         4.84363        0.319589 
        5.01305         4.83008        0.318583 
        5.01919         4.82227         0.31758 
        5.02533         4.81388        0.316583 
        5.03146         4.80511         0.31559 
         5.0376         4.78876        0.314602 
        5.04374         4.77792        0.313616 
        5.04987         4.77027        0.312636 
        5.05601         4.75804         0.31166 
        5.06215          4.7458        0.310688 
        5.06829         4.73136        0.309719 
        5.07442         4.72582        0.308756 
        5.08055           4.716        0.307798 
        5.08668         4.70451        0.306842 
        5.09282         4.69713         0.30589 
        5.09896         4.68562        0.304943 
        5.10509         4.67491           0.304 
        5.11123         4.66581        0.303061 
        5.11736         4.65507        0.302125 
         5.1235         4.64513        0.301194 
        5.12964         4.63639        0.300266 
        5.13577         4.62661        0.299343 
        5.14191         4.61459        0.298423 
        5.14804         4.60522        0.297508 
        5.15418         4.59186        0.296596 
        5.16032         4.58533        0.295688 
        5.16645         4.57192        0.294783 
        5.17259         4.56151        0.293883 
        5.17872         4.55998        0.292986 
        5.18486         4.55071        0.292093 
          5.191         4.53918        0.291203 
        5.19713          4.5311        0.290318 
        5.20327         4.51769        0.289437 
        5.20941         4.50884        0.288558 
        5.21555         4.49746        0.287683 
        5.22168          4.4904        0.286812 
        5.22781         4.48123        0.285946 
        5.23395         4.47278        0.285082 
        5.24009         4.46186        0.284222 
        5.24622         4.45354        0.283365 
        5.25236         4.44289        0.282513 
         5.2585         4.43552        0.281663 
        5.26463         4.42799        0.280817 
        5.27077         4.41969        0.279974 
         5.2769          4.4109        0.279136 
        5.28304         4.39951          0.2783 
        5.28917         4.39379        0.277469 
         5.2953         4.38189         0.27664 
        5.30144         4.37091        0.275815 
        5.30757         4.36598        0.274993 
        5.31371         4.35902        0.274174 
        5.31985         4.34796        0.273359 
        5.32599          4.3387        0.272546 
        5.33213         4.32945        0.271738 
        5.33826          4.3237        0.270932 
         5.3444         4.31279        0.270131 
        5.35053         4.30474        0.269332 
        5.35667         4.29947        0.268536 
        5.36281         4.28749        0.267743 
        5.36894         4.28002        0.266954 
        5.37507         4.27281        0.266169 
        5.38121         4.26207        0.265386 
        5.38735         4.25527        0.264606 
        5.39348         4.25226         0.26383 
        5.39961         4.24142        0.263057 
        5.40575         4.23444        0.262287 
        5.41189         4.22326        0.261519 
        5.41803         4.21902        0.260755 
        5.42416         4.20929        0.259994 
         5.4303         4.20099        0.259236 
        5.43644         4.19585        0.258481 
        5.44257         4.18565        0.257729 
        5.44871         4.17984         0.25698 
        5.45484         4.17389        0.256234 
        5.46098         4.16512        0.255491 
        5.46712         4.15399        0.254751 
        5.47325         4.14881        0.254014 
        5.47938         4.14452         0.25328 
        5.48552         4.13587        0.252549 
        5.49165         4.12611        0.251821 
        5.49779         4.12238        0.251095 
        5.50393         4.11185        0.250372 
        5.51006         4.10978        0.249652 
         5.5162         4.09837        0.248935 
        5.52234         4.09041        0.248221 
        5.52847         4.08704         0.24751 
        5.53461         4.07919        0.246801 
        5.54075         4.07067        0.246096 
        5.54688         4.06255        0.245393 
        5.55302         4.05369        0.244692 
        5.55915         4.05247        0.243995 
        5.56529         4.04611          0.2433 
        5.57143         4.03681        0.242608 
        5.57756          4.0324        0.241918 
         5.5837         4.02447        0.241232 
        5.58983         4.01911        0.240548 
        5.59597         4.01154        0.239867 
         5.6021         4.00661        0.239188 
        5.60824         4.00164        0.238512 
        5.61438         3.99144        0.237839 
        5.62051         3.98632        0.237168 
        5.62665         3.98141        0.236499 
        5.63278         3.97418        0.235834 
        5.63892         3.96736        0.235171 
        5.64505          3.9641         0.23451 
        5.65119         3.95811        0.233853 
        5.65733         3.95046        0.233197 
        5.66346         3.94915        0.232544 
         5.6696         3.94184        0.231894 
        5.67573         3.93392        0.231246 
        5.68187         3.93085          0.2306 
          5.688         3.92398        0.229957 
        5.69414         3.91907        0.229317 
        5.70028         3.91328        0.228679 
        5.70642         3.90611        0.228043 
        5.71255         3.90345        0.227409 
        5.71869         3.89831        0.226779 
        5.72482         3.89222        0.226151 
        5.73096         3.88849        0.225524 
        5.73709         3.88052        0.224901 
        5.74322         3.87768         0.22428 
        5.74936         3.87024        0.223661 
         5.7555         3.86655        0.223044 
        5.76164         3.85956         0.22243 
        5.76777         3.85418        0.221818 
        5.77391         3.85141        0.221208 
        5.78005          3.8474          0.2206 
        5.78618         3.84313        0.219995 
        5.79231         3.83793        0.219393 
        5.79845         3.83262        0.218792 
        5.80459         3.82668        0.218193 
        5.81073         3.82817        0.217598 
        5.81686         3.81978        0.217004 
          5.823         3.81734        0.216412 
        5.82914          3.8102        0.215823 
        5.83527         3.80697        0.215236 
         5.8414         3.79879        0.214651 
        5.84754         3.79815        0.214068 
        5.85368          3.7936        0.213487 
        5.85981          3.7913        0.212909 
        5.86595         3.78736        0.212332 
        5.87208         3.78244        0.211758 
        5.87822         3.77826        0.211186 
        5.88435         3.77509        0.210617 
        5.89049         3.77121        0.210049 
        5.89662          3.7684        0.209483 
        5.90276         3.76136        0.208919 
         5.9089           3.761        0.208357 
        5.91503         3.75947        0.207798 
        5.92117          3.7535         0.20724 
        5.92731         3.75078        0.206685 
        5.93344         3.74788        0.206131 
        5.93958         3.74376         0.20558 
        5.94572         3.73985        0.205031 
        5.95186         3.73682        0.204483 
        5.95799         3.73697        0.203938 
        5.96412         3.72898        0.203395 
        5.97026         3.72894        0.202853 
         5.9764          3.7285        0.202314 
        5.98253         3.72321        0.201777 
        5.98866         3.71938        0.201242 
         5.9948         3.71754        0.200708 
        6.00094         3.71673        0.200176 
        6.00707         3.71131        0.199647 
        6.01321         3.71096        0.199119 
        6.01935          3.7067        0.198593 
        6.02548         3.70338        0.198069 
        6.03162         3.70042        0.197547 
        6.03775         3.69748        0.197027 
        6.04389         3.69536        0.196509 
        6.05003         3.69557        0.195992 
        6.05617         3.69508        0.195478 
         6.0623         3.69195        0.194965 
        6.06844         3.69112        0.194454 
        6.07457         3.68862        0.193945 
         6.0807         3.68507        0.193438 
        6.08684          3.6836        0.192933 
        6.09298         3.68369         0.19243 
        6.09912         3.68104        0.191928 
        6.10525         3.68301        0.191428 
        6.11138         3.67951         0.19093 
        6.11752         3.67728        0.190433 
        6.12366         3.67561        0.189939 
        6.12979         3.67586        0.189446 
        6.13593          3.6701        0.188955 
        6.14207         3.66959        0.188465 
         6.1482         3.66798        0.187978 
        6.15434         3.66818        0.187492 
        6.16047         3.66791        0.187008 
        6.16661         3.67079        0.186526 
        6.17274         3.66516        0.186045 
        6.17887         3.66741        0.185566 
        6.18501         3.66569        0.185089 
        6.19115         3.66603        0.184613 
        6.19729           3.665        0.184138 
        6.20342         3.66643        0.183666 
        6.20956         3.66296        0.183196 
         6.2157         3.66257        0.182726 
        6.22183         3.66378        0.182259 
        6.22797         3.66317        0.181793 
         6.2341         3.66455        0.181329 
        6.24024         3.66108        0.180867 
        6.24638         3.66362        0.180405 
        6.25251         3.66343        0.179946 
        6.25865         3.66341        0.179489 
        6.26478          3.6635        0.179033 
        6.27092         3.66675        0.178578 
        6.27705         3.66547        0.178126 
        6.28318         3.66451        0.177674 
