# k  (h/Mpc)    Pcb(k)  (Mpc/h)^3    Pcb_linear(k)  (Mpc/h)^3
     0.00783031         5025.07         5083.58 
       0.013688         6426.57         6405.11 
       0.019231         6586.88         6579.78 
      0.0249154         6093.14         6165.51 
      0.0312784         5385.85         5411.77 
      0.0375637         4667.03          4659.7 
      0.0433917         4052.63         4086.83 
      0.0492413          3653.9         3661.98 
      0.0555754         3291.18         3342.33 
      0.0619321         3121.22         3108.23 
       0.067871          2874.3         2912.97 
      0.0738098         2666.31         2704.69 
      0.0800417         2408.89         2460.15 
      0.0862327         2174.97          2202.6 
      0.0921407         1959.06          1965.8 
      0.0982031         1740.89         1753.82 
       0.104506         1600.75         1580.15 
       0.110769         1473.48         1455.42 
       0.116806         1377.31         1370.99 
       0.122832         1320.37         1307.44 
       0.129052          1242.4          1248.1 
       0.135211         1179.89         1183.95 
       0.141259          1120.4         1111.03 
       0.147318            1048         1030.11 
       0.153489         958.654         946.154 
       0.159709         891.779         867.789 
       0.165845         841.492         802.356 
       0.171974         784.227         750.978 
       0.178125         746.632         712.182 
       0.184229         718.319         682.655 
        0.19034         676.449         657.402 
       0.196428          663.08         632.357 
       0.202534         641.921         604.716 
       0.208729         607.698         573.485 
       0.214876         572.158         540.545 
       0.220989         550.315          508.06 
       0.227147         516.395         477.856 
        0.23329         492.984         451.751 
       0.239377         478.475         430.308 
       0.245482         448.644         412.693 
       0.251667         442.652           397.6 
       0.257832         428.168         383.877 
       0.263955         413.448         370.344 
       0.270079         398.751         356.188 
        0.27624         391.288         341.245 
       0.282372         374.962         326.054 
        0.28843         361.195         311.372 
       0.294538         345.132         297.524 
       0.300721         340.203         284.906 
        0.30691         324.447         273.808 
       0.313033         316.537         264.152 
       0.319153         304.055         255.467 
       0.325316         297.155          247.26 
        0.33145         287.518         239.284 
       0.337538         283.126          231.34 
       0.343633         273.663         223.335 
       0.349808         265.147         215.272 
       0.355968         260.233         207.451 
       0.362074         253.042         200.105 
       0.368217         246.192         193.227 
       0.374374         238.409         186.897 
       0.380519         233.893         181.079 
       0.386598         227.952         175.716 
       0.392688         224.726         170.616 
        0.39888         218.867         165.591 
       0.405048         214.007         160.688 
       0.411186         209.285         155.887 
       0.417313          204.64         151.189 
       0.423458         200.403         146.625 
       0.429607         195.587         142.247 
       0.435692         189.616          138.13 
       0.441815         188.256         134.222 
       0.447964         185.041         130.514 
       0.454126         177.153         126.982 
       0.460267         175.197         123.615 
       0.466387         172.605         120.377 
        0.47254         169.259          117.21 
       0.478662         167.467          114.14 
       0.484765         162.852         111.165 
       0.490885         160.212         108.272 
       0.497035          158.15         105.466 
       0.503198         153.902         102.764 
       0.509342         151.319         100.186 
       0.515458         149.226          97.726 
       0.521598         147.252         95.3524 
       0.527764         144.974         93.0557 
       0.533884         142.597         90.8529 
           0.54         140.221         88.7193 
       0.546137         139.047         86.6384 
       0.552299         136.837         84.6077 
       0.558452         133.924         82.6416 
       0.564573         131.557         80.7479 
       0.570708         129.895         78.9126 
       0.576825         128.044         77.1438 
       0.582926         125.785         75.4383 
       0.589034         123.603          73.787 
       0.595184         122.273         72.1781 
       0.601379         120.958         70.6082 
       0.607522         118.043         69.0972 
       0.613639         117.863         67.6348 
       0.619772         115.157          66.209 
       0.625918          114.11         64.8204 
       0.632068         112.786         63.4711 
       0.638161         111.502         62.1734 
         0.6443         109.997         60.9042 
       0.650464         108.643         59.6674 
       0.656582         107.338         58.4748 
       0.662703         105.382         57.3154 
       0.668861         104.298         56.1813 
       0.675024         103.101         55.0775 
       0.681124         101.904         54.0149 
       0.687237         100.136         52.9784 
       0.693381         99.1194         51.9645 
       0.699536         97.9017         50.9754 
       0.705665         98.3545         50.0165 
       0.711789         95.6644         49.0834 
       0.717957         95.1538          48.168 
        0.72409         93.8183         47.2815 
       0.730186         92.2677         46.4231 
       0.736317         92.1042         45.5818 
       0.742472         90.9795         44.7587 
       0.748622         90.2052         43.9571 
        0.75476         89.2098         43.1772 
       0.760888         87.9855         42.4177 
       0.767043          87.161         41.6736 
       0.773185         86.1691         40.9491 
       0.779291         85.5587         40.2462 
       0.785407         84.8361         39.5589 
       0.791564         83.7312         38.8835 
       0.797719         82.5825         38.2244 
       0.803834         82.2944         37.5851 
       0.809972         80.8995         36.9582 
       0.816124         80.3174         36.3445 
       0.822261         79.7474         35.7466 
       0.828378         79.0582         35.1641 
       0.834502         78.2584         34.5943 
       0.840667         77.5876         34.0336 
       0.846816         76.6512         33.4871 
       0.852925         75.9747         32.9561 
       0.859047         75.0169         32.4357 
       0.865192          74.732          31.925 
       0.871341         74.2492         31.4251 
       0.877463         72.9717         30.9382 
       0.883569         72.5537          30.463 
       0.889708         72.1878         29.9955 
       0.895864          71.521         29.5367 
       0.902008         70.9081         29.0886 
       0.908149         70.4112         28.6501 
       0.914301         69.7775         28.2201 
       0.920448         69.1448         27.7994 
       0.926574         68.6041         27.3888 
       0.932687         68.1641         26.9875 
       0.938823         67.1335         26.5929 
       0.944975         66.9867         26.2054 
       0.951105         66.3267         25.8271 
       0.957225          65.512         25.4569 
       0.963368         65.4075         25.0929 
       0.969511          64.946          24.736 
       0.975621         64.4562         24.3881 
       0.981748         63.7513         24.0461 
       0.987916         63.3973         23.7086 
        0.99406         63.0382         23.3789 
        1.00019         62.2261         23.0561 
        1.00632         62.0041         22.7399 
        1.01246         61.4409         22.4292 
        1.01859         60.7122         22.1248 
        1.02471         60.8986         21.8266 
        1.03085           60.19         21.5328 
        1.03698         59.6344         21.2452 
        1.04314         59.0659         20.9617 
        1.04929          58.844          20.684 
        1.05541         58.2226         20.4126 
        1.06154         58.1481         20.1454 
        1.06769         57.6005         19.8826 
        1.07382         57.2895         19.6255 
        1.07993         57.0645         19.3735 
        1.08607         56.4436         19.1249 
        1.09222         56.2291         18.8805 
        1.09836          55.788         18.6407 
        1.10449         55.3963         18.4054 
        1.11063         54.7928         18.1739 
        1.11677         54.5348         17.9465 
         1.1229         54.3316         17.7235 
        1.12903         53.5714          17.504 
        1.13518          53.641         17.2882 
        1.14131         53.4104         17.0761 
        1.14745         52.7035         16.8677 
        1.15359         52.6235         16.6629 
        1.15973         52.0475         16.4613 
        1.16584         51.7207          16.264 
        1.17197         51.5563         16.0698 
        1.17811         51.1935         15.8781 
        1.18424         50.6833         15.6901 
        1.19038          50.631         15.5047 
        1.19652         50.3461         15.3223 
        1.20267         49.9706          15.143 
        1.20881          49.613         14.9665 
        1.21495         49.2582         14.7932 
        1.22108         48.9746         14.6227 
         1.2272         48.4862         14.4553 
        1.23334          48.359         14.2901 
        1.23949         48.2212         14.1272 
        1.24562         47.8837         13.9673 
        1.25174         47.6526         13.8101 
        1.25789         47.3491         13.6549 
        1.26402         46.9978         13.5024 
        1.27014         46.6115         13.3526 
        1.27628         46.4706         13.2046 
        1.28244         46.1128         13.0586 
        1.28858         45.9645         12.9151 
        1.29471          45.773          12.774 
        1.30084         45.4941         12.6352 
        1.30697         45.1165         12.4983 
        1.31312         44.7732         12.3632 
        1.31925         44.6947         12.2306 
        1.32537         44.4575            12.1 
        1.33151           44.13         11.9709 
        1.33765         44.0798         11.8438 
        1.34378         43.8104         11.7188 
        1.34992          43.254         11.5955 
        1.35606         43.0919         11.4738 
         1.3622         42.8672          11.354 
        1.36833         42.6776         11.2363 
        1.37445         42.6393         11.1202 
        1.38059         42.3785         11.0055 
        1.38675         42.0106         10.8921 
        1.39288          41.884         10.7808 
        1.39901         41.5271         10.6711 
        1.40515         41.3674         10.5627 
         1.4113         41.2608         10.4559 
        1.41742         40.8238         10.3509 
        1.42355         40.7539         10.2472 
         1.4297         40.4693         10.1447 
        1.43585         40.4216         10.0436 
        1.44198         40.0836         9.94422 
        1.44809         39.9006         9.84643 
        1.45423         39.7697          9.7496 
        1.46036         39.5926         9.65425 
        1.46649         39.3029         9.56016 
        1.47263         39.1297         9.46726 
        1.47877         39.0007         9.37564 
        1.48491         38.7782          9.2851 
        1.49104         38.5992         9.19596 
        1.49718         38.2467         9.10794 
        1.50333         38.1882         9.02093 
        1.50947         37.9866         8.93525 
         1.5156          37.762         8.85082 
        1.52172         37.5228         8.76749 
        1.52787         37.5471         8.68507 
          1.534         37.2095         8.60382 
        1.54013         36.9858         8.52371 
        1.54627          36.936         8.44447 
        1.55241         36.7026         8.36624 
        1.55855         36.4939         8.28912 
        1.56467         36.2677         8.21319 
         1.5708         36.2175           8.138 
        1.57695         35.8775         8.06364 
        1.58308         35.9347          7.9904 
        1.58922         35.7127         7.91801 
        1.59535         35.4586         7.84656 
         1.6015         35.2931         7.77589 
        1.60764         35.2021         7.70613 
        1.61376         34.9863         7.63743 
        1.61989         34.7012         7.56951 
        1.62604         34.6802         7.50227 
        1.63218         34.4334          7.4359 
        1.63831         34.3344         7.37049 
        1.64444          34.194         7.30585 
        1.65059         33.9122         7.24183 
        1.65673         33.8101         7.17866 
        1.66285         33.6805         7.11642 
        1.66898         33.4913          7.0549 
        1.67512         33.3979           6.994 
        1.68127         33.1352         6.93377 
         1.6874          33.057         6.87438 
        1.69353         32.9123         6.81573 
        1.69967         32.7362         6.75764 
        1.70581         32.6129         6.70024 
        1.71193         32.4333         6.64374 
        1.71806         32.2889         6.58777 
        1.72421         32.0991         6.53235 
        1.73035         31.9918         6.47762 
        1.73649         31.8615         6.42354 
        1.74262         31.6768         6.37013 
        1.74876         31.6505         6.31729 
        1.75489         31.4098         6.26516 
        1.76101         31.2825         6.21365 
        1.76715         31.1481         6.16264 
        1.77329          31.052         6.11215 
        1.77943         30.8986         6.06221 
        1.78557          30.743          6.0129 
        1.79171         30.6173         5.96414 
        1.79785         30.4703         5.91591 
        1.80399         30.3308         5.86823 
        1.81012         30.2733         5.82114 
        1.81625         30.0978         5.77459 
        1.82239         30.0343         5.72848 
        1.82853         29.7604          5.6829 
        1.83466         29.6461         5.63787 
        1.84078         29.4536         5.59337 
        1.84692         29.4444         5.54929 
        1.85306         29.2631         5.50562 
         1.8592         29.1378          5.4625 
        1.86533         28.9846         5.41987 
        1.87147         28.8872         5.37764 
        1.87761         28.8676         5.33586 
        1.88375         28.6744         5.29456 
        1.88988         28.6088         5.25375 
        1.89601         28.3914         5.21335 
        1.90215         28.3301         5.17335 
        1.90829         28.2441         5.13379 
        1.91442         28.0485         5.09464 
        1.92056         27.9828         5.05594 
         1.9267         27.8283          5.0176 
        1.93284         27.6928         4.97964 
        1.93897          27.622         4.94215 
        1.94509         27.4971         4.90512 
        1.95123         27.3335         4.86839 
        1.95737         27.2473           4.832 
        1.96349         27.1256         4.79609 
        1.96964         26.9762         4.76043 
        1.97578         26.9492         4.72513 
        1.98192         26.7451         4.69026 
        1.98805          26.703         4.65574 
        1.99419         26.5548         4.62156 
        2.00033          26.397         4.58772 
        2.00647         26.3121         4.55422 
         2.0126         26.1654         4.52112 
        2.01874         26.1182          4.4883 
        2.02488         26.0948         4.45578 
        2.03101          25.924         4.42364 
        2.03714         25.7817         4.39185 
        2.04328          25.665         4.36034 
        2.04941         25.5833         4.32917 
        2.05554         25.5073         4.29833 
        2.06167          25.391         4.26774 
        2.06781         25.2931         4.23745 
        2.07396         25.1828         4.20742 
        2.08009          25.128         4.17773 
        2.08622         24.9866         4.14836 
        2.09237         24.8961         4.11922 
        2.09851         24.7671         4.09035 
        2.10464         24.7084         4.06181 
        2.11077         24.5259         4.03358 
        2.11691         24.5279         4.00555 
        2.12305         24.3722         3.97779 
        2.12918          24.317         3.95037 
        2.13531         24.2123          3.9232 
        2.14145         24.1169         3.89622 
         2.1476          23.973         3.86947 
        2.15372         23.9028          3.8431 
        2.15985         23.7762         3.81696 
        2.16599         23.7176         3.79098 
        2.17213         23.6434         3.76528 
        2.17827         23.4866         3.73982 
         2.1844         23.3863         3.71462 
        2.19054          23.323         3.68965 
        2.19666         23.2498         3.66494 
         2.2028         23.1859         3.64044 
        2.20893         23.0346         3.61615 
        2.21508         22.9658         3.59206 
        2.22122         22.8173         3.56818 
        2.22736         22.7936         3.54457 
        2.23349         22.6902         3.52118 
        2.23962         22.5899         3.49798 
        2.24577         22.4648         3.47498 
         2.2519         22.4116         3.45222 
        2.25802         22.3502          3.4297 
        2.26417         22.2509         3.40732 
        2.27031         22.1709         3.38512 
        2.27644         22.0975         3.36318 
        2.28257         21.9912         3.34144 
        2.28872         21.8688         3.31985 
        2.29486         21.8144         3.29846 
        2.30099         21.7156          3.2773 
        2.30712         21.7012         3.25632 
        2.31326         21.5785         3.23548 
         2.3194          21.466         3.21485 
        2.32553         21.3857         3.19443 
        2.33166         21.2806         3.17419 
         2.3378         21.1961         3.15411 
        2.34394         21.1386         3.13419 
        2.35007         21.0481         3.11447 
        2.35619         20.9268         3.09495 
        2.36233         20.8859         3.07555 
        2.36848           20.79         3.05628 
        2.37462          20.745         3.03721 
        2.38075         20.6523         3.01833 
        2.38689         20.6075         2.99959 
        2.39303         20.4733         2.98102 
        2.39916           20.41         2.96262 
        2.40529         20.3192         2.94438 
        2.41143         20.2757         2.92628 
        2.41757          20.187         2.90833 
         2.4237         20.0892         2.89056 
        2.42983          20.032         2.87294 
        2.43598         19.9534         2.85542 
        2.44211          19.847         2.83808 
        2.44823         19.7684         2.82092 
        2.45437         19.7209         2.80386 
        2.46052         19.6533         2.78692 
        2.46665         19.6007         2.77016 
        2.47279         19.5022         2.75354 
        2.47892         19.4368         2.73704 
        2.48507         19.3607         2.72067 
         2.4912         19.2878         2.70446 
        2.49733         19.1922          2.6884 
        2.50347         19.1564         2.67243 
        2.50961         19.0745          2.6566 
        2.51575         18.9884          2.6409 
        2.52188         18.9256         2.62535 
        2.52802         18.8533         2.60991 
        2.53416         18.7752         2.59459 
        2.54029         18.6819         2.57942 
        2.54641         18.6571         2.56437 
        2.55255         18.5568         2.54944 
        2.55869         18.4672         2.53459 
        2.56483         18.4473         2.51989 
        2.57096          18.348         2.50532 
        2.57709         18.2992         2.49086 
        2.58323         18.2254          2.4765 
        2.58937         18.1515         2.46225 
        2.59551         18.0751         2.44813 
        2.60164         18.0237         2.43413 
        2.60778         17.9826         2.42022 
        2.61392         17.8984         2.40642 
        2.62006         17.8083         2.39274 
        2.62619         17.7793         2.37917 
        2.63232         17.6596         2.36572 
        2.63846         17.6419         2.35234 
        2.64459         17.5386          2.3391 
        2.65072         17.4927         2.32595 
        2.65686         17.4169          2.3129 
          2.663         17.3525         2.29993 
        2.66915         17.3034         2.28707 
        2.67527         17.2656         2.27433 
        2.68141         17.1616         2.26168 
        2.68755         17.1182         2.24912 
        2.69368         17.0434         2.23667 
        2.69981         17.0016         2.22432 
        2.70595          16.939         2.21204 
        2.71209         16.8756         2.19985 
        2.71823         16.7872         2.18778 
        2.72436         16.7338         2.17579 
         2.7305         16.6727         2.16389 
        2.73663         16.6396         2.15208 
        2.74276         16.5765         2.14038 
         2.7489         16.5299         2.12874 
        2.75504         16.4593         2.11719 
        2.76118         16.4034         2.10572 
        2.76732         16.3206         2.09435 
        2.77345         16.2752         2.08306 
        2.77959         16.2023         2.07186 
        2.78572         16.1356         2.06074 
        2.79186         16.0862         2.04971 
        2.79798         16.0228         2.03877 
        2.80412         15.9522          2.0279 
        2.81027         15.9121         2.01708 
         2.8164         15.8476         2.00638 
        2.82253         15.7857         1.99574 
        2.82867         15.7451         1.98519 
        2.83481         15.6838          1.9747 
        2.84095         15.6351         1.96429 
        2.84708         15.5991         1.95397 
        2.85322         15.5167         1.94372 
        2.85935         15.4478         1.93354 
        2.86549         15.3997         1.92343 
        2.87162         15.3541          1.9134 
        2.87776         15.2899         1.90345 
        2.88389         15.2432         1.89356 
        2.89003         15.1729         1.88374 
        2.89617         15.1592         1.87399 
        2.90231         15.0659         1.86431 
        2.90844         15.0421          1.8547 
        2.91458         14.9891         1.84517 
        2.92071         14.9345          1.8357 
        2.92684          14.877          1.8263 
        2.93298         14.8341         1.81697 
         2.9391         14.7916         1.80771 
        2.94524         14.7126         1.79851 
        2.95138         14.6759         1.78936 
        2.95752         14.6199         1.78027 
        2.96367         14.5755         1.77125 
         2.9698         14.5315          1.7623 
        2.97594         14.4714         1.75341 
        2.98207         14.4039         1.74459 
        2.98821         14.3543         1.73583 
        2.99434         14.3048         1.72713 
        3.00048         14.2562         1.71848 
        3.00662         14.2254         1.70989 
        3.01275         14.1637         1.70138 
        3.01888         14.1126         1.69292 
        3.02503         14.0518          1.6845 
        3.03117         14.0229         1.67615 
        3.03729         13.9655         1.66787 
        3.04342         13.9086         1.65964 
        3.04957         13.8507         1.65145 
         3.0557         13.8228         1.64333 
        3.06183         13.7796         1.63527 
        3.06796         13.7147         1.62726 
        3.07411         13.6696         1.61929 
        3.08025           13.62         1.61139 
        3.08637         13.5652         1.60355 
         3.0925         13.5354         1.59575 
        3.09865         13.4895         1.58799 
         3.1048          13.438         1.58029 
        3.11093          13.403         1.57265 
        3.11706         13.3531         1.56506 
         3.1232         13.3147         1.55752 
        3.12933         13.2532         1.55003 
        3.13547         13.2182         1.54259 
        3.14159         13.1645         1.53521 
        3.14773         13.1055         1.52787 
        3.15388         13.0991         1.52056 
        3.16001         13.0441         1.51332 
        3.16614         13.0022         1.50613 
        3.17228         12.9599         1.49897 
        3.17842            12.9         1.49187 
        3.18455         12.8748         1.48482 
        3.19068         12.8234         1.47781 
        3.19682         12.7668         1.47084 
        3.20297         12.7301         1.46391 
         3.2091         12.6765         1.45704 
        3.21524         12.6395         1.45021 
        3.22138         12.6083         1.44342 
         3.2275         12.5683         1.43669 
        3.23363         12.5067            1.43 
        3.23977         12.4895         1.42334 
        3.24591         12.4426         1.41673 
        3.25205         12.3886         1.41015 
        3.25818         12.3481         1.40362 
        3.26432         12.3019         1.39714 
        3.27046         12.2765         1.39069 
         3.2766         12.2274         1.38429 
        3.28273         12.2079         1.37792 
        3.28887         12.1435          1.3716 
          3.295         12.1084         1.36532 
        3.30113         12.0512         1.35908 
        3.30727         12.0231         1.35287 
        3.31341         11.9841         1.34671 
        3.31954         11.9429         1.34059 
        3.32568         11.9181          1.3345 
        3.33182         11.8616         1.32845 
        3.33795         11.8366         1.32244 
        3.34409         11.7847         1.31647 
        3.35022         11.7446         1.31053 
        3.35636         11.7104         1.30463 
         3.3625          11.679         1.29877 
        3.36864         11.6322         1.29294 
        3.37477         11.5938         1.28715 
        3.38091         11.5422          1.2814 
        3.38704         11.5044         1.27568 
        3.39318         11.4925            1.27 
        3.39931         11.4298         1.26435 
        3.40545         11.4016         1.25874 
        3.41158         11.3676         1.25316 
        3.41772          11.325         1.24762 
        3.42385          11.281         1.24211 
        3.42998         11.2445         1.23664 
        3.43612         11.2202         1.23119 
        3.44226         11.1893         1.22578 
         3.4484         11.1508          1.2204 
        3.45453         11.1043         1.21506 
        3.46066         11.0758         1.20975 
        3.46681         11.0328         1.20446 
        3.47295         10.9992          1.1992 
        3.47908         10.9636         1.19399 
        3.48521         10.9098         1.18881 
        3.49135          10.887         1.18365 
        3.49749         10.8582         1.17853 
        3.50362         10.8378         1.17344 
        3.50976         10.7888         1.16838 
        3.51589         10.7439         1.16334 
        3.52203         10.7054         1.15834 
        3.52816         10.6857         1.15337 
        3.53429         10.6524         1.14843 
        3.54043         10.6164         1.14351 
        3.54657          10.587         1.13862 
        3.55271         10.5447         1.13377 
        3.55884         10.5089         1.12895 
        3.56498          10.474         1.12414 
        3.57112         10.4381         1.11937 
        3.57725          10.405         1.11463 
        3.58338         10.3729         1.10992 
        3.58952         10.3468         1.10523 
        3.59566         10.3156         1.10056 
         3.6018         10.2699         1.09593 
        3.60793         10.2479         1.09132 
        3.61407         10.2057         1.08675 
        3.62021         10.1763         1.08219 
        3.62634         10.1271         1.07767 
        3.63247          10.123         1.07317 
        3.63861         10.0803         1.06869 
        3.64475         10.0524         1.06424 
        3.65089         10.0134         1.05982 
        3.65702         9.98554         1.05542 
        3.66316         9.94022         1.05105 
        3.66929         9.92602          1.0467 
        3.67543           9.891         1.04238 
        3.68156         9.85679         1.03809 
        3.68769         9.82651         1.03381 
        3.69383         9.80205         1.02956 
        3.69997         9.75979         1.02533 
        3.70611         9.73472         1.02113 
        3.71224         9.70246         1.01696 
        3.71838         9.66908          1.0128 
        3.72451         9.64172         1.00867 
        3.73065         9.61449         1.00457 
        3.73678         9.57964         1.00049 
        3.74292          9.5485        0.996421 
        3.74906         9.51365        0.992383 
        3.75519         9.49073        0.988367 
        3.76133         9.44703        0.984374 
        3.76746         9.43901        0.980405 
         3.7736         9.40868        0.976458 
        3.77974         9.37341        0.972529 
        3.78588         9.34616        0.968622 
        3.79201         9.31097         0.96474 
        3.79814         9.27914        0.960879 
        3.80428         9.24998        0.957039 
        3.81042         9.22349        0.953217 
        3.81655         9.19632        0.949419 
        3.82268          9.1789        0.945645 
        3.82882         9.14527         0.94189 
        3.83496         9.12074        0.938152 
        3.84109         9.09228        0.934436 
        3.84723         9.05677        0.930742 
        3.85337          9.0219        0.927063 
        3.85951         8.99485        0.923404 
        3.86565         8.97364        0.919769 
        3.87178         8.94401        0.916157 
        3.87791         8.91937        0.912563 
        3.88405          8.8907        0.908986 
        3.89019          8.8532        0.905428 
        3.89632         8.83575        0.901892 
        3.90246         8.81746        0.898372 
         3.9086           8.776        0.894871 
        3.91473         8.74579        0.891393 
        3.92086         8.72627        0.887936 
        3.92699         8.69944        0.884492 
        3.93313         8.66959        0.881064 
        3.93927         8.64925        0.877659 
         3.9454          8.6116        0.874271 
        3.95154         8.58637        0.870898 
        3.95768         8.56504        0.867544 
        3.96382          8.5445        0.864209 
        3.96995         8.50947        0.860891 
        3.97609         8.49146        0.857592 
        3.98222         8.45723        0.854313 
        3.98836         8.43471        0.851048 
         3.9945         8.41058          0.8478 
        4.00063         8.38148        0.844571 
        4.00677          8.3641        0.841355 
        4.01291         8.33541        0.838157 
        4.01904         8.29825        0.834981 
        4.02517         8.27905        0.831822 
        4.03131         8.26664        0.828672 
        4.03745         8.22937         0.82554 
        4.04358         8.20874        0.822427 
        4.04972         8.17491        0.819331 
        4.05585         8.15324        0.816249 
        4.06199         8.13677        0.813183 
        4.06812           8.101        0.810134 
        4.07426         8.08216        0.807101 
         4.0804         8.06081         0.80408 
        4.08654         8.04165        0.801076 
        4.09267          8.0146        0.798091 
         4.0988         7.99162        0.795123 
        4.10494         7.96365        0.792167 
        4.11108         7.94178        0.789224 
        4.11721          7.9066        0.786299 
        4.12334         7.89045        0.783389 
        4.12948         7.86924        0.780494 
        4.13561         7.84018        0.777612 
        4.14176         7.82283        0.774742 
        4.14789          7.7954        0.771889 
        4.15403         7.77714        0.769052 
        4.16016         7.74908        0.766228 
         4.1663         7.72968        0.763419 
        4.17243         7.69676        0.760626 
        4.17857         7.67647        0.757845 
        4.18471         7.65801        0.755077 
        4.19084         7.63705        0.752325 
        4.19698         7.62238        0.749586 
        4.20312         7.59266         0.74686 
        4.20925         7.56725        0.744149 
        4.21538         7.53192        0.741454 
        4.22152         7.52129        0.738768 
        4.22766         7.50361        0.736096 
         4.2338         7.47748        0.733439 
        4.23993         7.45421        0.730795 
        4.24607         7.42917        0.728164 
         4.2522         7.41591        0.725546 
        4.25834         7.38509         0.72294 
        4.26447         7.37017         0.72035 
        4.27061         7.34312        0.717772 
        4.27674         7.32932        0.715205 
        4.28288         7.29578        0.712649 
        4.28902         7.27984        0.710108 
        4.29515         7.25499        0.707581 
        4.30129         7.23254        0.705064 
        4.30743         7.21829        0.702559 
        4.31356          7.1933        0.700067 
        4.31969         7.17124         0.69759 
        4.32583         7.14617        0.695124 
        4.33197         7.13338        0.692666 
         4.3381         7.10798        0.690222 
        4.34424         7.09406        0.687792 
        4.35038         7.07188         0.68537 
        4.35652         7.04285        0.682961 
        4.36265         7.03092        0.680566 
        4.36878         7.01266        0.678183 
        4.37492         6.98363        0.675808 
        4.38106         6.97017        0.673444 
        4.38719          6.9478        0.671096 
        4.39333          6.9288        0.668759 
        4.39946         6.91206        0.666431 
         4.4056         6.89168        0.664114 
        4.41173         6.87607        0.661809 
        4.41786         6.85131        0.659517 
          4.424         6.82523        0.657234 
        4.43014         6.81232        0.654959 
        4.43628         6.79603        0.652696 
        4.44241         6.77238        0.650446 
        4.44855          6.7462        0.648205 
        4.45469         6.73291        0.645973 
        4.46083         6.71729        0.643756 
        4.46696         6.69165        0.641549 
        4.47309          6.6773         0.63935 
        4.47923         6.65808        0.637162 
        4.48537         6.63085        0.634986 
         4.4915         6.61737        0.632819 
        4.49764         6.59587        0.630661 
        4.50378         6.57902        0.628513 
        4.50991         6.56504        0.626379 
        4.51604         6.53984        0.624254 
        4.52218         6.52674        0.622135 
        4.52832         6.50492        0.620028 
        4.53445         6.48898        0.617933 
        4.54059          6.4693        0.615846 
        4.54673         6.44865        0.613767 
        4.55286         6.44104        0.611699 
          4.559         6.41378        0.609641 
        4.56513         6.40103        0.607594 
        4.57127         6.37872        0.605555 
        4.57741         6.35888        0.603524 
        4.58354         6.34263        0.601505 
        4.58968         6.33058        0.599494 
        4.59582         6.31052        0.597491 
        4.60195         6.29109        0.595499 
        4.60809          6.2797        0.593517 
        4.61422         6.25785        0.591543 
        4.62036         6.23265        0.589579 
        4.62649         6.21641        0.587622 
        4.63263         6.20419        0.585676 
        4.63876         6.18053        0.583737 
         4.6449         6.17021        0.581807 
        4.65104         6.15065        0.579887 
        4.65717         6.13789        0.577976 
        4.66331         6.11411        0.576073 
        4.66944         6.09642        0.574178 
        4.67558         6.08004        0.572294 
        4.68171         6.07122        0.570416 
        4.68785         6.05299        0.568546 
        4.69399         6.03721        0.566685 
        4.70012         6.02003        0.564835 
        4.70625         6.00025        0.562992 
        4.71239         5.98599        0.561156 
        4.71853         5.96811        0.559328 
        4.72467         5.95367        0.557509 
         4.7308         5.93268        0.555698 
        4.73694         5.91951        0.553896 
        4.74308         5.90693        0.552101 
        4.74922         5.89219        0.550313 
        4.75535         5.88053        0.548536 
        4.76148          5.8575        0.546767 
        4.76762         5.84364        0.545002 
        4.77376         5.82672        0.543247 
        4.77989         5.81263        0.541502 
        4.78602          5.7932        0.539763 
        4.79216         5.77798         0.53803 
         4.7983         5.76513        0.536306 
        4.80443         5.75081        0.534591 
        4.81056         5.73414        0.532883 
         4.8167         5.72174        0.531181 
        4.82284         5.70437        0.529486 
        4.82898          5.6923          0.5278 
        4.83511         5.67606        0.526122 
        4.84125         5.65978        0.524449 
        4.84739           5.646        0.522785 
        4.85352         5.63602        0.521129 
        4.85965         5.61857         0.51948 
        4.86579         5.59929        0.517837 
        4.87193         5.58652        0.516201 
        4.87807         5.57215        0.514573 
         4.8842         5.55848        0.512952 
        4.89034         5.54062        0.511338 
        4.89647         5.52948        0.509731 
        4.90261         5.51421        0.508131 
        4.90874         5.49705        0.506539 
        4.91488         5.48759        0.504953 
        4.92102         5.47486        0.503373 
        4.92715         5.46122          0.5018 
        4.93329         5.44391        0.500235 
        4.93942         5.43382        0.498675 
        4.94556         5.42109        0.497122 
         4.9517         5.40338        0.495577 
        4.95783          5.3893        0.494038 
        4.96397         5.37586        0.492505 
        4.97011         5.36379        0.490979 
        4.97624         5.34694         0.48946 
        4.98238         5.34432        0.487947 
        4.98851         5.32085        0.486441 
        4.99465         5.30903        0.484941 
        5.00078         5.29754        0.483448 
        5.00691          5.2781        0.481961 
        5.01305         5.26846         0.48048 
        5.01919         5.25852        0.479004 
        5.02533         5.24471        0.477535 
        5.03146          5.2343        0.476074 
         5.0376         5.22284        0.474618 
        5.04374         5.20494        0.473167 
        5.04987         5.19564        0.471723 
        5.05601          5.1776        0.470286 
        5.06215          5.1666        0.468853 
        5.06829         5.15637        0.467427 
        5.07442         5.14354        0.466008 
        5.08055         5.13256        0.464595 
        5.08668         5.11435        0.463187 
        5.09282         5.10745        0.461784 
        5.09896         5.09962        0.460389 
        5.10509         5.08215        0.458999 
        5.11123         5.06817        0.457614 
        5.11736         5.05725        0.456235 
         5.1235         5.04642        0.454862 
        5.12964         5.03693        0.453495 
        5.13577         5.02343        0.452132 
        5.14191         5.01337        0.450776 
        5.14804         5.00083        0.449427 
        5.15418         4.98729        0.448082 
        5.16032         4.97439        0.446742 
        5.16645         4.96107        0.445408 
        5.17259         4.94916         0.44408 
        5.17872         4.93987        0.442757 
        5.18486         4.93006        0.441439 
          5.191         4.91737        0.440127 
        5.19713          4.9082        0.438821 
        5.20327         4.89694         0.43752 
        5.20941         4.88843        0.436223 
        5.21555         4.87605        0.434931 
        5.22168         4.86299        0.433646 
        5.22781         4.85187        0.432367 
        5.23395         4.84142        0.431092 
        5.24009         4.83008        0.429822 
        5.24622         4.81747        0.428557 
        5.25236         4.80626        0.427299 
         5.2585         4.80039        0.426043 
        5.26463         4.78782        0.424794 
        5.27077         4.78011         0.42355 
         5.2769         4.76594        0.422311 
        5.28304         4.75928        0.421077 
        5.28917         4.74439        0.419848 
         5.2953          4.7375        0.418625 
        5.30144         4.72587        0.417405 
        5.30757         4.71431        0.416191 
        5.31371         4.70392        0.414981 
        5.31985         4.69299        0.413776 
        5.32599         4.68307        0.412575 
        5.33213         4.67864        0.411379 
        5.33826         4.66494        0.410189 
         5.3444         4.65343        0.409004 
        5.35053         4.64601        0.407823 
        5.35667         4.63689        0.406647 
        5.36281         4.62551        0.405475 
        5.36894         4.61097        0.404308 
        5.37507         4.60637        0.403146 
        5.38121         4.59786        0.401988 
        5.38735         4.59117        0.400835 
        5.39348         4.58264        0.399687 
        5.39961         4.57008        0.398544 
        5.40575         4.56012        0.397404 
        5.41189         4.55122        0.396268 
        5.41803         4.54219        0.395138 
        5.42416         4.53534        0.394012 
         5.4303         4.52508         0.39289 
        5.43644         4.51358        0.391773 
        5.44257         4.50444         0.39066 
        5.44871         4.50147        0.389551 
        5.45484         4.48691        0.388447 
        5.46098         4.47827        0.387347 
        5.46712         4.47092        0.386251 
        5.47325         4.46508         0.38516 
        5.47938         4.45434        0.384074 
        5.48552          4.4481        0.382992 
        5.49165         4.44224        0.381913 
        5.49779         4.42627        0.380839 
        5.50393         4.42049        0.379768 
        5.51006         4.41043        0.378701 
         5.5162         4.40464        0.377639 
        5.52234         4.39583        0.376582 
        5.52847         4.38785        0.375527 
        5.53461          4.3784        0.374477 
        5.54075         4.37004        0.373432 
        5.54688         4.36433        0.372391 
        5.55302          4.3581        0.371352 
        5.55915          4.3467        0.370319 
        5.56529         4.34386        0.369289 
        5.57143         4.33095        0.368263 
        5.57756         4.32745        0.367241 
         5.5837         4.31822        0.366224 
        5.58983         4.31052         0.36521 
        5.59597         4.30204          0.3642 
         5.6021          4.2927        0.363194 
        5.60824         4.29063        0.362191 
        5.61438         4.28056        0.361192 
        5.62051         4.27013        0.360197 
        5.62665          4.2724        0.359206 
        5.63278         4.26022        0.358219 
        5.63892         4.25498        0.357235 
        5.64505         4.24702        0.356256 
        5.65119         4.24017         0.35528 
        5.65733         4.23498        0.354307 
        5.66346         4.22629        0.353338 
         5.6696         4.22088        0.352373 
        5.67573         4.21509        0.351412 
        5.68187         4.20752        0.350454 
          5.688         4.19866          0.3495 
        5.69414         4.19604        0.348549 
        5.70028         4.18692        0.347601 
        5.70642          4.1838        0.346657 
        5.71255         4.17362        0.345717 
        5.71869         4.17041        0.344781 
        5.72482         4.16129        0.343848 
        5.73096         4.15687        0.342919 
        5.73709         4.15091        0.341993 
        5.74322         4.14297        0.341071 
        5.74936         4.13972        0.340151 
         5.7555         4.13226        0.339235 
        5.76164         4.12841        0.338322 
        5.76777         4.12207        0.337414 
        5.77391         4.11803        0.336508 
        5.78005         4.10939        0.335605 
        5.78618         4.10572        0.334706 
        5.79231         4.10334        0.333812 
        5.79845         4.09559        0.332919 
        5.80459         4.09092        0.332029 
        5.81073         4.08673        0.331143 
        5.81686         4.08085        0.330261 
          5.823         4.07829        0.329382 
        5.82914         4.06954        0.328505 
        5.83527          4.0629        0.327633 
         5.8414         4.06027        0.326764 
        5.84754         4.05385        0.325897 
        5.85368         4.04818        0.325033 
        5.85981          4.0442        0.324173 
        5.86595         4.04101        0.323316 
        5.87208         4.03892        0.322462 
        5.87822         4.03395        0.321612 
        5.88435         4.02576        0.320765 
        5.89049         4.02055         0.31992 
        5.89662         4.01938        0.319078 
        5.90276          4.0164        0.318239 
         5.9089         4.01241        0.317403 
        5.91503         4.00603        0.316571 
        5.92117         4.00158        0.315742 
        5.92731         3.99793        0.314915 
        5.93344         3.99391        0.314091 
        5.93958         3.98867        0.313271 
        5.94572         3.98334        0.312453 
        5.95186         3.98095        0.311638 
        5.95799         3.98131        0.310827 
        5.96412         3.97397        0.310018 
        5.97026         3.97464        0.309212 
         5.9764         3.97126        0.308409 
        5.98253         3.96678         0.30761 
        5.98866         3.96058        0.306813 
         5.9948         3.95819        0.306018 
        6.00094         3.95441        0.305226 
        6.00707          3.9502        0.304437 
        6.01321         3.94542        0.303651 
        6.01935         3.94684        0.302868 
        6.02548         3.94417        0.302088 
        6.03162         3.93993         0.30131 
        6.03775         3.93696        0.300536 
        6.04389         3.93814        0.299764 
        6.05003         3.93142        0.298994 
        6.05617         3.93114        0.298227 
         6.0623         3.92669        0.297463 
        6.06844         3.92454        0.296701 
        6.07457         3.92287        0.295943 
         6.0807         3.91785        0.295187 
        6.08684         3.92059        0.294435 
        6.09298         3.91402        0.293684 
        6.09912          3.9153        0.292935 
        6.10525         3.91255         0.29219 
        6.11138         3.90956        0.291447 
        6.11752         3.91328        0.290707 
        6.12366         3.90778        0.289969 
        6.12979         3.90571        0.289235 
        6.13593         3.90545        0.288503 
        6.14207          3.9002        0.287772 
         6.1482           3.897        0.287045 
        6.15434         3.89835         0.28632 
        6.16047          3.8984        0.285598 
        6.16661         3.90158        0.284878 
        6.17274           3.896        0.284161 
        6.17887         3.89494        0.283446 
        6.18501          3.8958        0.282734 
        6.19115         3.89225        0.282024 
        6.19729         3.89326        0.281316 
        6.20342         3.89057        0.280611 
        6.20956         3.88769        0.279909 
         6.2157         3.89237        0.279208 
        6.22183         3.88785         0.27851 
        6.22797         3.88832        0.277815 
         6.2341         3.88937        0.277123 
        6.24024         3.89008        0.276432 
        6.24638          3.8888        0.275743 
        6.25251         3.88831        0.275057 
        6.25865          3.8893        0.274374 
        6.26478         3.88938        0.273693 
        6.27092         3.89091        0.273014 
        6.27705         3.88825        0.272338 
        6.28318         3.88616        0.271664 
