# k  (h/Mpc)    Pcb(k)  (Mpc/h)^3    Pcb_linear(k)  (Mpc/h)^3
     0.00783031         17428.2         17511.8 
       0.013688         21029.3         21624.3 
       0.019231         21437.5         21802.2 
      0.0249154         19999.5         19967.5 
      0.0312784         16815.5         17012.9 
      0.0375637         13940.7         14212.4 
      0.0433917         12089.5         12168.6 
      0.0492413         10576.8         10726.9 
      0.0555754         9659.01         9718.53 
      0.0619321         8692.36         9044.97 
       0.067871         8294.32         8506.48 
      0.0738098         7786.11         7911.93 
      0.0800417         7078.36         7172.45 
      0.0862327         6264.59          6358.8 
      0.0921407         5585.66         5594.06 
      0.0982031         5014.91         4907.42 
       0.104506         4415.48          4354.7 
       0.110769         4078.67         3976.44 
       0.116806         3904.33         3743.15 
       0.122832         3699.31         3588.55 
       0.129052         3521.17         3453.56 
       0.135211         3434.93          3297.8 
       0.141259         3179.63         3101.15 
       0.147318         2937.67         2864.69 
       0.153489         2737.64         2606.87 
       0.159709         2599.64         2360.74 
       0.165845         2361.52         2155.95 
       0.171974         2286.72         2000.55 
       0.178125         2207.48         1891.88 
       0.184229         2040.77         1818.75 
        0.19034         2019.91         1762.97 
       0.196428         1966.01         1707.86 
       0.202534         1849.84         1641.06 
       0.208729         1812.37         1557.16 
       0.214876         1724.76         1461.47 
       0.220989         1634.01         1362.68 
       0.227147         1582.83         1269.32 
        0.23329         1515.74         1189.76 
       0.239377         1506.08         1127.39 
       0.245482         1433.42         1080.18 
       0.251667         1382.99         1043.74 
       0.257832         1360.42         1012.84 
       0.263955         1299.82         981.991 
       0.270079         1264.88         947.312 
        0.27624          1212.9         907.394 
       0.282372         1197.32         864.044 
        0.28843         1174.64         820.451 
       0.294538         1120.49         778.837 
       0.300721         1098.87         741.576 
        0.30691         1070.81         710.216 
       0.313033         1029.56          684.77 
       0.319153         1019.21         663.374 
       0.325316         1005.43         644.021 
        0.33145         982.488         625.046 
       0.337538         950.153          605.31 
       0.343633         928.766         584.199 
       0.349808         910.889         561.841 
       0.355968         893.216         539.459 
       0.362074         864.448         518.199 
       0.368217         861.935         498.618 
       0.374374         848.833         481.135 
       0.380519         818.383         465.828 
       0.386598         813.635         452.313 
       0.392688         792.705          439.77 
        0.39888         776.822         427.449 
       0.405048         760.651         415.105 
       0.411186         759.622         402.579 
       0.417313         753.582         389.938 
       0.423458         731.693         377.334 
       0.429607          712.18          365.15 
       0.435692         705.523         353.817 
       0.441815          691.79         343.234 
       0.447964         683.404         333.466 
       0.454126         674.713         324.438 
       0.460267         666.048         315.959 
       0.466387         653.539         307.806 
        0.47254         644.528         299.775 
       0.478662         634.369         291.856 
       0.484765         627.239         284.001 
       0.490885         621.319          276.25 
       0.497035          608.71         268.702 
       0.503198         608.236         261.459 
       0.509342          596.72         254.594 
       0.515458         584.917         248.136 
       0.521598         583.556         242.019 
       0.527764         570.166         236.166 
       0.533884         564.156          230.56 
           0.54         560.197         225.099 
       0.546137         551.496         219.741 
       0.552299         548.724         214.476 
       0.558452         541.053         209.334 
       0.564573         538.297         204.346 
       0.570708         531.555         199.504 
       0.576825          521.37         194.864 
       0.582926         520.121         190.434 
       0.589034         511.963         186.182 
       0.595184         507.453         182.055 
       0.601379          499.84         178.032 
       0.607522          491.57         174.156 
       0.613639         491.096           170.4 
       0.619772         488.106         166.734 
       0.625918         479.569         163.154 
       0.632068         477.605         159.664 
       0.638161         472.305         156.299 
         0.6443         466.271         153.007 
       0.650464          462.77         149.806 
       0.656582         458.978         146.732 
       0.662703         454.901         143.759 
       0.668861         448.435         140.862 
       0.675024         446.822         138.046 
       0.681124         437.752         135.334 
       0.687237         437.848         132.683 
       0.693381         431.236         130.082 
       0.699536         431.489         127.541 
       0.705665          425.02         125.076 
       0.711789         423.707         122.678 
       0.717957         418.466         120.331 
        0.72409         414.383         118.063 
       0.730186         414.803         115.871 
       0.736317         408.219         113.727 
       0.742472         404.612          111.63 
       0.748622         403.295         109.589 
        0.75476          398.55         107.602 
       0.760888         396.522         105.666 
       0.767043         393.273         103.769 
       0.773185         390.108          101.92 
       0.779291         386.501         100.128 
       0.785407         383.835         98.3752 
       0.791564          381.82         96.6544 
       0.797719         375.791         94.9766 
       0.803834         377.092         93.3504 
       0.809972         371.131         91.7575 
       0.816124         368.563         90.1993 
       0.822261         366.105         88.6821 
       0.828378         364.483         87.2048 
       0.834502         358.731         85.7603 
       0.840667         358.492         84.3393 
       0.846816         354.076         82.9545 
       0.852925         354.617         81.6094 
       0.859047         350.635         80.2913 
       0.865192         348.818         78.9981 
       0.871341         344.864         77.7325 
       0.877463         343.769         76.5005 
       0.883569         340.906         75.2985 
       0.889708         337.601         74.1163 
       0.895864         333.818         72.9567 
       0.902008          332.98         71.8245 
       0.908149         329.769         70.7173 
       0.914301         328.748         69.6317 
       0.920448         325.269         68.5702 
       0.926574         323.458         67.5347 
       0.932687         322.851          66.523 
       0.938823         319.216         65.5285 
       0.944975         318.594         64.5522 
       0.951105         315.799         63.5994 
       0.957225         312.097         62.6676 
       0.963368         312.593         61.7515 
       0.969511         307.825         60.8537 
       0.975621         305.664         59.9787 
       0.981748         305.119         59.1188 
       0.987916         303.083         58.2704 
        0.99406         300.306          57.442 
        1.00019         297.576         56.6314 
        1.00632         297.209         55.8373 
        1.01246         294.676         55.0573 
        1.01859         292.073         54.2935 
        1.02471          290.36         53.5453 
        1.03085         289.329         52.8086 
        1.03698          287.78         52.0875 
        1.04314         286.123         51.3768 
        1.04929         284.547         50.6811 
        1.05541         282.282         50.0012 
        1.06154         280.025         49.3321 
        1.06769         278.042         48.6743 
        1.07382         275.913         48.0308 
        1.07993         275.155         47.4004 
        1.08607         273.725         46.7788 
        1.09222         271.133         46.1677 
        1.09836         270.067         45.5683 
        1.10449         268.439         44.9804 
        1.11063         266.822         44.4022 
        1.11677         264.187         43.8344 
         1.1229         263.898         43.2776 
        1.12903         261.265           42.73 
        1.13518         259.744         42.1915 
        1.14131         258.648         41.6626 
        1.14745         256.361         41.1431 
        1.15359         254.473         40.6324 
        1.15973         253.358         40.1303 
        1.16584         251.785         39.6389 
        1.17197         250.718         39.1551 
        1.17811         248.157         38.6779 
        1.18424          247.08         38.2101 
        1.19038         246.122         37.7487 
        1.19652         243.514         37.2951 
        1.20267         242.787          36.849 
        1.20881         241.275         36.4104 
        1.21495         240.199         35.9796 
        1.22108         238.529         35.5559 
         1.2272         236.314           35.14 
        1.23334         235.221         34.7299 
        1.23949         234.024         34.3253 
        1.24562         232.569         33.9283 
        1.25174         231.804         33.5383 
        1.25789         229.427         33.1532 
        1.26402         228.969         32.7748 
        1.27014         227.701         32.4033 
        1.27628         226.261         32.0365 
        1.28244         224.186         31.6746 
        1.28858         223.542         31.3188 
        1.29471         221.925         30.9694 
        1.30084         221.622         30.6256 
        1.30697          219.29         30.2865 
        1.31312         218.339          29.952 
        1.31925          217.02         29.6237 
        1.32537         216.296         29.3007 
        1.33151         214.375         28.9813 
        1.33765         213.121          28.667 
        1.34378          212.55         28.3579 
        1.34992         210.406         28.0531 
        1.35606         209.763         27.7522 
         1.3622         207.899         27.4563 
        1.36833         207.712         27.1654 
        1.37445         206.747         26.8789 
        1.38059         204.358         26.5956 
        1.38675         203.144         26.3158 
        1.39288         202.546         26.0411 
        1.39901         200.714         25.7705 
        1.40515         199.998         25.5032 
         1.4113         198.947         25.2397 
        1.41742         197.531          24.981 
        1.42355         196.536         24.7254 
         1.4297         195.541         24.4727 
        1.43585         194.804         24.2236 
        1.44198         193.183         23.9789 
        1.44809          192.55         23.7381 
        1.45423         191.379         23.4997 
        1.46036         190.362          23.265 
        1.46649         188.926         23.0334 
        1.47263         188.208         22.8048 
        1.47877         187.074         22.5795 
        1.48491         185.755         22.3568 
        1.49104         184.072         22.1376 
        1.49718         183.827         21.9212 
        1.50333         182.131         21.7073 
        1.50947         181.444         21.4968 
         1.5156         180.464         21.2893 
        1.52172         179.426         21.0846 
        1.52787         178.602         20.8822 
          1.534         177.927         20.6827 
        1.54013         176.509          20.486 
        1.54627         175.958         20.2916 
        1.55241         174.912         20.0996 
        1.55855         173.844         19.9104 
        1.56467         172.906         19.7241 
         1.5708         171.628         19.5397 
        1.57695         171.036         19.3574 
        1.58308         169.824         19.1778 
        1.58922         168.783         19.0004 
        1.59535         167.807         18.8254 
         1.6015         167.049         18.6522 
        1.60764         165.853         18.4814 
        1.61376         164.953         18.3131 
        1.61989         164.119         18.1469 
        1.62604         163.397         17.9823 
        1.63218         162.343         17.8199 
        1.63831         161.687         17.6598 
        1.64444         160.389         17.5017 
        1.65059         159.631         17.3451 
        1.65673         158.717         17.1906 
        1.66285         157.931         17.0385 
        1.66898         157.157         16.8881 
        1.67512         155.947         16.7392 
        1.68127         155.353         16.5921 
         1.6874         154.476          16.447 
        1.69353         153.789         16.3037 
        1.69967         152.697         16.1618 
        1.70581         152.226         16.0217 
        1.71193         151.258         15.8838 
        1.71806         150.186         15.7472 
        1.72421          149.36         15.6119 
        1.73035         148.659         15.4784 
        1.73649         147.642         15.3465 
        1.74262         146.889         15.2162 
        1.74876         146.255         15.0873 
        1.75489         145.907         14.9602 
        1.76101         144.587         14.8346 
        1.76715         143.857         14.7103 
        1.77329         142.874         14.5873 
        1.77943         142.058         14.4656 
        1.78557         141.196         14.3455 
        1.79171          140.57         14.2267 
        1.79785         139.616         14.1093 
        1.80399         139.084         13.9932 
        1.81012         138.564         13.8786 
        1.81625         137.353         13.7653 
        1.82239         137.131         13.6531 
        1.82853         135.914         13.5422 
        1.83466         134.929         13.4326 
        1.84078         134.643         13.3244 
        1.84692         134.019         13.2172 
        1.85306         133.111          13.111 
         1.8592         132.554         13.0062 
        1.86533         131.589         12.9026 
        1.87147         130.779            12.8 
        1.87761         130.233         12.6985 
        1.88375         129.384         12.5982 
        1.88988          128.83         12.4991 
        1.89601         128.139          12.401 
        1.90215         127.658         12.3038 
        1.90829         126.568         12.2078 
        1.91442         125.874         12.1128 
        1.92056         125.478         12.0189 
         1.9267         124.622         11.9258 
        1.93284         123.688         11.8337 
        1.93897         123.464         11.7428 
        1.94509          122.59          11.653 
        1.95123         121.983         11.5639 
        1.95737         121.439         11.4757 
        1.96349         120.631         11.3887 
        1.96964         119.816         11.3022 
        1.97578         119.347         11.2167 
        1.98192         118.907         11.1322 
        1.98805         118.326         11.0486 
        1.99419         117.416         10.9658 
        2.00033         116.867         10.8838 
        2.00647         116.349         10.8027 
         2.0126         115.564         10.7226 
        2.01874         114.831         10.6432 
        2.02488         114.452         10.5644 
        2.03101         113.915         10.4867 
        2.03714         113.195         10.4098 
        2.04328         112.698         10.3335 
        2.04941         112.063         10.2581 
        2.05554         111.658         10.1835 
        2.06167         110.798         10.1096 
        2.06781         110.439         10.0364 
        2.07396         109.684         9.96377 
        2.08009         109.028         9.89201 
        2.08622         108.566         9.82103 
        2.09237         107.786         9.75062 
        2.09851         107.448         9.68089 
        2.10464         106.979         9.61195 
        2.11077         106.252         9.54376 
        2.11691         105.624         9.47609 
        2.12305         105.067         9.40907 
        2.12918         104.613         9.34287 
        2.13531          104.02         9.27729 
        2.14145         103.585         9.21219 
         2.1476          102.96         9.14764 
        2.15372         102.324         9.08404 
        2.15985         101.904         9.02098 
        2.16599         101.153         8.95833 
        2.17213          100.82         8.89635 
        2.17827         100.296         8.83497 
         2.1844         99.7211         8.77423 
        2.19054         99.2364         8.71403 
        2.19666         98.4627         8.65449 
         2.2028         98.3012         8.59545 
        2.20893         97.8026         8.53693 
        2.21508         97.0181         8.47889 
        2.22122         96.5448         8.42137 
        2.22736         96.3623         8.36451 
        2.23349         95.7984         8.30818 
        2.23962         95.2382         8.25234 
        2.24577         94.5669         8.19697 
         2.2519         94.1194         8.14218 
        2.25802         93.7557         8.08798 
        2.26417         93.1082         8.03413 
        2.27031          92.517         7.98071 
        2.27644         92.2181         7.92793 
        2.28257         91.9309         7.87564 
        2.28872         91.2788         7.82372 
        2.29486          90.943         7.77228 
        2.30099         90.3598          7.7214 
        2.30712          89.958         7.67096 
        2.31326         89.4266         7.62088 
         2.3194         89.0965         7.57129 
        2.32553         88.6544         7.52221 
        2.33166         88.1474         7.47359 
         2.3378         87.5529         7.42534 
        2.34394         87.2193          7.3775 
        2.35007         86.6715         7.33014 
        2.35619         86.1374         7.28326 
        2.36233         85.7088         7.23668 
        2.36848         85.4155         7.19041 
        2.37462         85.0834         7.14465 
        2.38075         84.5279         7.09932 
        2.38689          84.164         7.05435 
        2.39303         83.8601         7.00978 
        2.39916         83.2667         6.96564 
        2.40529         82.9472         6.92188 
        2.41143         82.3828         6.87847 
        2.41757         81.8483         6.83541 
         2.4237         81.6227         6.79279 
        2.42983         81.1428         6.75055 
        2.43598            80.8         6.70855 
        2.44211         80.4574         6.66698 
        2.44823         79.9899         6.62586 
        2.45437         79.7215         6.58496 
        2.46052         79.2192         6.54439 
        2.46665          78.591         6.50422 
        2.47279         78.4077          6.4644 
        2.47892         78.0102          6.4249 
        2.48507         77.6425         6.38568 
         2.4912          77.195         6.34687 
        2.49733         76.8733          6.3084 
        2.50347         76.4794         6.27018 
        2.50961          75.993         6.23228 
        2.51575         75.8085         6.19471 
        2.52188         75.3093          6.1575 
        2.52802         75.0216         6.12055 
        2.53416         74.5355         6.08389 
        2.54029         74.1875          6.0476 
        2.54641         73.8135         6.01162 
        2.55255         73.4468         5.97589 
        2.55869          73.073          5.9404 
        2.56483         72.7931         5.90524 
        2.57096         72.2239         5.87041 
        2.57709         71.8785         5.83584 
        2.58323         71.6548         5.80152 
        2.58937         71.3185         5.76746 
        2.59551         70.9125         5.73372 
        2.60164         70.6101         5.70026 
        2.60778         70.1853         5.66702 
        2.61392          69.882         5.63407 
        2.62006          69.456         5.60138 
        2.62619         69.1817         5.56899 
        2.63232         68.9071         5.53685 
        2.63846         68.4971         5.50493 
        2.64459         68.2384          5.4733 
        2.65072         67.8887         5.44192 
        2.65686          67.579         5.41078 
          2.663         67.1745         5.37983 
        2.66915         66.9047         5.34913 
        2.67527         66.5418         5.31874 
        2.68141         66.1385         5.28857 
        2.68755         65.8448          5.2586 
        2.69368         65.5391         5.22889 
        2.69981         65.1345         5.19946 
        2.70595         64.9136         5.17017 
        2.71209         64.6842         5.14111 
        2.71823         64.3349         5.11232 
        2.72436         64.0255         5.08375 
         2.7305         63.6169         5.05539 
        2.73663         63.3927         5.02725 
        2.74276         63.0525         4.99935 
         2.7489         62.8338         4.97163 
        2.75504         62.4431         4.94411 
        2.76118         62.2197         4.91678 
        2.76732         61.8998         4.88969 
        2.77345         61.5267         4.86282 
        2.77959         61.3094         4.83614 
        2.78572         60.9557         4.80967 
        2.79186         60.6367         4.78341 
        2.79798         60.3541         4.75737 
        2.80412         60.0904         4.73147 
        2.81027         59.8895         4.70574 
         2.8164         59.4743         4.68026 
        2.82253          59.212         4.65496 
        2.82867         59.0683         4.62984 
        2.83481         58.7505          4.6049 
        2.84095         58.4054         4.58014 
        2.84708         58.1938          4.5556 
        2.85322         57.9571          4.5312 
        2.85935         57.5801         4.50699 
        2.86549         57.3846         4.48297 
        2.87162         57.0025         4.45913 
        2.87776         56.7427         4.43546 
        2.88389         56.5142         4.41195 
        2.89003          56.243         4.38863 
        2.89617         56.0031         4.36546 
        2.90231         55.7744         4.34246 
        2.90844         55.4378         4.31963 
        2.91458         55.1429         4.29697 
        2.92071          54.986          4.2745 
        2.92684         54.6274         4.25216 
        2.93298         54.3787         4.22999 
         2.9391         54.1578         4.20802 
        2.94524         53.8998         4.18616 
        2.95138         53.7429         4.16446 
        2.95752         53.3649         4.14288 
        2.96367         53.1222         4.12146 
         2.9698         52.8662         4.10023 
        2.97594         52.6535         4.07913 
        2.98207         52.4273         4.05818 
        2.98821         52.1207         4.03739 
        2.99434         51.9532         4.01675 
        3.00048         51.7367         3.99625 
        3.00662         51.3828         3.97588 
        3.01275         51.2473         3.95568 
        3.01888         50.9381         3.93562 
        3.02503         50.6954         3.91566 
        3.03117         50.4891         3.89585 
        3.03729         50.2378         3.87623 
        3.04342         49.9976         3.85673 
        3.04957         49.8788         3.83731 
         3.0557         49.5947         3.81806 
        3.06183         49.3827         3.79897 
        3.06796          49.076         3.77999 
        3.07411         48.8223         3.76111 
        3.08025          48.624         3.74238 
        3.08637         48.4586         3.72382 
         3.0925         48.2093         3.70535 
        3.09865         47.9961         3.68698 
         3.1048         47.7538         3.66873 
        3.11093         47.5689         3.65065 
        3.11706         47.3237         3.63268 
         3.1232         47.1366         3.61483 
        3.12933         46.8697         3.59709 
        3.13547         46.6621         3.57949 
        3.14159         46.4977         3.56202 
        3.14773         46.2227         3.54464 
        3.15388         46.0779         3.52736 
        3.16001         45.8488         3.51022 
        3.16614         45.6297         3.49321 
        3.17228         45.4505         3.47629 
        3.17842         45.2372         3.45948 
        3.18455         45.0617          3.4428 
        3.19068         44.7783         3.42624 
        3.19682         44.5278         3.40975 
        3.20297         44.3818         3.39338 
         3.2091         44.2532         3.37712 
        3.21524         44.0478         3.36098 
        3.22138         43.8312         3.34493 
         3.2275         43.6391         3.32902 
        3.23363         43.4864         3.31321 
        3.23977         43.1686         3.29748 
        3.24591         43.0571         3.28185 
        3.25205         42.8467         3.26632 
        3.25818          42.709         3.25089 
        3.26432         42.4979         3.23557 
        3.27046         42.2664         3.22035 
         3.2766         42.0346         3.20522 
        3.28273          41.917          3.1902 
        3.28887         41.6995         3.17527 
          3.295         41.5285         3.16044 
        3.30113         41.3402         3.14571 
        3.30727         41.1463         3.13106 
        3.31341         40.9937         3.11652 
        3.31954         40.7675         3.10207 
        3.32568          40.624          3.0877 
        3.33182          40.427         3.07342 
        3.33795         40.2777         3.05925 
        3.34409         40.0508         3.04515 
        3.35022         39.8997         3.03115 
        3.35636         39.6817         3.01724 
         3.3625         39.5707         3.00341 
        3.36864         39.3929         2.98966 
        3.37477         39.1869         2.97601 
        3.38091         39.0192         2.96245 
        3.38704         38.8276         2.94897 
        3.39318         38.6301         2.93557 
        3.39931         38.5197         2.92226 
        3.40545         38.3486         2.90903 
        3.41158         38.1946         2.89588 
        3.41772         37.9655         2.88282 
        3.42385         37.8347         2.86984 
        3.42998         37.7035         2.85694 
        3.43612         37.5149         2.84412 
        3.44226         37.3193         2.83137 
         3.4484         37.2275         2.81869 
        3.45453         37.0727         2.80611 
        3.46066         36.9101          2.7936 
        3.46681         36.7296         2.78115 
        3.47295         36.5736         2.76878 
        3.47908         36.3367         2.75651 
        3.48521         36.2027         2.74431 
        3.49135         36.0933         2.73217 
        3.49749         35.9065          2.7201 
        3.50362         35.7694         2.70812 
        3.50976         35.6098         2.69621 
        3.51589         35.5071         2.68436 
        3.52203         35.2943         2.67259 
        3.52816         35.1014         2.66091 
        3.53429         35.0056         2.64928 
        3.54043         34.8577         2.63771 
        3.54657         34.7283         2.62621 
        3.55271         34.5444         2.61479 
        3.55884         34.4667         2.60345 
        3.56498         34.2374         2.59215 
        3.57112         34.1284         2.58092 
        3.57725         33.9773         2.56978 
        3.58338         33.8083          2.5587 
        3.58952         33.6958         2.54768 
        3.59566         33.5664         2.53671 
         3.6018         33.3711         2.52582 
        3.60793         33.2728           2.515 
        3.61407         33.1317         2.50424 
        3.62021         32.9715         2.49354 
        3.62634         32.8354         2.48291 
        3.63247         32.6956         2.47234 
        3.63861         32.5448         2.46183 
        3.64475         32.4214         2.45137 
        3.65089          32.259         2.44098 
        3.65702         32.1693         2.43066 
        3.66316          31.981         2.42039 
        3.66929         31.8979         2.41018 
        3.67543         31.7383         2.40004 
        3.68156         31.5898         2.38995 
        3.68769         31.4747         2.37992 
        3.69383         31.3854         2.36994 
        3.69997         31.1932         2.36002 
        3.70611         31.1128         2.35016 
        3.71224         30.9748         2.34035 
        3.71838         30.8337          2.3306 
        3.72451         30.7095         2.32091 
        3.73065          30.588         2.31129 
        3.73678         30.4542         2.30171 
        3.74292         30.3101         2.29217 
        3.74906         30.2013          2.2827 
        3.75519         30.0396         2.27328 
        3.76133         29.9606         2.26391 
        3.76746         29.7987          2.2546 
         3.7736         29.7319         2.24535 
        3.77974         29.6004         2.23614 
        3.78588         29.4391         2.22698 
        3.79201         29.3237         2.21788 
        3.79814         29.2266         2.20883 
        3.80428         29.0978         2.19982 
        3.81042         28.9938         2.19087 
        3.81655         28.8031         2.18197 
        3.82268         28.7523         2.17312 
        3.82882         28.6185         2.16432 
        3.83496         28.5172         2.15557 
        3.84109         28.3916         2.14686 
        3.84723         28.2795         2.13821 
        3.85337         28.1558         2.12959 
        3.85951         28.0223         2.12102 
        3.86565         27.9237         2.11251 
        3.87178         27.8166         2.10405 
        3.87791         27.7144         2.09563 
        3.88405         27.5736         2.08725 
        3.89019         27.4899         2.07893 
        3.89632         27.3584         2.07065 
        3.90246         27.2442         2.06241 
         3.9086         27.1402         2.05421 
        3.91473         27.0549         2.04607 
        3.92086         26.9443         2.03798 
        3.92699         26.8153         2.02992 
        3.93313         26.7429          2.0219 
        3.93927         26.5984         2.01393 
         3.9454         26.5012           2.006 
        3.95154          26.366         1.99811 
        3.95768         26.2612         1.99027 
        3.96382         26.1942         1.98247 
        3.96995         26.1008         1.97471 
        3.97609         25.9688         1.96699 
        3.98222         25.8683         1.95932 
        3.98836         25.7537         1.95169 
         3.9945         25.6593         1.94409 
        4.00063         25.5888         1.93654 
        4.00677         25.4614         1.92902 
        4.01291         25.3702         1.92155 
        4.01904         25.2441         1.91412 
        4.02517         25.1579         1.90674 
        4.03131         25.0626         1.89938 
        4.03745         24.9777         1.89206 
        4.04358         24.8788         1.88478 
        4.04972         24.7956         1.87755 
        4.05585         24.6475         1.87035 
        4.06199         24.5732         1.86318 
        4.06812          24.473         1.85606 
        4.07426         24.3756         1.84898 
         4.0804         24.2681         1.84192 
        4.08654         24.1783          1.8349 
        4.09267         24.1115         1.82793 
         4.0988         24.0212           1.821 
        4.10494          23.919          1.8141 
        4.11108         23.8049         1.80723 
        4.11721         23.7469          1.8004 
        4.12334         23.6475         1.79361 
        4.12948          23.533         1.78685 
        4.13561           23.47         1.78012 
        4.14176         23.3622         1.77342 
        4.14789         23.2473         1.76676 
        4.15403         23.1765         1.76014 
        4.16016         23.1011         1.75355 
         4.1663         23.0262           1.747 
        4.17243         22.9016         1.74048 
        4.17857         22.8372           1.734 
        4.18471         22.7213         1.72754 
        4.19084         22.6581         1.72112 
        4.19698         22.5568         1.71473 
        4.20312          22.467         1.70837 
        4.20925         22.3885         1.70205 
        4.21538         22.3015         1.69577 
        4.22152         22.2216          1.6895 
        4.22766         22.1446         1.68327 
         4.2338           22.06         1.67708 
        4.23993          21.968         1.67092 
        4.24607         21.8856         1.66478 
         4.2522         21.8044         1.65868 
        4.25834         21.7266         1.65261 
        4.26447         21.6382         1.64657 
        4.27061          21.528         1.64056 
        4.27674         21.4877         1.63458 
        4.28288         21.3777         1.62862 
        4.28902         21.3121          1.6227 
        4.29515          21.224         1.61681 
        4.30129         21.1437         1.61095 
        4.30743         21.0485         1.60512 
        4.31356         21.0023         1.59931 
        4.31969         20.8988         1.59354 
        4.32583         20.8315          1.5878 
        4.33197         20.7473         1.58207 
         4.3381         20.6625         1.57638 
        4.34424          20.616         1.57072 
        4.35038         20.5299         1.56508 
        4.35652         20.4662         1.55948 
        4.36265          20.365          1.5539 
        4.36878         20.2943         1.54835 
        4.37492         20.2339         1.54283 
        4.38106         20.1423         1.53732 
        4.38719         20.0541         1.53186 
        4.39333         20.0055         1.52642 
        4.39946         19.9262           1.521 
         4.4056         19.8249         1.51561 
        4.41173         19.7748         1.51025 
        4.41786         19.7014         1.50492 
          4.424         19.6289         1.49961 
        4.43014         19.5623         1.49431 
        4.43628          19.475         1.48905 
        4.44241          19.397         1.48382 
        4.44855         19.3444         1.47861 
        4.45469         19.2739         1.47342 
        4.46083         19.2149         1.46826 
        4.46696         19.1372         1.46313 
        4.47309         19.0637         1.45802 
        4.47923         19.0155         1.45293 
        4.48537         18.9215         1.44787 
         4.4915         18.8548         1.44283 
        4.49764         18.7762         1.43782 
        4.50378         18.7019         1.43283 
        4.50991         18.6612         1.42787 
        4.51604         18.5837         1.42293 
        4.52218          18.541           1.418 
        4.52832         18.4538         1.41311 
        4.53445         18.3662         1.40824 
        4.54059         18.3091         1.40339 
        4.54673         18.2399         1.39856 
        4.55286         18.1978         1.39376 
          4.559         18.1178         1.38898 
        4.56513         18.0698         1.38422 
        4.57127         17.9973         1.37949 
        4.57741         17.9377         1.37477 
        4.58354         17.8663         1.37008 
        4.58968         17.7908         1.36541 
        4.59582           17.74         1.36076 
        4.60195          17.684         1.35614 
        4.60809         17.6157         1.35153 
        4.61422         17.5431         1.34695 
        4.62036         17.4906         1.34239 
        4.62649         17.4199         1.33785 
        4.63263         17.3638         1.33333 
        4.63876         17.3016         1.32883 
         4.6449         17.2507         1.32435 
        4.65104         17.1761          1.3199 
        4.65717         17.1322         1.31546 
        4.66331         17.0748         1.31105 
        4.66944         16.9999         1.30665 
        4.67558         16.9543         1.30228 
        4.68171         16.8853         1.29792 
        4.68785         16.8182         1.29359 
        4.69399         16.7669         1.28927 
        4.70012         16.6997         1.28498 
        4.70625         16.6557         1.28071 
        4.71239         16.6062         1.27645 
        4.71853         16.5387         1.27221 
        4.72467          16.493         1.26799 
         4.7308         16.4219         1.26379 
        4.73694         16.3789         1.25961 
        4.74308         16.3066         1.25545 
        4.74922         16.2543         1.25131 
        4.75535         16.2041         1.24719 
        4.76148          16.141         1.24309 
        4.76762         16.0952           1.239 
        4.77376         16.0226         1.23493 
        4.77989         15.9706         1.23089 
        4.78602         15.9204         1.22686 
        4.79216         15.8704         1.22284 
         4.7983         15.8097         1.21885 
        4.80443         15.7631         1.21488 
        4.81056         15.7066         1.21092 
         4.8167         15.6633         1.20698 
        4.82284         15.6075         1.20305 
        4.82898         15.5569         1.19915 
        4.83511         15.5104         1.19526 
        4.84125         15.4443         1.19139 
        4.84739         15.4071         1.18753 
        4.85352         15.3395          1.1837 
        4.85965         15.3021         1.17988 
        4.86579         15.2478         1.17608 
        4.87193         15.1899         1.17229 
        4.87807         15.1334         1.16852 
         4.8842         15.0799         1.16477 
        4.89034         15.0434         1.16103 
        4.89647         14.9835         1.15731 
        4.90261         14.9482         1.15361 
        4.90874         14.8988         1.14992 
        4.91488          14.862         1.14625 
        4.92102         14.8094          1.1426 
        4.92715         14.7494         1.13896 
        4.93329         14.7015         1.13534 
        4.93942         14.6541         1.13173 
        4.94556         14.5922         1.12813 
         4.9517          14.554         1.12456 
        4.95783         14.5176           1.121 
        4.96397         14.4568         1.11745 
        4.97011         14.4242         1.11392 
        4.97624         14.3655         1.11041 
        4.98238         14.3112         1.10691 
        4.98851         14.2803         1.10343 
        4.99465          14.229         1.09996 
        5.00078         14.1804         1.09651 
        5.00691         14.1408         1.09307 
        5.01305         14.1007         1.08965 
        5.01919         14.0528         1.08623 
        5.02533          13.997         1.08284 
        5.03146          13.965         1.07946 
         5.0376         13.9222          1.0761 
        5.04374         13.8699         1.07274 
        5.04987         13.8226         1.06941 
        5.05601         13.7849         1.06608 
        5.06215         13.7435         1.06277 
        5.06829          13.699         1.05948 
        5.07442         13.6606          1.0562 
        5.08055         13.6202         1.05294 
        5.08668         13.5744         1.04968 
        5.09282         13.5372         1.04644 
        5.09896         13.4883         1.04322 
        5.10509         13.4417         1.04001 
        5.11123         13.4089         1.03681 
        5.11736         13.3662         1.03363 
         5.1235         13.3295         1.03045 
        5.12964         13.2901          1.0273 
        5.13577          13.249         1.02415 
        5.14191         13.2056         1.02102 
        5.14804          13.157         1.01791 
        5.15418         13.1277          1.0148 
        5.16032         13.0823         1.01171 
        5.16645           13.04         1.00863 
        5.17259         13.0018         1.00556 
        5.17872         12.9704         1.00251 
        5.18486         12.9244        0.999467 
          5.191         12.8879        0.996438 
        5.19713         12.8546        0.993425 
        5.20327         12.8084        0.990423 
        5.20941         12.7701         0.98743 
        5.21555          12.745        0.984449 
        5.22168         12.6936        0.981485 
        5.22781         12.6528        0.978534 
        5.23395           12.61        0.975593 
        5.24009         12.5774        0.972662 
        5.24622         12.5507        0.969746 
        5.25236         12.5018        0.966842 
         5.2585          12.471        0.963947 
        5.26463         12.4319        0.961065 
        5.27077         12.4005        0.958196 
         5.2769         12.3737         0.95534 
        5.28304         12.3371        0.952494 
        5.28917         12.3008        0.949661 
         5.2953         12.2638         0.94684 
        5.30144         12.2218        0.944029 
        5.30757         12.1895        0.941229 
        5.31371         12.1492        0.938439 
        5.31985         12.1179        0.935661 
        5.32599         12.0785        0.932894 
        5.33213         12.0548        0.930138 
        5.33826         12.0156        0.927395 
         5.3444         11.9798        0.924664 
        5.35053         11.9425        0.921942 
        5.35667          11.912        0.919232 
        5.36281         11.8871        0.916531 
        5.36894         11.8592        0.913843 
        5.37507         11.8203        0.911167 
        5.38121         11.7903        0.908499 
        5.38735          11.749        0.905842 
        5.39348         11.7218        0.903198 
        5.39961         11.6956        0.900564 
        5.40575         11.6553        0.897939 
        5.41189         11.6309        0.895323 
        5.41803         11.6025         0.89272 
        5.42416          11.559        0.890127 
         5.4303         11.5449        0.887543 
        5.43644         11.5097        0.884971 
        5.44257         11.4787         0.88241 
        5.44871         11.4453        0.879857 
        5.45484         11.4091        0.877315 
        5.46098         11.3777        0.874782 
        5.46712         11.3445        0.872259 
        5.47325         11.3256        0.869748 
        5.47938         11.2895        0.867248 
        5.48552         11.2594        0.864757 
        5.49165         11.2364        0.862275 
        5.49779         11.2153        0.859803 
        5.50393         11.1755        0.857339 
        5.51006         11.1476        0.854884 
         5.5162         11.1183        0.852441 
        5.52234         11.0919        0.850007 
        5.52847         11.0687        0.847582 
        5.53461         11.0397        0.845167 
        5.54075         11.0047        0.842762 
        5.54688         10.9757        0.840366 
        5.55302         10.9532        0.837979 
        5.55915         10.9276        0.835601 
        5.56529         10.8889        0.833234 
        5.57143         10.8816        0.830874 
        5.57756           10.85        0.828523 
         5.5837         10.8243        0.826183 
        5.58983         10.7877        0.823853 
        5.59597         10.7761        0.821531 
         5.6021          10.748        0.819217 
        5.60824          10.715        0.816911 
        5.61438         10.6907        0.814616 
        5.62051         10.6696        0.812329 
        5.62665         10.6334        0.810051 
        5.63278         10.6148        0.807782 
        5.63892         10.5823        0.805521 
        5.64505         10.5702         0.80327 
        5.65119         10.5379        0.801027 
        5.65733         10.5257        0.798792 
        5.66346         10.4929        0.796566 
         5.6696         10.4726        0.794348 
        5.67573         10.4372        0.792139 
        5.68187         10.4251        0.789938 
          5.688         10.3955        0.787746 
        5.69414         10.3651        0.785562 
        5.70028         10.3462        0.783385 
        5.70642         10.3366        0.781217 
        5.71255         10.3131        0.779058 
        5.71869         10.2851        0.776908 
        5.72482         10.2571        0.774765 
        5.73096         10.2379         0.77263 
        5.73709         10.2164        0.770505 
        5.74322         10.2039        0.768387 
        5.74936         10.1793        0.766275 
         5.7555         10.1574        0.764171 
        5.76164         10.1353        0.762076 
        5.76777         10.1154         0.75999 
        5.77391         10.0922         0.75791 
        5.78005         10.0618        0.755838 
        5.78618         10.0561        0.753775 
        5.79231         10.0282        0.751721 
        5.79845         10.0069        0.749672 
        5.80459         9.98985        0.747629 
        5.81073         9.97783        0.745597 
        5.81686         9.95013        0.743573 
          5.823         9.92923        0.741554 
        5.82914         9.92032        0.739543 
        5.83527         9.89454        0.737542 
         5.8414          9.8828        0.735547 
        5.84754          9.8585        0.733558 
        5.85368         9.84068        0.731577 
        5.85981         9.81463        0.729604 
        5.86595         9.80061        0.727639 
        5.87208         9.78103         0.72568 
        5.87822         9.76894         0.72373 
        5.88435         9.75934        0.721786 
        5.89049         9.72879        0.719848 
        5.89662         9.71594        0.717918 
        5.90276          9.6968        0.715994 
         5.9089         9.67773        0.714078 
        5.91503          9.6623         0.71217 
        5.92117         9.65023        0.710268 
        5.92731         9.63391        0.708372 
        5.93344         9.61842        0.706484 
        5.93958         9.60188        0.704604 
        5.94572         9.58817        0.702729 
        5.95186         9.56575         0.70086 
        5.95799         9.54617        0.699001 
        5.96412         9.53542        0.697148 
        5.97026         9.52491          0.6953 
         5.9764         9.51508         0.69346 
        5.98253         9.49951        0.691628 
        5.98866         9.48086        0.689801 
         5.9948         9.46737        0.687979 
        6.00094          9.4583        0.686166 
        6.00707         9.43581        0.684358 
        6.01321         9.42486        0.682557 
        6.01935         9.41256        0.680763 
        6.02548         9.39971        0.678975 
        6.03162         9.38633        0.677194 
        6.03775         9.36718         0.67542 
        6.04389         9.35801        0.673651 
        6.05003         9.35252        0.671887 
        6.05617         9.33995         0.67013 
         6.0623         9.32724        0.668381 
        6.06844          9.3144        0.666637 
        6.07457         9.30618        0.664901 
         6.0807         9.28951         0.66317 
        6.08684         9.28551        0.661446 
        6.09298         9.26811        0.659727 
        6.09912         9.26149        0.658013 
        6.10525         9.24321        0.656307 
        6.11138         9.24329        0.654607 
        6.11752         9.23148        0.652912 
        6.12366         9.22014        0.651223 
        6.12979         9.21268        0.649541 
        6.13593         9.19829        0.647865 
        6.14207         9.18626        0.646194 
         6.1482         9.18177        0.644528 
        6.15434         9.17295         0.64287 
        6.16047         9.16089        0.641218 
        6.16661         9.15062         0.63957 
        6.17274         9.14657        0.637929 
        6.17887         9.13053        0.636294 
        6.18501         9.12916        0.634664 
        6.19115         9.12201        0.633039 
        6.19729         9.11927         0.63142 
        6.20342         9.10345        0.629807 
        6.20956             9.1          0.6282 
         6.2157         9.09846        0.626597 
        6.22183          9.0874        0.625001 
        6.22797         9.08121        0.623412 
         6.2341         9.07702        0.621827 
        6.24024         9.06816        0.620247 
        6.24638         9.06023        0.618672 
        6.25251         9.05497        0.617105 
        6.25865         9.05334        0.615542 
        6.26478         9.05384        0.613984 
        6.27092         9.04235        0.612433 
        6.27705         9.03637        0.610887 
        6.28318         9.03154        0.609346 
