# k  (h/Mpc)    Pcb(k)  (Mpc/h)^3    Pcb_linear(k)  (Mpc/h)^3
     0.00783031         16993.4         17080.5 
       0.013688         20419.2         20990.9 
       0.019231         20608.5         20949.6 
      0.0249154           18990         18947.6 
      0.0312784           15793         15957.9 
      0.0375637         13046.7         13282.2 
      0.0433917         11374.5           11436 
      0.0492413         10063.9         10200.2 
      0.0555754         9297.75         9356.98 
      0.0619321         8409.22         8746.95 
       0.067871            7974         8173.64 
      0.0738098         7381.75         7488.63 
      0.0800417            6598         6655.57 
      0.0862327          5759.9         5805.17 
      0.0921407         5110.59         5077.52 
      0.0982031         4614.04         4488.31 
       0.104506         4124.93         4064.73 
       0.110769         3878.75         3803.07 
       0.116806         3756.85         3641.75 
       0.122832         3566.13         3505.15 
       0.129052         3372.94         3336.32 
       0.135211         3243.18         3117.12 
       0.141259         2958.58         2860.35 
       0.147318         2701.18         2591.82 
       0.153489         2508.74         2341.72 
       0.159709         2390.92         2138.97 
       0.165845         2192.37         1995.34 
       0.171974          2145.9         1899.89 
       0.178125         2087.41         1834.12 
       0.184229         1936.54         1777.39 
        0.19034         1909.28         1711.69 
       0.196428         1847.36         1628.75 
       0.202534         1723.93         1529.59 
       0.208729         1680.28         1421.96 
       0.214876         1593.14         1320.14 
       0.220989         1508.65         1233.25 
       0.227147         1466.42         1164.62 
        0.23329         1409.44         1113.96 
       0.239377         1403.88          1076.2 
       0.245482         1338.13         1043.77 
       0.251667         1290.76         1009.92 
       0.257832         1268.99         971.167 
       0.263955         1208.68         927.014 
       0.270079         1172.49         879.495 
        0.27624         1123.14         832.108 
       0.282372         1107.39         788.939 
        0.28843         1087.47         752.509 
       0.294538         1037.36         722.372 
       0.300721         1017.28         697.512 
        0.30691         992.496         675.979 
       0.313033         953.864          655.67 
       0.319153         943.942         634.511 
       0.325316         930.687         611.655 
        0.33145         908.864         587.574 
       0.337538          878.13         563.472 
       0.343633         857.598          540.31 
       0.349808         840.356         518.932 
       0.355968         824.285         500.116 
       0.362074         797.033         483.865 
       0.368217         794.632         469.329 
       0.374374         782.907         455.745 
       0.380519         754.075         442.498 
       0.386598         749.237         429.174 
       0.392688         730.525         415.534 
        0.39888         714.782         401.591 
       0.405048         700.085         387.954 
       0.411186         699.332         375.072 
       0.417313         693.236         363.169 
       0.423458         673.055         352.217 
       0.429607         654.724         342.181 
       0.435692         648.385         332.931 
       0.441815         636.008         323.999 
       0.447964         627.358         315.209 
       0.454126         619.795         306.494 
       0.460267         611.271         297.852 
       0.466387         599.634         289.368 
        0.47254         591.616         281.114 
       0.478662          581.96         273.291 
       0.484765         575.006          265.91 
       0.490885         570.025         258.934 
       0.497035         558.177         252.323 
       0.503198         557.742         246.015 
       0.509342         547.076         239.932 
       0.515458          536.22         234.007 
       0.521598         534.034         228.183 
       0.527764         522.353         222.468 
       0.533884         517.395         216.941 
           0.54         513.246         211.586 
       0.546137         504.661         206.411 
       0.552299         502.455         201.439 
       0.558452          495.18         196.704 
       0.564573         492.524         192.183 
       0.570708         486.228         187.808 
       0.576825         476.914         183.569 
       0.582926         475.795          179.45 
       0.589034         467.985         175.435 
       0.595184         464.351         171.504 
       0.601379          457.19         167.658 
       0.607522         449.268         163.958 
       0.613639          448.65         160.387 
       0.619772         446.464         156.921 
       0.625918         438.089         153.565 
       0.632068         436.354          150.32 
       0.638161         431.893         147.207 
         0.6443         426.144         144.164 
       0.650464         422.791         141.194 
       0.656582         419.173         138.322 
       0.662703         415.883          135.52 
       0.668861         409.659         132.774 
       0.675024          408.01           130.1 
       0.681124         400.212         127.528 
       0.687237         400.033         125.024 
       0.693381         393.965         122.583 
       0.699536         393.999         120.208 
       0.705665         388.314         117.909 
       0.711789         386.765         115.674 
       0.717957         382.266         113.482 
        0.72409          378.17         111.357 
       0.730186         379.067         109.298 
       0.736317         372.872         107.278 
       0.742472         369.683         105.301 
       0.748622             368         103.375 
        0.75476         364.389         101.502 
       0.760888         361.919         99.6789 
       0.767043         358.767         97.8948 
       0.773185         356.163         96.1594 
       0.779291         352.745          94.477 
       0.785407         350.385         92.8334 
       0.791564         348.401         91.2193 
       0.797719         342.929         89.6449 
       0.803834         344.395          88.118 
       0.809972         338.977         86.6213 
       0.816124         336.354         85.1563 
       0.822261         334.174         83.7292 
       0.828378         332.595         82.3393 
       0.834502         327.673         80.9799 
       0.840667         327.694         79.6427 
       0.846816         322.831         78.3397 
       0.852925         323.565         77.0743 
       0.859047         320.096         75.8345 
       0.865192         318.548         74.6182 
       0.871341         314.848          73.428 
       0.877463         313.554         72.2695 
       0.883569         311.257         71.1391 
       0.889708         308.468         70.0274 
       0.895864         304.853         68.9368 
       0.902008         303.994          67.872 
       0.908149         301.172         66.8305 
       0.914301         300.141         65.8093 
       0.920448         297.439         64.8106 
       0.926574         295.375         63.8362 
       0.932687         295.098         62.8841 
       0.938823         291.596         61.9482 
       0.944975         291.213         61.0293 
       0.951105         288.519         60.1325 
       0.957225         285.325         59.2554 
       0.963368         285.877          58.393 
       0.969511         281.196         57.5478 
       0.975621          279.19          56.724 
       0.981748          278.93         55.9143 
       0.987916         277.165         55.1154 
        0.99406         274.645         54.3352 
        1.00019         272.486         53.5718 
        1.00632         271.908         52.8239 
        1.01246         269.782         52.0893 
        1.01859         267.119         51.3699 
        1.02471         265.559          50.665 
        1.03085         264.433         49.9711 
        1.03698         263.406         49.2918 
        1.04314         262.051         48.6223 
        1.04929         260.404         47.9668 
        1.05541         258.615         47.3262 
        1.06154         256.523         46.6958 
        1.06769          254.69          46.076 
        1.07382         252.939         45.4696 
        1.07993         251.843         44.8756 
        1.08607         250.547         44.2898 
        1.09222         248.369         43.7139 
        1.09836         247.462         43.1491 
        1.10449         245.983         42.5949 
        1.11063         244.368           42.05 
        1.11677         242.143         41.5148 
         1.1229         242.017           40.99 
        1.12903         239.409         40.4738 
        1.13518         238.164         39.9662 
        1.14131         237.238         39.4676 
        1.14745         235.036         38.9778 
        1.15359         233.575         38.4963 
        1.15973         232.641         38.0228 
        1.16584         231.188         37.5595 
        1.17197         230.264         37.1032 
        1.17811         228.057         36.6532 
        1.18424         226.908          36.212 
        1.19038         226.157         35.7768 
        1.19652         223.586          35.349 
        1.20267         223.032         34.9282 
        1.20881         221.551         34.5144 
        1.21495         220.938         34.1079 
        1.22108         219.281         33.7081 
         1.2272         217.459         33.3157 
        1.23334         216.423         32.9286 
        1.23949         215.385         32.5468 
        1.24562         213.992         32.1722 
        1.25174         213.316          31.804 
        1.25789         211.216         31.4406 
        1.26402         210.882         31.0835 
        1.27014         209.774         30.7328 
        1.27628         208.381         30.3865 
        1.28244          206.65          30.045 
        1.28858         205.914         29.7091 
        1.29471         204.444         29.3792 
        1.30084          204.02         29.0547 
        1.30697         202.118         28.7345 
        1.31312         201.318         28.4188 
        1.31925         199.962         28.1088 
        1.32537         199.395         27.8038 
        1.33151         197.757         27.5023 
        1.33765         196.657         27.2054 
        1.34378         196.052         26.9135 
        1.34992         194.292         26.6257 
        1.35606         193.689         26.3416 
         1.3622         192.066         26.0621 
        1.36833         191.519         25.7873 
        1.37445          190.92         25.5167 
        1.38059         188.849         25.2492 
        1.38675         187.823         24.9848 
        1.39288         187.028         24.7253 
        1.39901         185.538         24.4697 
        1.40515         184.996         24.2171 
         1.4113         184.035         23.9681 
        1.41742         182.739         23.7236 
        1.42355         181.945         23.4821 
         1.4297         180.911         23.2433 
        1.43585          180.41         23.0078 
        1.44198          178.64         22.7766 
        1.44809         178.292          22.549 
        1.45423         177.177         22.3236 
        1.46036         176.146         22.1018 
        1.46649         174.911         21.8829 
        1.47263         174.432         21.6668 
        1.47877         173.314         21.4538 
        1.48491         172.044         21.2432 
        1.49104         170.687          21.036 
        1.49718         170.437         20.8314 
        1.50333         168.765         20.6292 
        1.50947         168.335         20.4301 
         1.5156         167.296         20.2339 
        1.52172         166.465         20.0403 
        1.52787         165.741         19.8489 
          1.534         165.007         19.6602 
        1.54013         163.761         19.4742 
        1.54627         163.155         19.2903 
        1.55241          162.31         19.1087 
        1.55855         161.409         18.9297 
        1.56467         160.607         18.7535 
         1.5708         159.413         18.5791 
        1.57695         158.855         18.4066 
        1.58308         157.609         18.2368 
        1.58922         156.838         18.0689 
        1.59535         156.034         17.9033 
         1.6015         155.265         17.7395 
        1.60764         154.227         17.5778 
        1.61376         153.377         17.4186 
        1.61989         152.746         17.2613 
        1.62604         151.828         17.1055 
        1.63218         151.109         16.9518 
        1.63831         150.292         16.8003 
        1.64444         149.222         16.6507 
        1.65059         148.591         16.5025 
        1.65673         147.759         16.3562 
        1.66285         147.201         16.2122 
        1.66898         146.282         16.0699 
        1.67512         145.155          15.929 
        1.68127         144.815         15.7896 
         1.6874         143.903         15.6523 
        1.69353          143.34         15.5166 
        1.69967         142.338         15.3823 
        1.70581         141.914         15.2496 
        1.71193          141.08          15.119 
        1.71806         139.826         14.9896 
        1.72421         139.268         14.8615 
        1.73035         138.695         14.7351 
        1.73649         137.847         14.6102 
        1.74262         137.121         14.4868 
        1.74876         136.451         14.3647 
        1.75489         136.179         14.2443 
        1.76101          134.89         14.1254 
        1.76715         134.266         14.0076 
        1.77329         133.447         13.8911 
        1.77943         132.629         13.7758 
        1.78557         132.033          13.662 
        1.79171         131.284         13.5495 
        1.79785         130.492         13.4382 
        1.80399         129.945         13.3282 
        1.81012          129.32         13.2196 
        1.81625          128.44         13.1122 
        1.82239          128.14         13.0059 
        1.82853         127.078         12.9008 
        1.83466         126.138          12.797 
        1.84078         125.961         12.6945 
        1.84692         125.418         12.5929 
        1.85306         124.557         12.4923 
         1.8592         124.082         12.3929 
        1.86533         123.255         12.2947 
        1.87147         122.529         12.1974 
        1.87761          121.95         12.1012 
        1.88375          121.23         12.0061 
        1.88988         120.636         11.9121 
        1.89601         120.152         11.8191 
        1.90215         119.676          11.727 
        1.90829         118.655          11.636 
        1.91442         117.928         11.5459 
        1.92056         117.565         11.4568 
         1.9267         116.818         11.3686 
        1.93284         116.098         11.2813 
        1.93897         115.754         11.1951 
        1.94509         115.108         11.1099 
        1.95123         114.481         11.0254 
        1.95737         113.887         10.9418 
        1.96349         113.287         10.8592 
        1.96964         112.559         10.7773 
        1.97578           112.1         10.6961 
        1.98192         111.672          10.616 
        1.98805          111.17         10.5366 
        1.99419         110.372         10.4581 
        2.00033         109.816         10.3804 
        2.00647          109.35         10.3034 
         2.0126         108.706         10.2274 
        2.01874         108.024          10.152 
        2.02488         107.602         10.0773 
        2.03101         107.102         10.0036 
        2.03714         106.431         9.93058 
        2.04328         106.164         9.85825 
        2.04941         105.405          9.7867 
        2.05554         105.082         9.71591 
        2.06167         104.236         9.64573 
        2.06781          103.92         9.57624 
        2.07396         103.224         9.50733 
        2.08009         102.581         9.43922 
        2.08622         102.183         9.37186 
        2.09237         101.529         9.30503 
        2.09851         101.155         9.23884 
        2.10464         100.839          9.1734 
        2.11077         100.061         9.10868 
        2.11691         99.5635         9.04444 
        2.12305          99.062         8.98082 
        2.12918           98.59         8.91797 
        2.13531         98.1275         8.85571 
        2.14145         97.6938          8.7939 
         2.1476         97.1368         8.73262 
        2.15372         96.5546         8.67222 
        2.15985         96.1396         8.61234 
        2.16599         95.5071         8.55285 
        2.17213         95.0844         8.49399 
        2.17827         94.6158          8.4357 
         2.1844         94.1923         8.37801 
        2.19054         93.5879         8.32084 
        2.19666          92.909         8.26429 
         2.2028         92.8823         8.20821 
        2.20893          92.402         8.15263 
        2.21508         91.7278          8.0975 
        2.22122         91.3187         8.04286 
        2.22736         91.0097         7.98885 
        2.23349         90.4159         7.93534 
        2.23962          90.019          7.8823 
        2.24577         89.4961         7.82969 
         2.2519         89.0459         7.77764 
        2.25802         88.6736         7.72615 
        2.26417         88.0619         7.67498 
        2.27031          87.488         7.62423 
        2.27644         87.2669         7.57409 
        2.28257         86.9405          7.5244 
        2.28872         86.3798         7.47506 
        2.29486          86.094         7.42618 
        2.30099         85.5154         7.37784 
        2.30712          85.217          7.3299 
        2.31326         84.6677         7.28231 
         2.3194         84.3261         7.23517 
        2.32553         83.8893         7.18853 
        2.33166         83.4538         7.14232 
         2.3378         82.9706         7.09646 
        2.34394         82.7295         7.05098 
        2.35007         82.1354         7.00597 
        2.35619         81.6953          6.9614 
        2.36233         81.2376         6.91712 
        2.36848         81.0409         6.87313 
        2.37462         80.6592         6.82962 
        2.38075         80.1747         6.78653 
        2.38689         79.8377         6.74378 
        2.39303         79.5272          6.7014 
        2.39916         79.0109         6.65943 
        2.40529         78.7082         6.61783 
        2.41143         78.2073         6.57655 
        2.41757           77.74          6.5356 
         2.4237         77.4578         6.49508 
        2.42983         77.0449         6.45491 
        2.43598         76.7942         6.41497 
        2.44211         76.4222         6.37544 
        2.44823         75.9454         6.33633 
        2.45437         75.6531         6.29744 
        2.46052         75.2019         6.25885 
        2.46665         74.6234         6.22064 
        2.47279         74.4708         6.18277 
        2.47892         74.1415         6.14519 
        2.48507         73.7886         6.10789 
         2.4912         73.3729         6.07097 
        2.49733         73.0636         6.03438 
        2.50347         72.6453         5.99802 
        2.50961         72.2863         5.96196 
        2.51575         72.1232         5.92622 
        2.52188         71.5807         5.89081 
        2.52802         71.3357         5.85565 
        2.53416         70.8456         5.82078 
        2.54029         70.5692         5.78624 
        2.54641         70.2929           5.752 
        2.55255         69.8646         5.71801 
        2.55869         69.5112         5.68423 
        2.56483         69.2478         5.65077 
        2.57096         68.7262         5.61763 
        2.57709         68.4137         5.58473 
        2.58323         68.2139         5.55207 
        2.58937          67.855         5.51965 
        2.59551         67.5096         5.48754 
        2.60164         67.2323         5.45569 
        2.60778          66.871         5.42406 
        2.61392         66.5675         5.39269 
        2.62006         66.2184         5.36158 
        2.62619         65.8968         5.33075 
        2.63232         65.6414         5.30015 
        2.63846         65.2505         5.26976 
        2.64459         64.9881         5.23965 
        2.65072         64.6871         5.20978 
        2.65686          64.394         5.18013 
          2.663         64.0044         5.15067 
        2.66915         63.7641         5.12144 
        2.67527         63.4562          5.0925 
        2.68141         63.0782         5.06377 
        2.68755         62.7982         5.03524 
        2.69368         62.5206         5.00695 
        2.69981         62.1265         4.97892 
        2.70595          61.893         4.95103 
        2.71209         61.6723         4.92335 
        2.71823         61.3281         4.89593 
        2.72436         61.0869         4.86873 
         2.7305         60.7077         4.84171 
        2.73663         60.5142         4.81491 
        2.74276         60.1737         4.78834 
         2.7489         59.9816         4.76194 
        2.75504         59.6181         4.73572 
        2.76118         59.3811         4.70968 
        2.76732          59.092         4.68389 
        2.77345         58.7396         4.65829 
        2.77959         58.5585         4.63288 
        2.78572          58.256         4.60766 
        2.79186         57.8958         4.58264 
        2.79798           57.63         4.55783 
        2.80412         57.4455         4.53316 
        2.81027         57.1924         4.50865 
         2.8164         56.8748         4.48436 
        2.82253         56.5876         4.46026 
        2.82867         56.5006         4.43633 
        2.83481         56.1255         4.41256 
        2.84095         55.8184         4.38897 
        2.84708         55.5994         4.36558 
        2.85322         55.3679         4.34234 
        2.85935         54.9976         4.31927 
        2.86549         54.8682         4.29638 
        2.87162         54.4849         4.27365 
        2.87776         54.2281          4.2511 
        2.88389         54.0904         4.22869 
        2.89003         53.7884         4.20646 
        2.89617         53.5715         4.18437 
        2.90231         53.3581         4.16245 
        2.90844         53.0111         4.14069 
        2.91458         52.7659         4.11909 
        2.92071         52.5498         4.09767 
        2.92684         52.2986         4.07637 
        2.93298         51.9914         4.05524 
         2.9391          51.831         4.03429 
        2.94524         51.5132         4.01345 
        2.95138         51.4481         3.99276 
        2.95752         51.1005         3.97219 
        2.96367         50.8512         3.95176 
         2.9698         50.6174         3.93152 
        2.97594          50.452          3.9114 
        2.98207         50.1922         3.89143 
        2.98821         49.9359         3.87161 
        2.99434         49.7602         3.85193 
        3.00048         49.5127         3.83238 
        3.00662         49.2252         3.81295 
        3.01275         49.0498         3.79369 
        3.01888         48.8159         3.77456 
        3.02503         48.5685         3.75553 
        3.03117         48.3837         3.73664 
        3.03729         48.0814         3.71792 
        3.04342         47.9215         3.69932 
        3.04957         47.7884          3.6808 
         3.0557         47.5355         3.66244 
        3.06183         47.3025         3.64424 
        3.06796         46.9958         3.62613 
        3.07411          46.809         3.60812 
        3.08025          46.608         3.59025 
        3.08637         46.4789         3.57254 
         3.0925         46.2441         3.55493 
        3.09865         46.0019          3.5374 
         3.1048         45.7787         3.51999 
        3.11093         45.6069         3.50274 
        3.11706         45.3665          3.4856 
         3.1232          45.205         3.46857 
        3.12933         44.9345         3.45164 
        3.13547         44.7697         3.43484 
        3.14159         44.6392         3.41818 
        3.14773          44.375         3.40159 
        3.15388         44.2339          3.3851 
        3.16001         44.0113         3.36875 
        3.16614         43.7995         3.35251 
        3.17228         43.6157         3.33636 
        3.17842         43.4239         3.32033 
        3.18455         43.2911         3.30441 
        3.19068         43.0112         3.28859 
        3.19682         42.7917         3.27286 
        3.20297         42.6752         3.25723 
         3.2091         42.5028         3.24172 
        3.21524         42.2916         3.22631 
        3.22138         42.0717           3.211 
         3.2275         41.8739         3.19581 
        3.23363         41.6813         3.18072 
        3.23977         41.4644          3.1657 
        3.24591         41.3631         3.15079 
        3.25205         41.1426         3.13595 
        3.25818         41.0074         3.12123 
        3.26432         40.8238         3.10661 
        3.27046         40.5929         3.09207 
         3.2766         40.3598         3.07763 
        3.28273         40.2749         3.06328 
        3.28887         40.0377         3.04903 
          3.295         39.8623         3.03488 
        3.30113         39.7097         3.02081 
        3.30727         39.5191         3.00682 
        3.31341         39.4037         2.99294 
        3.31954         39.1386         2.97914 
        3.32568         39.0707         2.96542 
        3.33182         38.8814         2.95178 
        3.33795         38.7395         2.93825 
        3.34409         38.5369         2.92478 
        3.35022         38.4129         2.91141 
        3.35636         38.1818         2.89813 
         3.3625         38.0168         2.88491 
        3.36864          37.877         2.87179 
        3.37477         37.7218         2.85875 
        3.38091         37.5304         2.84579 
        3.38704         37.3562         2.83292 
        3.39318          37.196         2.82012 
        3.39931         37.0734          2.8074 
        3.40545         36.9223         2.79477 
        3.41158         36.7567         2.78221 
        3.41772         36.5636         2.76973 
        3.42385          36.444         2.75733 
        3.42998         36.2771         2.74501 
        3.43612         36.1112         2.73276 
        3.44226         35.9398         2.72058 
         3.4484         35.8308         2.70846 
        3.45453         35.6577         2.69644 
        3.46066          35.499          2.6845 
        3.46681          35.371         2.67259 
        3.47295         35.1782         2.66077 
        3.47908         35.0145         2.64905 
        3.48521          34.857          2.6374 
        3.49135         34.7607         2.62579 
        3.49749         34.6273         2.61427 
        3.50362          34.451         2.60281 
        3.50976         34.2795         2.59143 
        3.51589         34.1961         2.58011 
        3.52203         34.0203         2.56886 
        3.52816          33.829          2.5577 
        3.53429         33.7317         2.54659 
        3.54043         33.5921         2.53552 
        3.54657         33.4452         2.52453 
        3.55271         33.3058         2.51362 
        3.55884         33.1766         2.50278 
        3.56498         32.9863         2.49198 
        3.57112         32.9172         2.48125 
        3.57725         32.7393          2.4706 
        3.58338         32.5963         2.46001 
        3.58952         32.4623         2.44947 
        3.59566         32.3463         2.43899 
         3.6018         32.1922         2.42858 
        3.60793         32.0618         2.41823 
        3.61407         31.9243         2.40795 
        3.62021         31.8172         2.39772 
        3.62634         31.6714         2.38755 
        3.63247         31.5271         2.37744 
        3.63861         31.4022          2.3674 
        3.64475         31.2517         2.35739 
        3.65089         31.1211         2.34746 
        3.65702         31.0561         2.33759 
        3.66316         30.8629         2.32777 
        3.66929         30.7549         2.31801 
        3.67543         30.6188         2.30831 
        3.68156         30.5194         2.29866 
        3.68769         30.3467         2.28907 
        3.69383         30.2718         2.27952 
        3.69997         30.1164         2.27004 
        3.70611          30.029         2.26061 
        3.71224         29.8883         2.25123 
        3.71838         29.7552         2.24191 
        3.72451         29.6267         2.23264 
        3.73065         29.5056         2.22343 
        3.73678         29.3818         2.21427 
        3.74292          29.256         2.20515 
        3.74906         29.1552         2.19609 
        3.75519         28.9887         2.18708 
        3.76133         28.8985         2.17812 
        3.76746         28.7672         2.16922 
         3.7736         28.6853         2.16037 
        3.77974         28.5654         2.15155 
        3.78588         28.4667         2.14279 
        3.79201         28.3133         2.13408 
        3.79814         28.2221         2.12543 
        3.80428         28.0762         2.11681 
        3.81042         27.9986         2.10824 
        3.81655         27.8311         2.09973 
        3.82268         27.7306         2.09127 
        3.82882         27.6186         2.08285 
        3.83496         27.5258         2.07447 
        3.84109         27.4142         2.06614 
        3.84723         27.2997         2.05786 
        3.85337         27.1678         2.04961 
        3.85951         27.0762         2.04141 
        3.86565         26.9812         2.03327 
        3.87178         26.8399         2.02517 
        3.87791         26.7673         2.01712 
        3.88405         26.6451          2.0091 
        3.89019         26.5801         2.00113 
        3.89632         26.4245          1.9932 
        3.90246         26.3314         1.98532 
         3.9086         26.2172         1.97747 
        3.91473         26.1415         1.96968 
        3.92086         26.0279         1.96194 
        3.92699         25.9106         1.95423 
        3.93313         25.8312         1.94655 
        3.93927         25.7178         1.93892 
         3.9454         25.6043         1.93133 
        3.95154          25.497         1.92378 
        3.95768          25.405         1.91627 
        3.96382         25.3189          1.9088 
        3.96995         25.2309         1.90137 
        3.97609         25.1003         1.89399 
        3.98222         24.9948         1.88664 
        3.98836         24.8991         1.87933 
         3.9945         24.8258         1.87206 
        4.00063         24.7482         1.86484 
        4.00677         24.6183         1.85764 
        4.01291          24.536         1.85048 
        4.01904          24.427         1.84337 
        4.02517         24.3338          1.8363 
        4.03131         24.2502         1.82926 
        4.03745         24.1523         1.82225 
        4.04358         24.0737         1.81528 
        4.04972          23.964         1.80835 
        4.05585         23.8419         1.80146 
        4.06199         23.7614          1.7946 
        4.06812         23.6719         1.78778 
        4.07426         23.5786         1.78099 
         4.0804         23.4992         1.77424 
        4.08654         23.4015         1.76752 
        4.09267         23.3407         1.76084 
         4.0988         23.2384         1.75421 
        4.10494          23.151         1.74759 
        4.11108         23.0525         1.74101 
        4.11721          22.977         1.73447 
        4.12334         22.8747         1.72797 
        4.12948         22.7755         1.72149 
        4.13561         22.7057         1.71505 
        4.14176         22.6153         1.70863 
        4.14789         22.5174         1.70225 
        4.15403          22.422         1.69591 
        4.16016         22.3755          1.6896 
         4.1663         22.2596         1.68332 
        4.17243         22.1678         1.67708 
        4.17857          22.121         1.67086 
        4.18471         21.9921         1.66468 
        4.19084         21.9259         1.65853 
        4.19698         21.8561         1.65241 
        4.20312          21.728         1.64632 
        4.20925         21.6941         1.64026 
        4.21538         21.5917         1.63424 
        4.22152         21.4939         1.62824 
        4.22766         21.4365         1.62227 
         4.2338         21.3441         1.61633 
        4.23993         21.2586         1.61043 
        4.24607         21.2023         1.60455 
         4.2522          21.112          1.5987 
        4.25834         21.0355         1.59288 
        4.26447         20.9655          1.5871 
        4.27061         20.8276         1.58134 
        4.27674         20.7892         1.57561 
        4.28288         20.7086          1.5699 
        4.28902         20.6508         1.56423 
        4.29515         20.5814         1.55858 
        4.30129         20.4672         1.55297 
        4.30743         20.4017         1.54737 
        4.31356         20.3358         1.54181 
        4.31969         20.2468         1.53628 
        4.32583         20.1819         1.53078 
        4.33197         20.1112         1.52529 
         4.3381         20.0381         1.51984 
        4.34424         19.9819         1.51441 
        4.35038         19.8976           1.509 
        4.35652         19.8254         1.50363 
        4.36265         19.7322         1.49829 
        4.36878          19.658         1.49297 
        4.37492          19.594         1.48767 
        4.38106         19.5197          1.4824 
        4.38719         19.4282         1.47716 
        4.39333         19.3902         1.47194 
        4.39946         19.3159         1.46675 
         4.4056         19.2326         1.46158 
        4.41173         19.1727         1.45644 
        4.41786         19.0949         1.45133 
          4.424         19.0393         1.44624 
        4.43014          18.957         1.44116 
        4.43628         18.8648         1.43611 
        4.44241         18.8296          1.4311 
        4.44855         18.7433          1.4261 
        4.45469         18.6795         1.42112 
        4.46083         18.6222         1.41618 
        4.46696           18.55         1.41126 
        4.47309         18.4966         1.40636 
        4.47923         18.4312         1.40148 
        4.48537         18.3536         1.39663 
         4.4915         18.2906          1.3918 
        4.49764          18.197         1.38699 
        4.50378         18.1256          1.3822 
        4.50991         18.1043         1.37744 
        4.51604         18.0176          1.3727 
        4.52218         17.9592         1.36798 
        4.52832         17.9021         1.36329 
        4.53445          17.817         1.35862 
        4.54059         17.7714         1.35397 
        4.54673         17.7032         1.34934 
        4.55286         17.6444         1.34473 
          4.559         17.5859         1.34014 
        4.56513         17.5139         1.33558 
        4.57127          17.454         1.33104 
        4.57741         17.3881         1.32652 
        4.58354          17.333         1.32202 
        4.58968         17.2777         1.31754 
        4.59582         17.2073         1.31308 
        4.60195         17.1546         1.30864 
        4.60809         17.0901         1.30423 
        4.61422          17.017         1.29983 
        4.62036         16.9622         1.29545 
        4.62649         16.8993          1.2911 
        4.63263         16.8462         1.28676 
        4.63876          16.801         1.28245 
         4.6449           16.73         1.27815 
        4.65104         16.6634         1.27387 
        4.65717         16.6053         1.26962 
        4.66331         16.5706         1.26538 
        4.66944          16.498         1.26117 
        4.67558         16.4455         1.25697 
        4.68171         16.3991         1.25279 
        4.68785         16.3299         1.24863 
        4.69399         16.2774         1.24449 
        4.70012         16.2163         1.24037 
        4.70625         16.1701         1.23627 
        4.71239         16.1107         1.23218 
        4.71853         16.0489         1.22812 
        4.72467         15.9994         1.22407 
         4.7308          15.934         1.22004 
        4.73694         15.8941         1.21603 
        4.74308         15.8359         1.21203 
        4.74922         15.7878         1.20806 
        4.75535         15.7237          1.2041 
        4.76148         15.6688         1.20017 
        4.76762         15.6197         1.19624 
        4.77376         15.5649         1.19234 
        4.77989         15.5009         1.18846 
        4.78602         15.4615         1.18459 
        4.79216         15.4135         1.18073 
         4.7983         15.3558          1.1769 
        4.80443         15.3104         1.17309 
        4.81056         15.2505         1.16929 
         4.8167         15.2028          1.1655 
        4.82284         15.1519         1.16173 
        4.82898         15.0953         1.15799 
        4.83511         15.0513         1.15425 
        4.84125         14.9956         1.15054 
        4.84739         14.9527         1.14684 
        4.85352         14.8968         1.14315 
        4.85965         14.8477         1.13949 
        4.86579         14.8068         1.13584 
        4.87193         14.7591          1.1322 
        4.87807         14.6975         1.12858 
         4.8842         14.6426         1.12498 
        4.89034         14.6103         1.12139 
        4.89647         14.5579         1.11782 
        4.90261         14.5263         1.11426 
        4.90874         14.4589         1.11073 
        4.91488          14.431          1.1072 
        4.92102         14.3898         1.10369 
        4.92715         14.3267          1.1002 
        4.93329         14.2733         1.09672 
        4.93942         14.2361         1.09325 
        4.94556         14.1814          1.0898 
         4.9517         14.1428         1.08637 
        4.95783         14.0986         1.08295 
        4.96397         14.0501         1.07955 
        4.97011         14.0134         1.07616 
        4.97624         13.9635         1.07278 
        4.98238         13.9132         1.06942 
        4.98851         13.8747         1.06608 
        4.99465         13.8217         1.06275 
        5.00078         13.7824         1.05943 
        5.00691         13.7495         1.05613 
        5.01305         13.7051         1.05284 
        5.01919         13.6523         1.04956 
        5.02533         13.6119          1.0463 
        5.03146         13.5654         1.04306 
         5.0376         13.5337         1.03982 
        5.04374         13.4762          1.0366 
        5.04987         13.4366          1.0334 
        5.05601         13.4072         1.03021 
        5.06215         13.3576         1.02703 
        5.06829         13.3098         1.02386 
        5.07442         13.2765         1.02071 
        5.08055         13.2372         1.01758 
        5.08668         13.2002         1.01445 
        5.09282         13.1552         1.01134 
        5.09896         13.1154         1.00824 
        5.10509         13.0708         1.00516 
        5.11123         13.0423         1.00208 
        5.11736          13.008        0.999024 
         5.1235          12.962        0.995977 
        5.12964         12.9081        0.992943 
        5.13577         12.8793        0.989921 
        5.14191         12.8284        0.986912 
        5.14804         12.7949        0.983918 
        5.15418         12.7605        0.980935 
        5.16032         12.7191        0.977963 
        5.16645         12.6751        0.975003 
        5.17259         12.6442        0.972057 
        5.17872         12.6087        0.969124 
        5.18486         12.5669          0.9662 
          5.191         12.5397        0.963289 
        5.19713          12.501        0.960393 
        5.20327          12.467        0.957508 
        5.20941         12.4252        0.954632 
        5.21555         12.3865        0.951767 
        5.22168         12.3468        0.948918 
        5.22781         12.3188        0.946081 
        5.23395         12.2762        0.943255 
        5.24009         12.2477        0.940438 
        5.24622         12.2189        0.937635 
        5.25236         12.1733        0.934844 
         5.2585         12.1389        0.932061 
        5.26463         12.0992        0.929291 
        5.27077          12.073        0.926533 
         5.2769         12.0311        0.923788 
        5.28304         12.0027        0.921052 
        5.28917         11.9698        0.918329 
         5.2953         11.9336        0.915617 
        5.30144         11.8956        0.912915 
        5.30757         11.8646        0.910223 
        5.31371         11.8301        0.907542 
        5.31985         11.8007        0.904871 
        5.32599         11.7558        0.902211 
        5.33213         11.7346        0.899562 
        5.33826         11.6941        0.896925 
         5.3444         11.6688        0.894299 
        5.35053         11.6331        0.891682 
        5.35667         11.6047        0.889077 
        5.36281         11.5599         0.88648 
        5.36894         11.5432        0.883895 
        5.37507         11.5068        0.881323 
        5.38121         11.4823        0.878757 
        5.38735          11.441        0.876203 
        5.39348         11.4138        0.873661 
        5.39961         11.3811        0.871129 
        5.40575         11.3518        0.868604 
        5.41189         11.3207        0.866089 
        5.41803          11.289        0.863585 
        5.42416         11.2539        0.861093 
         5.4303         11.2318        0.858608 
        5.43644         11.1998        0.856134 
        5.44257         11.1726        0.853671 
        5.44871         11.1339        0.851216 
        5.45484         11.1087        0.848771 
        5.46098         11.0911        0.846336 
        5.46712         11.0535         0.84391 
        5.47325         11.0261        0.841494 
        5.47938         11.0042         0.83909 
        5.48552         10.9671        0.836695 
        5.49165          10.947        0.834307 
        5.49779         10.9138        0.831929 
        5.50393         10.8881        0.829559 
        5.51006         10.8602        0.827198 
         5.5162         10.8332        0.824848 
        5.52234         10.8064        0.822507 
        5.52847         10.7777        0.820174 
        5.53461         10.7559        0.817851 
        5.54075         10.7283        0.815537 
        5.54688         10.6899        0.813233 
        5.55302         10.6712        0.810936 
        5.55915         10.6417        0.808649 
        5.56529         10.6128        0.806371 
        5.57143         10.5912        0.804101 
        5.57756         10.5692        0.801839 
         5.5837         10.5423        0.799588 
        5.58983          10.515        0.797346 
        5.59597         10.4955        0.795112 
         5.6021          10.459        0.792886 
        5.60824          10.441        0.790667 
        5.61438         10.4279        0.788459 
        5.62051         10.3917        0.786258 
        5.62665         10.3554        0.784066 
        5.63278         10.3441        0.781883 
        5.63892         10.3216        0.779708 
        5.64505         10.3017        0.777541 
        5.65119         10.2795        0.775383 
        5.65733         10.2561        0.773232 
        5.66346         10.2281         0.77109 
         5.6696         10.2066        0.768956 
        5.67573         10.1788         0.76683 
        5.68187         10.1543        0.764712 
          5.688         10.1319        0.762603 
        5.69414          10.108        0.760501 
        5.70028          10.094        0.758406 
        5.70642         10.0768        0.756319 
        5.71255         10.0542        0.754241 
        5.71869          10.031        0.752172 
        5.72482         10.0067         0.75011 
        5.73096         9.98868        0.748055 
        5.73709          9.9671         0.74601 
        5.74322         9.94834        0.743972 
        5.74936         9.92174        0.741939 
         5.7555         9.90745        0.739914 
        5.76164         9.88854        0.737898 
        5.76777         9.86103         0.73589 
        5.77391          9.8394        0.733888 
        5.78005         9.82271        0.731893 
        5.78618         9.80252        0.729907 
        5.79231         9.78769        0.727931 
        5.79845         9.76596        0.725958 
        5.80459         9.74345        0.723992 
        5.81073         9.73412        0.722036 
        5.81686         9.70577        0.720087 
          5.823         9.68601        0.718144 
        5.82914         9.67766        0.716208 
        5.83527          9.6498        0.714282 
         5.8414         9.63847        0.712361 
        5.84754         9.61668        0.710446 
        5.85368         9.59311        0.708539 
        5.85981         9.57609         0.70664 
        5.86595          9.5669        0.704747 
        5.87208          9.5543        0.702862 
        5.87822         9.53213        0.700984 
        5.88435         9.50791        0.699113 
        5.89049         9.49022        0.697247 
        5.89662         9.47734        0.695389 
        5.90276         9.46321        0.693536 
         5.9089         9.44526        0.691691 
        5.91503         9.43177        0.689854 
        5.92117         9.41164        0.688023 
        5.92731         9.39026        0.686197 
        5.93344         9.39155         0.68438 
        5.93958         9.37115        0.682569 
        5.94572         9.35701        0.680763 
        5.95186         9.34007        0.678964 
        5.95799         9.32099        0.677174 
        5.96412         9.31173        0.675389 
        5.97026         9.29071        0.673609 
         5.9764         9.27623        0.671838 
        5.98253         9.26793        0.670074 
        5.98866         9.25634        0.668314 
         5.9948         9.24361         0.66656 
        6.00094         9.23023        0.664813 
        6.00707         9.21327        0.663073 
        6.01321          9.1999        0.661338 
        6.01935         9.18706         0.65961 
        6.02548          9.1744        0.657888 
        6.03162         9.16506        0.656173 
        6.03775         9.15064        0.654464 
        6.04389         9.13568        0.652761 
        6.05003         9.12704        0.651062 
        6.05617         9.11746         0.64937 
         6.0623         9.10829        0.647685 
        6.06844         9.09233        0.646006 
        6.07457          9.0816        0.644333 
         6.0807         9.07179        0.642666 
        6.08684          9.0591        0.641006 
        6.09298         9.05052         0.63935 
        6.09912         9.03721        0.637699 
        6.10525         9.03142        0.636056 
        6.11138          9.0179        0.634418 
        6.11752         9.00949        0.632786 
        6.12366         8.99587        0.631159 
        6.12979         8.99125        0.629539 
        6.13593         8.98205        0.627925 
        6.14207         8.97267        0.626315 
         6.1482         8.96463        0.624711 
        6.15434         8.95372        0.623113 
        6.16047         8.94638        0.621522 
        6.16661          8.9388        0.619935 
        6.17274         8.92786        0.618354 
        6.17887         8.92561        0.616779 
        6.18501         8.91227        0.615208 
        6.19115          8.9094        0.613643 
        6.19729         8.90305        0.612083 
        6.20342         8.89488         0.61053 
        6.20956         8.89016        0.608981 
         6.2157         8.88673        0.607437 
        6.22183          8.8766          0.6059 
        6.22797         8.86973        0.604368 
         6.2341         8.86597        0.602842 
        6.24024         8.85622        0.601319 
        6.24638         8.85276        0.599802 
        6.25251          8.8447        0.598291 
        6.25865         8.84076        0.596786 
        6.26478         8.83747        0.595285 
        6.27092         8.82939         0.59379 
        6.27705         8.82085          0.5923 
        6.28318         8.82108        0.590815 
