# k  (h/Mpc)    Pcb(k)  (Mpc/h)^3    Pcb_linear(k)  (Mpc/h)^3
     0.00783031         12317.9         12396.8 
       0.013688         14358.5         14691.1 
       0.019231           14132           14312 
      0.0249154         12739.5         12691.4 
      0.0312784         10406.5         10463.4 
      0.0375637         8411.18         8503.85 
      0.0433917         7147.46         7145.22 
      0.0492413         6190.82         6227.92 
      0.0555754         5632.88         5613.92 
      0.0619321          5084.6         5216.87 
       0.067871         4842.58         4896.49 
      0.0738098          4509.1         4532.05 
      0.0800417         4069.79         4071.93 
      0.0862327          3556.6         3567.48 
      0.0921407         3125.38         3100.47 
      0.0982031         2764.69         2690.39 
       0.104506         2411.94         2369.85 
       0.110769         2217.86         2158.63 
       0.116806         2122.02         2034.06 
       0.122832         2011.19          1954.1 
       0.129052         1928.09         1882.26 
       0.135211         1869.04         1794.15 
       0.141259         1727.84         1679.58 
       0.147318         1581.53         1541.48 
       0.153489         1456.65          1392.6 
       0.159709         1360.41         1253.09 
       0.165845         1225.31         1139.64 
       0.171974         1183.28         1055.76 
       0.178125            1131          998.69 
       0.184229         1054.45         961.021 
        0.19034         1038.58         931.955 
       0.196428         1008.74         902.059 
       0.202534         942.196         864.834 
       0.208729         922.298         817.936 
       0.214876         874.855         764.981 
       0.220989         815.131          711.11 
       0.227147         787.594         660.996 
        0.23329         750.646         618.903 
       0.239377         737.923         586.275 
       0.245482         698.343         561.638 
       0.251667         672.734         542.388 
       0.257832         664.103         525.712 
       0.263955         629.653          508.78 
       0.270079         607.037         489.775 
        0.27624         581.671         468.209 
       0.282372         568.223         445.151 
        0.28843         560.831         422.331 
       0.294538         530.594         400.781 
       0.300721         514.551         381.614 
        0.30691         504.192         365.445 
       0.313033         480.827         352.171 
       0.319153         473.598         340.804 
       0.325316         464.955         330.346 
        0.33145         453.341         320.038 
       0.337538         436.631         309.424 
       0.343633         424.174         298.247 
       0.349808         412.833         286.634 
       0.355968         404.846         275.155 
       0.362074         390.373         264.356 
       0.368217         387.508         254.407 
       0.374374         379.455         245.469 
       0.380519         363.763          237.54 
       0.386598         359.531         230.419 
       0.392688         350.109         223.747 
        0.39888          341.52         217.173 
       0.405048         334.181         210.633 
       0.411186         332.802         204.105 
       0.417313         327.527         197.598 
       0.423458         318.359         191.189 
       0.429607         309.228          185.04 
       0.435692         304.611         179.306 
       0.441815         298.701         173.922 
       0.447964         291.838         168.912 
       0.454126         288.202         164.219 
       0.460267         283.675         159.775 
       0.466387         277.503         155.506 
        0.47254         274.047         151.319 
       0.478662         267.324         147.217 
       0.484765          263.73         143.196 
       0.490885         260.351         139.268 
       0.497035          255.64         135.455 
       0.503198         254.461         131.792 
       0.509342         248.111         128.313 
       0.515458         244.059         125.028 
       0.521598         239.358         121.889 
       0.527764         236.554         118.865 
       0.533884          234.97         115.966 
           0.54         230.869         113.156 
       0.546137         225.678         110.412 
       0.552299          224.14         107.725 
       0.558452         220.257         105.111 
       0.564573         219.104         102.589 
       0.570708         214.286         100.148 
       0.576825         211.113         97.8066 
       0.582926          209.27         95.5603 
       0.589034         205.823         93.3918 
       0.595184         204.284         91.2829 
       0.601379         200.972         89.2281 
       0.607522         196.465         87.2532 
       0.613639         195.621         85.3439 
       0.619772         194.092         83.4818 
       0.625918         191.653         81.6656 
       0.632068         188.017          79.898 
       0.638161         187.189         78.1974 
         0.6443         184.899         76.5363 
       0.650464         181.849          74.922 
       0.656582         180.313         73.3706 
       0.662703          179.13         71.8658 
       0.668861         175.425          70.396 
       0.675024         175.078          68.966 
       0.681124         172.626         67.5888 
       0.687237         171.143          66.245 
       0.693381         168.449         64.9306 
       0.699536         167.343         63.6494 
       0.705665         165.682         62.4086 
       0.711789         163.568         61.2028 
       0.717957         161.995         60.0214 
        0.72409         159.872         58.8786 
       0.730186         160.475          57.773 
       0.736317         158.035         56.6901 
       0.742472         155.809         55.6312 
       0.748622         153.724         54.6004 
        0.75476         154.099         53.5979 
       0.760888         152.083         52.6222 
       0.767043         149.593         51.6671 
       0.773185         148.236         50.7379 
       0.779291         146.768         49.8371 
       0.785407          145.99         48.9572 
       0.791564         144.632         48.0932 
       0.797719         142.297         47.2508 
       0.803834         142.859         46.4342 
       0.809972         141.277         45.6341 
       0.816124         138.835         44.8513 
       0.822261         138.072         44.0891 
       0.828378         137.621          43.347 
       0.834502         136.052         42.6215 
       0.840667         135.666         41.9079 
       0.846816         133.543         41.2127 
       0.852925         132.694         40.5378 
       0.859047         131.507         39.8766 
       0.865192         130.957         39.2281 
       0.871341         129.573         38.5938 
       0.877463         128.307         37.9764 
       0.883569         128.302         37.3742 
       0.889708         126.998         36.7821 
       0.895864         125.762         36.2014 
       0.902008         124.533         35.6345 
       0.908149         123.227         35.0802 
       0.914301         122.709         34.5369 
       0.920448         122.617         34.0056 
       0.926574         120.501         33.4875 
       0.932687         120.467         32.9813 
       0.938823         119.571         32.4839 
       0.944975         118.695         31.9956 
       0.951105         117.541         31.5191 
       0.957225         116.897         31.0533 
       0.963368         115.941         30.5953 
       0.969511         115.057         30.1466 
       0.975621         113.681         29.7094 
       0.981748         113.263         29.2798 
       0.987916         112.505         28.8561 
        0.99406         111.953         28.4423 
        1.00019         111.095         28.0376 
        1.00632         110.139         27.6412 
        1.01246         109.579         27.2519 
        1.01859         108.904         26.8707 
        1.02471         108.201         26.4974 
        1.03085         107.273         26.1299 
        1.03698         106.461         25.7703 
        1.04314         106.027         25.4159 
        1.04929         105.568          25.069 
        1.05541         104.836         24.7301 
        1.06154         103.834         24.3966 
        1.06769         103.285         24.0688 
        1.07382         102.723         23.7481 
        1.07993         102.088         23.4341 
        1.08607         101.527         23.1244 
        1.09222         100.697         22.8201 
        1.09836         100.039         22.5216 
        1.10449         99.4906         22.2288 
        1.11063         98.8483         21.9409 
        1.11677         98.3412         21.6583 
         1.1229         97.3751         21.3812 
        1.12903         96.8419         21.1086 
        1.13518         96.2194         20.8407 
        1.14131         95.8276         20.5775 
        1.14745         95.3681         20.3191 
        1.15359         94.3506          20.065 
        1.15973         94.0858         19.8152 
        1.16584         93.4327         19.5708 
        1.17197         93.0261         19.3302 
        1.17811         92.2464         19.0929 
        1.18424         91.7536         18.8603 
        1.19038         91.3643         18.6309 
        1.19652          90.881         18.4055 
        1.20267         90.2556         18.1838 
        1.20881         89.5543         17.9658 
        1.21495         89.2208         17.7517 
        1.22108         88.7701         17.5412 
         1.2272         88.1815         17.3346 
        1.23334         87.8909         17.1309 
        1.23949         87.2802           16.93 
        1.24562         86.5807         16.7329 
        1.25174         86.4882         16.5392 
        1.25789         85.7272          16.348 
        1.26402         85.3986         16.1602 
        1.27014         84.7469         15.9759 
        1.27628          84.317         15.7938 
        1.28244         84.1708         15.6143 
        1.28858         83.4087         15.4378 
        1.29471         82.9371         15.2644 
        1.30084         82.3289         15.0939 
        1.30697         82.0995         14.9257 
        1.31312         81.6463         14.7599 
        1.31925         81.0472         14.5971 
        1.32537            80.7          14.437 
        1.33151         80.5769         14.2786 
        1.33765         79.9212         14.1228 
        1.34378         79.5364         13.9696 
        1.34992          79.254         13.8185 
        1.35606         78.7839         13.6694 
         1.3622         78.5278         13.5227 
        1.36833          77.858         13.3786 
        1.37445         77.5277         13.2367 
        1.38059         77.1533         13.0963 
        1.38675         76.5737         12.9577 
        1.39288         76.2161         12.8216 
        1.39901         75.8467         12.6876 
        1.40515         75.4346         12.5552 
         1.4113         75.0761         12.4247 
        1.41742         74.6952         12.2966 
        1.42355         74.4581         12.1701 
         1.4297         73.9395         12.0449 
        1.43585         73.7231         11.9216 
        1.44198         73.0672         11.8005 
        1.44809         72.6155         11.6813 
        1.45423         72.6963         11.5633 
        1.46036         72.0824         11.4471 
        1.46649         71.5767         11.3325 
        1.47263         71.2188         11.2194 
        1.47877         70.9765         11.1079 
        1.48491          70.536         10.9978 
        1.49104         70.1081         10.8893 
        1.49718         69.8076         10.7823 
        1.50333         69.6089         10.6765 
        1.50947         69.2641         10.5724 
         1.5156         69.0401         10.4698 
        1.52172         68.4091         10.3686 
        1.52787         68.1494         10.2685 
          1.534         67.8039         10.1699 
        1.54013         67.6208         10.0727 
        1.54627         67.0169         9.97652 
        1.55241         66.9995         9.88164 
        1.55855         66.3148         9.78812 
        1.56467          65.901         9.69608 
         1.5708         65.7564         9.60496 
        1.57695         65.4319         9.51488 
        1.58308         65.1323         9.42617 
        1.58922         64.9108         9.33853 
        1.59535         64.7933         9.25204 
         1.6015         64.3295         9.16653 
        1.60764         63.9864         9.08214 
        1.61376         63.7552         8.99905 
        1.61989         63.2142         8.91693 
        1.62604         63.0992         8.83566 
        1.63218         62.7546         8.75545 
        1.63831          62.551         8.67642 
        1.64444         62.2433         8.59834 
        1.65059         61.8391         8.52103 
        1.65673         61.6381         8.44476 
        1.66285         61.1895         8.36964 
        1.66898         60.8099         8.29541 
        1.67512         60.5807         8.22193 
        1.68127         60.4886         8.14928 
         1.6874         60.0753         8.07768 
        1.69353          59.771         8.00698 
        1.69967         59.5516         7.93695 
        1.70581         59.2437          7.8678 
        1.71193         58.9039         7.79974 
        1.71806          58.761         7.73234 
        1.72421          58.468          7.6656 
        1.73035         58.1553         7.59973 
        1.73649         57.8599         7.53465 
        1.74262         57.5131         7.47038 
        1.74876         57.3991         7.40682 
        1.75489         57.0965         7.34414 
        1.76101         56.8474          7.2822 
        1.76715         56.5005         7.22089 
        1.77329         56.2356         7.16022 
        1.77943         56.1635         7.10021 
        1.78557         55.8104         7.04099 
        1.79171          55.432         6.98243 
        1.79785         55.2276         6.92453 
        1.80399         55.0616          6.8673 
        1.81012         54.7208         6.81079 
        1.81625          54.492         6.75495 
        1.82239         54.1928         6.69965 
        1.82853         53.9896           6.645 
        1.83466         53.6919         6.59101 
        1.84078          53.432         6.53768 
        1.84692          53.439         6.48485 
        1.85306         53.0904         6.43254 
         1.8592         52.7901          6.3809 
        1.86533          52.549         6.32985 
        1.87147         52.2364          6.2793 
        1.87761         52.0005         6.22928 
        1.88375         51.8792         6.17987 
        1.88988         51.4991         6.13104 
        1.89601         51.4366         6.08272 
        1.90215         51.0606         6.03488 
        1.90829         50.8884         5.98757 
        1.91442         50.5573         5.94077 
        1.92056         50.4687         5.89452 
         1.9267         50.1949         5.84871 
        1.93284         50.0074         5.80335 
        1.93897         49.6355         5.75857 
        1.94509         49.4918         5.71436 
        1.95123          49.279          5.6705 
        1.95737         49.1939         5.62706 
        1.96349         48.9148          5.5842 
        1.96964         48.6513         5.54166 
        1.97578         48.3797         5.49954 
        1.98192          48.121         5.45795 
        1.98805         47.8282         5.41678 
        1.99419         47.7946         5.37604 
        2.00033         47.5132          5.3357 
        2.00647         47.2832         5.29578 
         2.0126         47.1299         5.25634 
        2.01874         47.0214         5.21724 
        2.02488         46.7415         5.17851 
        2.03101         46.5724         5.14024 
        2.03714         46.2918         5.10239 
        2.04328         46.1317         5.06488 
        2.04941         45.7388         5.02778 
        2.05554         45.6983         4.99108 
        2.06167         45.5086          4.9547 
        2.06781         45.3245         4.91867 
        2.07396         45.0258         4.88296 
        2.08009         44.8708         4.84765 
        2.08622         44.7156         4.81274 
        2.09237         44.4806         4.77811 
        2.09851         44.1898         4.74381 
        2.10464          44.025          4.7099 
        2.11077         43.8996         4.67637 
        2.11691          43.677         4.64309 
        2.12305         43.4857         4.61013 
        2.12918         43.2354         4.57758 
        2.13531         43.0167         4.54533 
        2.14145         42.8853         4.51332 
         2.1476         42.8559         4.48158 
        2.15372         42.6028         4.45031 
        2.15985         42.3188         4.41931 
        2.16599         42.1369         4.38851 
        2.17213         42.0095         4.35804 
        2.17827          41.823         4.32786 
         2.1844         41.5096           4.298 
        2.19054         41.5535         4.26841 
        2.19666         41.2814         4.23914 
         2.2028         41.0137         4.21012 
        2.20893          40.882         4.18135 
        2.21508         40.6928         4.15283 
        2.22122         40.4807         4.12456 
        2.22736         40.3085         4.09661 
        2.23349         40.1697         4.06893 
        2.23962         40.0367         4.04149 
        2.24577         39.8442         4.01428 
         2.2519         39.6204         3.98735 
        2.25802         39.4221         3.96072 
        2.26417          39.214         3.93426 
        2.27031         39.1189         3.90801 
        2.27644         39.0026         3.88208 
        2.28257         38.7783         3.85639 
        2.28872         38.6749         3.83088 
        2.29486         38.4627         3.80561 
        2.30099         38.2703         3.78062 
        2.30712         38.1209         3.75584 
        2.31326          37.992         3.73125 
         2.3194         37.8076         3.70688 
        2.32553         37.6491         3.68278 
        2.33166         37.4714          3.6589 
         2.3378         37.2537          3.6352 
        2.34394         37.1341          3.6117 
        2.35007         37.0271         3.58844 
        2.35619         36.8458         3.56542 
        2.36233         36.6503         3.54254 
        2.36848         36.5597         3.51982 
        2.37462         36.2925         3.49734 
        2.38075         36.2474         3.47509 
        2.38689         36.0346           3.453 
        2.39303            35.9         3.43112 
        2.39916         35.7324         3.40944 
        2.40529         35.5931         3.38796 
        2.41143         35.4875         3.36664 
        2.41757          35.332          3.3455 
         2.4237         35.1485         3.32458 
        2.42983         34.9982         3.30384 
        2.43598         34.8572         3.28323 
        2.44211         34.6374         3.26282 
        2.44823         34.5243         3.24263 
        2.45437         34.4027         3.22256 
        2.46052         34.1859         3.20264 
        2.46665         34.1175         3.18293 
        2.47279         33.8582         3.16339 
        2.47892         33.8189           3.144 
        2.48507         33.6897         3.12475 
         2.4912         33.4688          3.1057 
        2.49733         33.3662         3.08683 
        2.50347         33.2449         3.06807 
        2.50961         33.0936         3.04947 
        2.51575         32.9448         3.03103 
        2.52188         32.7688         3.01277 
        2.52802         32.6596         2.99464 
        2.53416         32.5161         2.97665 
        2.54029         32.3967         2.95884 
        2.54641         32.2688         2.94119 
        2.55255         32.1258         2.92366 
        2.55869         32.0147         2.90624 
        2.56483         31.8032         2.88899 
        2.57096         31.6461          2.8719 
        2.57709          31.592         2.85495 
        2.58323         31.4402         2.83811 
        2.58937          31.359          2.8214 
        2.59551         31.2281         2.80485 
        2.60164          31.066         2.78843 
        2.60778         30.9375         2.77213 
        2.61392         30.7742         2.75597 
        2.62006         30.6523         2.73993 
        2.62619         30.5483         2.72405 
        2.63232         30.4408         2.70828 
        2.63846          30.235         2.69263 
        2.64459         30.1778         2.67711 
        2.65072         30.0799         2.66172 
        2.65686         29.8942         2.64645 
          2.663          29.783         2.63127 
        2.66915         29.6848         2.61622 
        2.67527         29.5326         2.60132 
        2.68141         29.4211         2.58652 
        2.68755         29.3445         2.57183 
        2.69368         29.1735         2.55726 
        2.69981         29.0459         2.54283 
        2.70595         28.9537         2.52847 
        2.71209         28.8126         2.51422 
        2.71823         28.6501          2.5001 
        2.72436         28.5857         2.48609 
         2.7305         28.4896         2.47219 
        2.73663         28.3852         2.45839 
        2.74276         28.1779         2.44471 
         2.7489         28.1027         2.43112 
        2.75504         27.9596         2.41763 
        2.76118         27.8826         2.40423 
        2.76732         27.7885         2.39095 
        2.77345           27.63         2.37778 
        2.77959         27.5547          2.3647 
        2.78572         27.4682         2.35173 
        2.79186         27.3065         2.33885 
        2.79798         27.2052         2.32609 
        2.80412         27.0661          2.3134 
        2.81027         26.9348         2.30078 
         2.8164         26.8642         2.28829 
        2.82253          26.771          2.2759 
        2.82867         26.6629         2.26358 
        2.83481          26.517         2.25136 
        2.84095         26.4238         2.23923 
        2.84708         26.3002          2.2272 
        2.85322         26.2321         2.21524 
        2.85935         26.1267         2.20338 
        2.86549         26.0267         2.19161 
        2.87162         25.8683         2.17993 
        2.87776         25.7607         2.16833 
        2.88389         25.7085         2.15681 
        2.89003          25.611         2.14538 
        2.89617          25.495         2.13403 
        2.90231         25.3675         2.12276 
        2.90844         25.2698         2.11157 
        2.91458         25.1644         2.10047 
        2.92071         25.0738         2.08946 
        2.92684         24.9753         2.07851 
        2.93298         24.8965         2.06765 
         2.9391         24.7754         2.05689 
        2.94524         24.6646         2.04618 
        2.95138         24.5636         2.03554 
        2.95752         24.4565         2.02497 
        2.96367         24.3839         2.01448 
         2.9698          24.263         2.00408 
        2.97594         24.1994         1.99374 
        2.98207          24.091         1.98348 
        2.98821         23.9964          1.9733 
        2.99434         23.8856         1.96319 
        3.00048         23.7921         1.95314 
        3.00662         23.6795         1.94317 
        3.01275         23.5997         1.93327 
        3.01888         23.5187         1.92345 
        3.02503         23.4082         1.91367 
        3.03117         23.3277         1.90397 
        3.03729         23.2351         1.89436 
        3.04342         23.1131         1.88481 
        3.04957         23.0279          1.8753 
         3.0557         22.9622         1.86587 
        3.06183         22.8305         1.85652 
        3.06796         22.7358         1.84723 
        3.07411          22.659         1.83798 
        3.08025         22.5493         1.82881 
        3.08637         22.4878         1.81972 
         3.0925         22.4094         1.81068 
        3.09865         22.3115         1.80168 
         3.1048         22.2231         1.79275 
        3.11093         22.1501         1.78389 
        3.11706         22.0066          1.7751 
         3.1232         21.9539         1.76635 
        3.12933         21.8608         1.75767 
        3.13547         21.7959         1.74905 
        3.14159         21.6663          1.7405 
        3.14773         21.6163         1.73199 
        3.15388         21.5383         1.72352 
        3.16001         21.4549         1.71513 
        3.16614         21.3122          1.7068 
        3.17228         21.2696         1.69852 
        3.17842         21.1898         1.69029 
        3.18455         21.1216         1.68212 
        3.19068         21.0046         1.67401 
        3.19682         20.9283         1.66594 
        3.20297         20.8414         1.65793 
         3.2091         20.7589         1.64997 
        3.21524         20.7098         1.64207 
        3.22138         20.6007         1.63421 
         3.2275         20.5739         1.62642 
        3.23363         20.4214         1.61868 
        3.23977         20.3559         1.61098 
        3.24591         20.2616         1.60334 
        3.25205         20.2133         1.59573 
        3.25818         20.1048         1.58818 
        3.26432         20.0328         1.58068 
        3.27046         19.9846         1.57323 
         3.2766         19.9025         1.56583 
        3.28273         19.8311         1.55848 
        3.28887         19.7344         1.55117 
          3.295         19.6501         1.54391 
        3.30113         19.5916          1.5367 
        3.30727         19.4984         1.52953 
        3.31341         19.4301         1.52242 
        3.31954         19.3576         1.51535 
        3.32568         19.2986         1.50831 
        3.33182         19.2069         1.50133 
        3.33795         19.1288         1.49439 
        3.34409         19.0901         1.48749 
        3.35022         19.0006         1.48064 
        3.35636         18.9307         1.47383 
         3.3625         18.8639         1.46706 
        3.36864         18.7943         1.46034 
        3.37477         18.6969         1.45366 
        3.38091         18.6285         1.44702 
        3.38704         18.5432         1.44043 
        3.39318         18.5377         1.43387 
        3.39931         18.3985         1.42735 
        3.40545         18.3684         1.42088 
        3.41158         18.3037         1.41445 
        3.41772          18.198         1.40806 
        3.42385         18.1466         1.40171 
        3.42998         18.0826          1.3954 
        3.43612         18.0103         1.38912 
        3.44226         17.9225         1.38288 
         3.4484         17.8641         1.37668 
        3.45453         17.7736         1.37052 
        3.46066         17.7454         1.36441 
        3.46681         17.6681         1.35831 
        3.47295         17.6171         1.35226 
        3.47908         17.5119         1.34626 
        3.48521         17.4767         1.34029 
        3.49135          17.398         1.33435 
        3.49749         17.3135         1.32845 
        3.50362         17.2751         1.32259 
        3.50976          17.197         1.31676 
        3.51589         17.1115         1.31097 
        3.52203         17.0747         1.30521 
        3.52816         17.0024         1.29949 
        3.53429         16.9601         1.29381 
        3.54043         16.8833         1.28814 
        3.54657         16.8074         1.28252 
        3.55271           16.73         1.27694 
        3.55884         16.6892         1.27139 
        3.56498         16.6455         1.26586 
        3.57112         16.5864         1.26037 
        3.57725         16.5088         1.25492 
        3.58338         16.4621          1.2495 
        3.58952         16.3932         1.24411 
        3.59566         16.3117         1.23875 
         3.6018         16.2504         1.23342 
        3.60793         16.1956         1.22813 
        3.61407         16.1195         1.22287 
        3.62021          16.062         1.21763 
        3.62634         16.0335         1.21243 
        3.63247          15.964         1.20726 
        3.63861          15.919         1.20212 
        3.64475          15.835         1.19701 
        3.65089         15.7811         1.19193 
        3.65702          15.712         1.18688 
        3.66316         15.6724         1.18186 
        3.66929         15.6225         1.17687 
        3.67543          15.546          1.1719 
        3.68156         15.5091         1.16697 
        3.68769         15.4205         1.16206 
        3.69383         15.3699         1.15718 
        3.69997           15.33         1.15233 
        3.70611         15.2681         1.14751 
        3.71224         15.2248         1.14272 
        3.71838         15.1583         1.13795 
        3.72451         15.0942         1.13321 
        3.73065         15.0482          1.1285 
        3.73678          14.985         1.12382 
        3.74292         14.9477         1.11916 
        3.74906         14.8828         1.11453 
        3.75519         14.8252         1.10992 
        3.76133         14.7783         1.10534 
        3.76746         14.7203         1.10079 
         3.7736         14.6452         1.09627 
        3.77974         14.6076         1.09176 
        3.78588         14.5559         1.08728 
        3.79201         14.4967         1.08283 
        3.79814         14.4679         1.07841 
        3.80428         14.4122         1.07401 
        3.81042         14.3421         1.06963 
        3.81655         14.2993         1.06528 
        3.82268         14.2404         1.06096 
        3.82882         14.1736         1.05665 
        3.83496         14.1381         1.05237 
        3.84109         14.0941         1.04812 
        3.84723          14.036         1.04389 
        3.85337         13.9763         1.03967 
        3.85951         13.9379         1.03548 
        3.86565         13.9125         1.03132 
        3.87178          13.842         1.02719 
        3.87791           13.79         1.02307 
        3.88405         13.7543         1.01898 
        3.89019         13.6937         1.01491 
        3.89632         13.6315         1.01086 
        3.90246          13.592         1.00683 
         3.9086         13.5577         1.00283 
        3.91473          13.503        0.998847 
        3.92086         13.4531        0.994892 
        3.92699         13.3931        0.990952 
        3.93313         13.3402        0.987032 
        3.93927         13.3069        0.983137 
         3.9454         13.2691        0.979262 
        3.95154         13.2213        0.975405 
        3.95768         13.1707         0.97157 
        3.96382         13.1285        0.967757 
        3.96995         13.0769        0.963964 
        3.97609          13.014        0.960193 
        3.98222          12.975        0.956444 
        3.98836         12.9297        0.952712 
         3.9945         12.8986        0.949001 
        4.00063         12.8459        0.945311 
        4.00677         12.7845        0.941637 
        4.01291          12.748        0.937982 
        4.01904            12.7        0.934354 
        4.02517         12.6583        0.930745 
        4.03131         12.6059        0.927148 
        4.03745          12.582         0.92357 
        4.04358         12.5196        0.920016 
        4.04972          12.481         0.91648 
        4.05585         12.4345        0.912962 
        4.06199         12.3944        0.909461 
        4.06812          12.346         0.90598 
        4.07426         12.3081        0.902518 
         4.0804         12.2644         0.89907 
        4.08654         12.2323        0.895641 
        4.09267         12.1868        0.892235 
         4.0988         12.1376        0.888849 
        4.10494         12.1028        0.885475 
        4.11108          12.059        0.882117 
        4.11721           12.02        0.878781 
        4.12334         11.9689        0.875462 
        4.12948         11.9203        0.872159 
        4.13561         11.8866        0.868871 
        4.14176         11.8474        0.865599 
        4.14789         11.7966        0.862345 
        4.15403          11.771         0.85911 
        4.16016         11.7311        0.855891 
         4.1663         11.6795        0.852688 
        4.17243         11.6415        0.849504 
        4.17857         11.6031        0.846334 
        4.18471         11.5693        0.843179 
        4.19084         11.5328        0.840042 
        4.19698         11.4853        0.836921 
        4.20312         11.4464        0.833814 
        4.20925         11.4078        0.830725 
        4.21538         11.3714        0.827654 
        4.22152         11.3224        0.824594 
        4.22766         11.2917         0.82155 
         4.2338         11.2577        0.818524 
        4.23993         11.2087        0.815513 
        4.24607         11.1647        0.812516 
         4.2522         11.1349        0.809534 
        4.25834          11.097        0.806567 
        4.26447         11.0576        0.803617 
        4.27061         11.0278        0.800682 
        4.27674         10.9823         0.79776 
        4.28288         10.9556         0.79485 
        4.28902         10.9158        0.791958 
        4.29515         10.8775        0.789081 
        4.30129         10.8303        0.786217 
        4.30743         10.7929        0.783366 
        4.31356           10.75         0.78053 
        4.31969         10.7217        0.777712 
        4.32583         10.6941        0.774906 
        4.33197         10.6473         0.77211 
         4.3381         10.6227         0.76933 
        4.34424         10.5794        0.766566 
        4.35038         10.5431        0.763811 
        4.35652         10.5125        0.761071 
        4.36265         10.4777        0.758348 
        4.36878         10.4433        0.755638 
        4.37492         10.4118        0.752938 
        4.38106         10.3664        0.750251 
        4.38719         10.3296        0.747581 
        4.39333         10.3215        0.744925 
        4.39946         10.2717        0.742279 
         4.4056         10.2412        0.739646 
        4.41173         10.2016        0.737026 
        4.41786         10.1643        0.734422 
          4.424         10.1367        0.731827 
        4.43014         10.1014        0.729242 
        4.43628         10.0645        0.726671 
        4.44241         10.0391        0.724115 
        4.44855         10.0038         0.72157 
        4.45469         9.97048        0.719035 
        4.46083         9.92744        0.716516 
        4.46696         9.89764         0.71401 
        4.47309         9.86873        0.711513 
        4.47923         9.84355        0.709028 
        4.48537         9.80357        0.706557 
         4.4915         9.77273        0.704097 
        4.49764          9.7556        0.701647 
        4.50378         9.71019        0.699209 
        4.50991         9.68969        0.696786 
        4.51604         9.65186        0.694375 
        4.52218         9.61342        0.691969 
        4.52832         9.59553        0.689579 
        4.53445         9.55014          0.6872 
        4.54059         9.53302        0.684833 
        4.54673         9.48493        0.682474 
        4.55286         9.46283        0.680128 
          4.559          9.4334        0.677793 
        4.56513         9.39986        0.675471 
        4.57127         9.37465        0.673158 
        4.57741         9.34159        0.670855 
        4.58354         9.31508        0.668564 
        4.58968         9.28427        0.666284 
        4.59582         9.25431        0.664013 
        4.60195         9.22179        0.661754 
        4.60809          9.1896        0.659507 
        4.61422         9.16546        0.657269 
        4.62036         9.13481        0.655042 
        4.62649          9.1094        0.652824 
        4.63263         9.07052        0.650618 
        4.63876         9.04514        0.648421 
         4.6449         9.01567        0.646234 
        4.65104         8.99187        0.644058 
        4.65717         8.96556        0.641893 
        4.66331          8.9306        0.639736 
        4.66944         8.91101         0.63759 
        4.67558          8.8783        0.635455 
        4.68171         8.84836        0.633328 
        4.68785         8.82487        0.631209 
        4.69399         8.80179        0.629102 
        4.70012         8.76463        0.627007 
        4.70625         8.74375         0.62492 
        4.71239         8.72061        0.622841 
        4.71853         8.68581        0.620772 
        4.72467         8.66625        0.618711 
         4.7308         8.63494        0.616662 
        4.73694         8.60532        0.614622 
        4.74308         8.58168         0.61259 
        4.74922         8.55456        0.610567 
        4.75535         8.52614        0.608555 
        4.76148          8.5002        0.606553 
        4.76762         8.47079        0.604556 
        4.77376         8.44607         0.60257 
        4.77989         8.42088        0.600595 
        4.78602          8.4053        0.598627 
        4.79216         8.37537        0.596667 
         4.7983         8.34215        0.594717 
        4.80443         8.31593        0.592777 
        4.81056         8.29608        0.590845 
         4.8167         8.27987         0.58892 
        4.82284         8.24556        0.587003 
        4.82898         8.22468        0.585096 
        4.83511         8.20312        0.583199 
        4.84125         8.17498        0.581308 
        4.84739         8.15028        0.579426 
        4.85352         8.12105        0.577554 
        4.85965         8.09903        0.575689 
        4.86579         8.07914        0.573832 
        4.87193         8.04969        0.571983 
        4.87807         8.01548        0.570143 
         4.8842         8.00599        0.568311 
        4.89034         7.97488        0.566487 
        4.89647         7.95286         0.56467 
        4.90261         7.93824        0.562863 
        4.90874         7.91506        0.561064 
        4.91488         7.88371        0.559272 
        4.92102         7.86024        0.557486 
        4.92715          7.8496         0.55571 
        4.93329         7.81144        0.553942 
        4.93942          7.7953         0.55218 
        4.94556          7.7721        0.550426 
         4.9517           7.739        0.548681 
        4.95783         7.72652        0.546943 
        4.96397         7.70463        0.545212 
        4.97011         7.67312        0.543489 
        4.97624         7.65977        0.541773 
        4.98238         7.63888        0.540066 
        4.98851         7.61204        0.538366 
        4.99465         7.60152        0.536672 
        5.00078         7.57061        0.534987 
        5.00691         7.54501        0.533309 
        5.01305         7.53114        0.531638 
        5.01919         7.50827        0.529972 
        5.02533         7.48098        0.528315 
        5.03146         7.46854        0.526666 
         5.0376         7.44126        0.525023 
        5.04374          7.4237        0.523386 
        5.04987         7.40318        0.521757 
        5.05601         7.38506        0.520136 
        5.06215         7.36054         0.51852 
        5.06829         7.33774        0.516911 
        5.07442         7.31949        0.515311 
        5.08055         7.30365        0.513718 
        5.08668         7.28192         0.51213 
        5.09282         7.26025        0.510548 
        5.09896         7.24127        0.508974 
        5.10509         7.22463        0.507408 
        5.11123         7.20997        0.505847 
        5.11736         7.18502        0.504292 
         5.1235         7.16612        0.502744 
        5.12964         7.14039        0.501203 
        5.13577         7.12095        0.499667 
        5.14191         7.10178        0.498139 
        5.14804          7.0779        0.496619 
        5.15418         7.06781        0.495103 
        5.16032         7.04558        0.493593 
        5.16645         7.03358         0.49209 
        5.17259         7.01086        0.490594 
        5.17872         6.99405        0.489104 
        5.18486         6.97515        0.487619 
          5.191         6.95766         0.48614 
        5.19713         6.93854        0.484669 
        5.20327         6.91171        0.483204 
        5.20941         6.89916        0.481743 
        5.21555         6.88233        0.480288 
        5.22168         6.85841        0.478842 
        5.22781         6.84131        0.477401 
        5.23395         6.82793        0.475965 
        5.24009         6.81389        0.474535 
        5.24622         6.79053        0.473111 
        5.25236         6.77509        0.471694 
         5.2585         6.75808        0.470281 
        5.26463         6.73727        0.468875 
        5.27077         6.72252        0.467474 
         5.2769         6.70932         0.46608 
        5.28304         6.69099        0.464691 
        5.28917         6.66951        0.463308 
         5.2953         6.65477        0.461932 
        5.30144         6.64355         0.46056 
        5.30757         6.61906        0.459193 
        5.31371         6.60321        0.457832 
        5.31985         6.59404        0.456476 
        5.32599         6.57395        0.455125 
        5.33213         6.55904         0.45378 
        5.33826         6.54047        0.452442 
         5.3444         6.53243        0.451109 
        5.35053          6.5092         0.44978 
        5.35667         6.49507        0.448458 
        5.36281         6.47393         0.44714 
        5.36894         6.45983        0.445828 
        5.37507         6.45254        0.444522 
        5.38121         6.43334         0.44322 
        5.38735         6.41711        0.441923 
        5.39348         6.40668        0.440633 
        5.39961         6.38679        0.439348 
        5.40575         6.37035        0.438066 
        5.41189         6.35333         0.43679 
        5.41803         6.34487        0.435519 
        5.42416         6.33049        0.434254 
         5.4303         6.31403        0.432993 
        5.43644         6.30188        0.431738 
        5.44257         6.28269        0.430488 
        5.44871         6.26648        0.429242 
        5.45484         6.25912        0.428002 
        5.46098         6.24204        0.426766 
        5.46712          6.2274        0.425535 
        5.47325          6.2184        0.424309 
        5.47938         6.19516        0.423089 
        5.48552         6.18188        0.421874 
        5.49165         6.17111        0.420663 
        5.49779         6.16017        0.419456 
        5.50393         6.14012        0.418254 
        5.51006         6.13073        0.417056 
         5.5162         6.11315        0.415864 
        5.52234         6.10377        0.414676 
        5.52847          6.0896        0.413493 
        5.53461         6.07271        0.412314 
        5.54075         6.06268         0.41114 
        5.54688          6.0498        0.409971 
        5.55302         6.03683        0.408806 
        5.55915         6.02259        0.407646 
        5.56529         6.01419        0.406491 
        5.57143         5.99759        0.405339 
        5.57756         5.98704        0.404192 
         5.5837         5.97629         0.40305 
        5.58983         5.96429        0.401913 
        5.59597         5.94683         0.40078 
         5.6021         5.94497        0.399651 
        5.60824         5.92879        0.398525 
        5.61438         5.92096        0.397405 
        5.62051         5.90893        0.396289 
        5.62665          5.8916        0.395177 
        5.63278          5.8807         0.39407 
        5.63892         5.87297        0.392967 
        5.64505         5.85774        0.391868 
        5.65119         5.84898        0.390774 
        5.65733         5.83642        0.389683 
        5.66346         5.82178        0.388597 
         5.6696         5.81447        0.387515 
        5.67573         5.80304        0.386437 
        5.68187          5.7866        0.385363 
          5.688         5.77946        0.384293 
        5.69414         5.76901        0.383227 
        5.70028         5.75722        0.382165 
        5.70642         5.74885        0.381107 
        5.71255         5.73944        0.380053 
        5.71869         5.72864        0.379004 
        5.72482          5.7148        0.377959 
        5.73096         5.71192        0.376917 
        5.73709          5.6972         0.37588 
        5.74322         5.68701        0.374847 
        5.74936          5.6771        0.373816 
         5.7555         5.67304        0.372789 
        5.76164         5.65824        0.371767 
        5.76777         5.65027         0.37075 
        5.77391          5.6437        0.369734 
        5.78005          5.6334        0.368723 
        5.78618         5.62516        0.367717 
        5.79231         5.61628        0.366715 
        5.79845          5.6048        0.365715 
        5.80459         5.59533        0.364718 
        5.81073         5.58411        0.363727 
        5.81686          5.5768        0.362739 
          5.823         5.56445        0.361754 
        5.82914         5.56176        0.360773 
        5.83527         5.55127        0.359797 
         5.8414         5.54254        0.358823 
        5.84754         5.53366        0.357853 
        5.85368         5.52851        0.356886 
        5.85981         5.52273        0.355923 
        5.86595         5.51104        0.354964 
        5.87208          5.5017        0.354009 
        5.87822         5.49064        0.353057 
        5.88435         5.48734        0.352109 
        5.89049         5.48283        0.351164 
        5.89662          5.4743        0.350222 
        5.90276          5.4617        0.349283 
         5.9089         5.45772        0.348348 
        5.91503         5.44739        0.347418 
        5.92117          5.4421         0.34649 
        5.92731         5.43184        0.345565 
        5.93344         5.42725        0.344644 
        5.93958         5.42129        0.343726 
        5.94572         5.41361        0.342812 
        5.95186         5.40758          0.3419 
        5.95799         5.40392        0.340993 
        5.96412         5.39708        0.340089 
        5.97026         5.38422        0.339187 
         5.9764         5.37955         0.33829 
        5.98253           5.378        0.337396 
        5.98866         5.36947        0.336505 
         5.9948          5.3634        0.335616 
        6.00094          5.3606        0.334731 
        6.00707         5.35384        0.333849 
        6.01321         5.34957        0.332971 
        6.01935         5.34315        0.332095 
        6.02548         5.33497        0.331223 
        6.03162          5.3279        0.330354 
        6.03775          5.3275        0.329489 
        6.04389         5.32423        0.328626 
        6.05003         5.31787        0.327766 
        6.05617         5.31076        0.326909 
         6.0623         5.30803        0.326055 
        6.06844         5.30178        0.325205 
        6.07457          5.2988        0.324358 
         6.0807         5.29217        0.323513 
        6.08684         5.29026        0.322673 
        6.09298          5.2839        0.321834 
        6.09912          5.2795        0.320998 
        6.10525         5.27479        0.320166 
        6.11138         5.26982        0.319336 
        6.11752         5.26391         0.31851 
        6.12366         5.26546        0.317686 
        6.12979         5.26216        0.316866 
        6.13593         5.25648        0.316048 
        6.14207         5.24952        0.315233 
         6.1482         5.24925        0.314421 
        6.15434         5.24742        0.313612 
        6.16047          5.2368        0.312806 
        6.16661         5.24144        0.312003 
        6.17274         5.23464        0.311202 
        6.17887          5.2353        0.310405 
        6.18501         5.22878         0.30961 
        6.19115         5.22918        0.308817 
        6.19729         5.22683        0.308028 
        6.20342         5.22578        0.307241 
        6.20956         5.22711        0.306457 
         6.2157          5.2244        0.305676 
        6.22183         5.21623        0.304897 
        6.22797         5.21262        0.304122 
         6.2341          5.2172        0.303349 
        6.24024          5.2169        0.302579 
        6.24638         5.21035        0.301811 
        6.25251         5.20953        0.301046 
        6.25865           5.204        0.300284 
        6.26478         5.20758        0.299524 
        6.27092         5.20559        0.298767 
        6.27705         5.20121        0.298013 
        6.28318         5.20193        0.297262 
