# k  (h/Mpc)    P(k)  (Mpc/h)^3    P_linear(k)  (Mpc/h)^3
     0.00783031         24864.5         24968.1 
       0.013688         27895.3           28755 
       0.019231         26613.3         27088.9 
      0.0249154         23235.9         23083.2 
      0.0312784         18094.2           18220 
      0.0375637         14176.2         14366.1 
      0.0433917         11978.6         11964.9 
      0.0492413         10464.4         10519.3 
      0.0555754         9662.44         9643.81 
      0.0619321         8744.18         9039.01 
       0.067871          8260.9          8411.5 
      0.0738098         7562.92         7593.97 
      0.0800417         6615.59         6576.88 
      0.0862327         5626.41         5562.11 
      0.0921407         4907.28         4737.11 
      0.0982031            4383         4117.49 
       0.104506         3899.41         3719.39 
       0.110769         3694.47          3511.4 
       0.116806         3592.43          3400.9 
       0.122832         3428.99         3293.53 
       0.129052         3214.24         3123.55 
       0.135211         3078.42         2878.47 
       0.141259         2768.32         2589.07 
       0.147318         2510.53         2297.42 
       0.153489         2306.35         2042.77 
       0.159709         2194.96         1854.36 
       0.165845         2021.37         1736.61 
       0.171974         1976.56         1669.71 
       0.178125          1925.9         1627.27 
       0.184229         1782.83         1583.35 
        0.19034         1756.23         1519.44 
       0.196428          1691.7         1430.95 
       0.202534         1572.45         1324.87 
       0.208729         1527.81         1214.39 
       0.214876         1438.99         1116.54 
       0.220989         1365.14         1039.77 
       0.227147         1323.25         984.916 
        0.23329         1270.65         948.252 
       0.239377         1267.06         921.705 
       0.245482         1205.48         896.262 
       0.251667         1162.98         865.224 
       0.257832         1137.74         826.412 
       0.263955         1082.22         781.638 
       0.270079         1047.43         734.981 
        0.27624         1003.28         690.898 
       0.282372         989.101         653.452 
        0.28843         966.036         623.998 
       0.294538         922.885         601.041 
       0.300721         905.208          582.39 
        0.30691          879.41         565.343 
       0.313033         845.558          547.71 
       0.319153         837.096          527.99 
       0.325316         822.783         506.164 
        0.33145         801.483         483.499 
       0.337538         773.836         461.622 
       0.343633         756.381         441.644 
       0.349808          740.42         424.055 
       0.355968          725.51         409.233 
       0.362074         700.596         396.548 
       0.368217         696.588         384.979 
       0.374374          686.27         373.644 
       0.380519         660.889         362.003 
       0.386598         655.612         350.039 
       0.392688         637.877          337.73 
        0.39888         626.164         325.383 
       0.405048         610.838         313.715 
       0.411186         610.707         303.008 
       0.417313         601.367         293.396 
       0.423458         586.674         284.693 
       0.429607         570.004         276.637 
       0.435692          563.19         269.052 
       0.441815         552.654         261.566 
       0.447964           544.7         254.014 
       0.454126         537.256         246.446 
       0.460267         530.599         239.021 
       0.466387         517.936         231.848 
        0.47254         513.939         224.975 
       0.478662         503.054         218.574 
       0.484765         496.167         212.636 
       0.490885         493.383          207.03 
       0.497035         481.053         201.655 
       0.503198         480.037         196.456 
       0.509342         471.246         191.404 
       0.515458         462.086         186.456 
       0.521598          460.44         181.565 
       0.527764         450.051          176.78 
       0.533884         444.001         172.205 
           0.54         441.305          167.84 
       0.546137         433.689         163.659 
       0.552299         430.735         159.642 
       0.558452         423.954         155.798 
       0.564573          423.42         152.118 
       0.570708         415.712         148.549 
       0.576825         409.018         145.088 
       0.582926         407.675         141.714 
       0.589034         400.169         138.415 
       0.595184         397.119         135.187 
       0.601379         390.497         132.042 
       0.607522         383.878          129.04 
       0.613639         382.874         126.164 
       0.619772         380.401         123.383 
       0.625918          373.84         120.686 
       0.632068         372.386         118.067 
       0.638161         367.623         115.542 
         0.6443         362.804         113.067 
       0.650464         360.083         110.653 
       0.656582         356.099         108.324 
       0.662703         354.441         106.063 
       0.668861         348.361         103.856 
       0.675024         347.354         101.712 
       0.681124         339.524          99.652 
       0.687237         339.361          97.646 
       0.693381         334.625         95.6864 
       0.699536          334.33         93.7771 
       0.705665         329.294          91.928 
       0.711789         327.164         90.1305 
       0.717957         324.262          88.369 
        0.72409         320.524         86.6647 
       0.730186         320.849         85.0161 
       0.736317         315.554         83.4021 
       0.742472         313.113         81.8247 
       0.748622         312.245           80.29 
        0.75476         307.687         78.7984 
       0.760888         306.531         77.3472 
       0.767043         303.114          75.927 
       0.773185         300.204         74.5454 
       0.779291         298.215         73.2059 
       0.785407         296.178         71.8974 
       0.791564         294.565         70.6125 
       0.797719          290.03         69.3598 
       0.803834         289.553         68.1455 
       0.809972         285.637         66.9561 
       0.816124         284.018         65.7927 
       0.822261         281.762         64.6603 
       0.828378         280.204         63.5583 
       0.834502         276.444         62.4812 
       0.840667         275.405         61.4224 
       0.846816         272.648         60.3914 
       0.852925         272.884         59.3907 
       0.859047         268.503         58.4108 
       0.865192          267.66           57.45 
       0.871341         265.288         56.5102 
       0.877463         263.837         55.5959 
       0.883569         262.413         54.7042 
       0.889708         259.835         53.8276 
       0.895864         256.722         52.9681 
       0.902008         255.586         52.1292 
       0.908149         252.733         51.3091 
       0.914301          252.28         50.5054 
       0.920448         249.174         49.7197 
       0.926574         247.656         48.9536 
       0.932687          247.19         48.2053 
       0.938823         244.814         47.4701 
       0.944975         244.512         46.7485 
       0.951105         242.389         46.0446 
       0.957225         239.826         45.3565 
       0.963368         239.793         44.6801 
       0.969511         236.741         44.0176 
       0.975621         234.243         43.3722 
       0.981748         233.805          42.738 
       0.987916         232.221         42.1126 
        0.99406         230.357         41.5021 
        1.00019         228.265          40.905 
        1.00632         227.589         40.3202 
        1.01246         225.947          39.746 
        1.01859         224.155         39.1839 
        1.02471         222.714         38.6334 
        1.03085          221.83         38.0917 
        1.03698          220.05         37.5615 
        1.04314         219.127         37.0392 
        1.04929         217.559         36.5281 
        1.05541         217.046         36.0288 
        1.06154         214.774         35.5375 
        1.06769         213.474         35.0548 
        1.07382         211.344         34.5826 
        1.07993         211.156         34.1202 
        1.08607         209.672         33.6645 
        1.09222         208.029         33.2166 
        1.09836         206.671         32.7774 
        1.10449         205.812         32.3467 
        1.11063         204.594         31.9233 
        1.11677         202.613         31.5077 
         1.1229         202.377         31.1002 
        1.12903         200.125         30.6996 
        1.13518         198.966         30.3058 
        1.14131         197.867         29.9191 
        1.14745         196.868         29.5393 
        1.15359         195.387         29.1662 
        1.15973         194.606         28.7993 
        1.16584         193.516         28.4404 
        1.17197         192.678         28.0872 
        1.17811          190.39         27.7388 
        1.18424         189.691         27.3974 
        1.19038         188.847         27.0608 
        1.19652         187.034           26.73 
        1.20267         186.139         26.4047 
        1.20881         185.394          26.085 
        1.21495          184.09          25.771 
        1.22108         182.913         25.4623 
         1.2272         181.991         25.1593 
        1.23334         180.456         24.8606 
        1.23949         180.169          24.566 
        1.24562         178.577         24.2771 
        1.25174          178.16         23.9932 
        1.25789         176.625          23.713 
        1.26402         175.799         23.4378 
        1.27014          174.77         23.1676 
        1.27628         173.919         22.9009 
        1.28244         172.532         22.6379 
        1.28858         171.699         22.3794 
        1.29471          170.52         22.1255 
        1.30084         170.053         21.8758 
        1.30697         168.728         21.6295 
        1.31312          168.26         21.3868 
        1.31925         167.169         21.1485 
        1.32537         166.462         20.9141 
        1.33151         164.856         20.6824 
        1.33765          164.51         20.4544 
        1.34378         163.465         20.2303 
        1.34992         162.367         20.0093 
        1.35606         161.654         19.7913 
         1.3622           160.4         19.5768 
        1.36833         159.997         19.3661 
        1.37445          159.06         19.1586 
        1.38059         157.667         18.9535 
        1.38675         156.585         18.7509 
        1.39288         156.151         18.5521 
        1.39901         155.345         18.3562 
        1.40515         154.156         18.1628 
         1.4113         153.715         17.9722 
        1.41742         152.624         17.7851 
        1.42355         151.472         17.6003 
         1.4297         150.867         17.4176 
        1.43585         150.398         17.2375 
        1.44198         149.265         17.0607 
        1.44809         148.892         16.8866 
        1.45423         147.828         16.7144 
        1.46036         147.114         16.5449 
        1.46649         145.976         16.3777 
        1.47263         145.619         16.2126 
        1.47877         144.417         16.0499 
        1.48491          143.69         15.8892 
        1.49104         142.824         15.7311 
        1.49718         141.874         15.5749 
        1.50333         141.062         15.4207 
        1.50947          140.34         15.2688 
         1.5156         139.638         15.1192 
        1.52172         138.967         14.9717 
        1.52787         138.095         14.8258 
          1.534         137.632          14.682 
        1.54013         137.171         14.5403 
        1.54627         136.089         14.4002 
        1.55241         135.447         14.2619 
        1.55855         134.528         14.1257 
        1.56467         133.813         13.9916 
         1.5708         133.476         13.8588 
        1.57695         132.604         13.7276 
        1.58308         131.618         13.5984 
        1.58922         130.982         13.4708 
        1.59535         130.205         13.3448 
         1.6015         129.509         13.2203 
        1.60764          128.77         13.0975 
        1.61376         128.265         12.9765 
        1.61989         127.531          12.857 
        1.62604         127.123         12.7387 
        1.63218         125.972          12.622 
        1.63831         125.488          12.507 
        1.64444          125.02         12.3934 
        1.65059         124.109         12.2809 
        1.65673         123.408           12.17 
        1.66285         123.095         12.0607 
        1.66898         122.274         11.9527 
        1.67512         121.194         11.8459 
        1.68127         120.956         11.7402 
         1.6874         120.253         11.6361 
        1.69353         119.454         11.5333 
        1.69967         119.048         11.4316 
        1.70581         118.195          11.331 
        1.71193          117.85         11.2321 
        1.71806          117.15         11.1342 
        1.72421         116.295         11.0372 
        1.73035         116.026         10.9415 
        1.73649         115.474         10.8469 
        1.74262          114.54         10.7535 
        1.74876         113.866         10.6612 
        1.75489         113.532         10.5702 
        1.76101         113.056         10.4802 
        1.76715         112.472         10.3912 
        1.77329         111.897          10.303 
        1.77943         111.006         10.2159 
        1.78557         110.323         10.1299 
        1.79171         109.751         10.0449 
        1.79785         109.162         9.96085 
        1.80399         108.598         9.87777 
        1.81012          108.17         9.79576 
        1.81625         107.344          9.7147 
        1.82239         107.063         9.63445 
        1.82853         106.402         9.55514 
        1.83466         105.877          9.4768 
        1.84078         105.508         9.39943 
        1.84692         104.662         9.32279 
        1.85306         104.108         9.24691 
         1.8592         103.579           9.172 
        1.86533         102.956         9.09796 
        1.87147         102.547         9.02465 
        1.87761         102.168         8.95212 
        1.88375         101.315         8.88047 
        1.88988         100.842         8.80968 
        1.89601         100.454         8.73962 
        1.90215         99.8773         8.67027 
        1.90829         99.2617         8.60171 
        1.91442         98.8641         8.53387 
        1.92056         98.5238         8.46684 
         1.9267         97.8811         8.40045 
        1.93284         97.3373         8.33473 
        1.93897         96.9535         8.26984 
        1.94509         96.3112         8.20578 
        1.95123         95.6276         8.14224 
        1.95737         95.2568         8.07932 
        1.96349         94.9525         8.01723 
        1.96964         94.4939         7.95562 
        1.97578         93.8263         7.89462 
        1.98192         93.5444         7.83439 
        1.98805         92.9657         7.77478 
        1.99419         92.5921         7.71578 
        2.00033         91.9915         7.65737 
        2.00647         91.5092         7.59958 
         2.0126         91.0858         7.54249 
        2.01874         90.4549         7.48589 
        2.02488         90.1269         7.42982 
        2.03101         89.7794         7.37444 
        2.03714         89.2773         7.31966 
        2.04328         88.7045         7.26539 
        2.04941         88.0925          7.2117 
        2.05554         88.0372          7.1586 
        2.06167          87.442         7.10596 
        2.06781         87.0968         7.05384 
        2.07396         86.5309         7.00217 
        2.08009         86.1336         6.95111 
        2.08622         85.7415         6.90061 
        2.09237         85.2794         6.85052 
        2.09851          84.877         6.80091 
        2.10464         84.3925         6.75188 
        2.11077         84.0178         6.70339 
        2.11691         83.4154         6.65527 
        2.12305           82.98         6.60762 
        2.12918         82.6799         6.56055 
        2.13531         82.3842         6.51394 
        2.14145          81.964         6.46767 
         2.1476         81.3433          6.4218 
        2.15372         80.9434          6.3766 
        2.15985         80.5745         6.33179 
        2.16599         80.0434         6.28728 
        2.17213         79.9824         6.24325 
        2.17827         79.3957         6.19965 
         2.1844         78.9516         6.15651 
        2.19054         78.6189         6.11376 
        2.19666         78.2424         6.07147 
         2.2028         77.8425         6.02955 
        2.20893         77.2995         5.98801 
        2.21508         76.8508          5.9468 
        2.22122         76.6207         5.90598 
        2.22736         76.3856         5.86562 
        2.23349         75.9016         5.82564 
        2.23962         75.5668         5.78602 
        2.24577         75.2063         5.74673 
         2.2519         74.6808         5.70786 
        2.25802         74.2948         5.66941 
        2.26417         74.0023         5.63121 
        2.27031         73.6847         5.59332 
        2.27644         73.2432          5.5559 
        2.28257         73.0601         5.51882 
        2.28872         72.5505           5.482 
        2.29486         72.1399         5.44553 
        2.30099         71.8887         5.40947 
        2.30712         71.5648         5.37371 
        2.31326         71.2273         5.33822 
         2.3194         70.7702         5.30307 
        2.32553         70.5481          5.2683 
        2.33166         70.1687         5.23385 
         2.3378         69.7819         5.19966 
        2.34394         69.4309         5.16577 
        2.35007         69.1093         5.13222 
        2.35619         68.6016         5.09902 
        2.36233         68.3296         5.06603 
        2.36848         68.1731         5.03326 
        2.37462         67.6795         5.00085 
        2.38075         67.4245         4.96876 
        2.38689         67.1234         4.93692 
        2.39303         66.7039         4.90537 
        2.39916         66.4466         4.87412 
        2.40529         66.1141         4.84315 
        2.41143         65.8175         4.81243 
        2.41757         65.3901         4.78195 
         2.4237         65.2069          4.7518 
        2.42983         64.9128         4.72191 
        2.43598         64.5851          4.6922 
        2.44211          64.161         4.66279 
        2.44823         63.8745          4.6337 
        2.45437         63.6275         4.60478 
        2.46052         63.3381         4.57608 
        2.46665         62.9785         4.54768 
        2.47279         62.5418         4.51953 
        2.47892         62.3783         4.49159 
        2.48507         61.9572         4.46387 
         2.4912         61.8269         4.43643 
        2.49733         61.4799         4.40924 
        2.50347         61.1043         4.38223 
        2.50961         60.9421         4.35544 
        2.51575         60.6879         4.32889 
        2.52188         60.3375          4.3026 
        2.52802         60.0844         4.27649 
        2.53416         59.7291         4.25059 
        2.54029         59.4427         4.22495 
        2.54641         59.1643         4.19953 
        2.55255         58.8534          4.1743 
        2.55869         58.5539         4.14923 
        2.56483          58.259          4.1244 
        2.57096         58.0126          4.0998 
        2.57709         57.6412         4.07539 
        2.58323         57.4139         4.05116 
        2.58937         57.1951         4.02712 
        2.59551         56.7815         4.00329 
        2.60164         56.6173         3.97967 
        2.60778         56.3925         3.95622 
        2.61392         56.0444         3.93296 
        2.62006         55.8316         3.90989 
        2.62619         55.5482         3.88703 
        2.63232         55.2768         3.86436 
        2.63846         54.9446         3.84183 
        2.64459         54.7686         3.81952 
        2.65072         54.4853         3.79738 
        2.65686         54.3207         3.77542 
          2.663         54.0231         3.75359 
        2.66915         53.6716         3.73194 
        2.67527         53.4416         3.71051 
        2.68141         53.2245         3.68923 
        2.68755         52.9351          3.6681 
        2.69368         52.6621         3.64715 
        2.69981         52.4183          3.6264 
        2.70595         52.2357         3.60576 
        2.71209         52.0082         3.58527 
        2.71823         51.8226         3.56498 
        2.72436         51.4622         3.54485 
         2.7305         51.2053         3.52486 
        2.73663         50.9888         3.50502 
        2.74276         50.8302         3.48536 
         2.7489         50.5243         3.46584 
        2.75504         50.3123         3.44644 
        2.76118         50.1512         3.42719 
        2.76732         49.8762         3.40811 
        2.77345         49.6187         3.38918 
        2.77959          49.312         3.37039 
        2.78572         49.1214         3.35175 
        2.79186         48.9316         3.33325 
        2.79798         48.6951         3.31491 
        2.80412          48.485         3.29668 
        2.81027         48.2851         3.27856 
         2.8164         47.9913         3.26062 
        2.82253         47.8144         3.24281 
        2.82867         47.6278         3.22513 
        2.83481         47.3496         3.20757 
        2.84095         47.2189         3.19015 
        2.84708         46.9915         3.17288 
        2.85322         46.7573         3.15571 
        2.85935         46.4108         3.13867 
        2.86549          46.356         3.12177 
        2.87162         46.1095           3.105 
        2.87776         45.7918         3.08835 
        2.88389         45.6259         3.07181 
        2.89003         45.4217          3.0554 
        2.89617         45.2717          3.0391 
        2.90231         45.0483         3.02292 
        2.90844         44.8016         3.00687 
        2.91458         44.5827         2.99093 
        2.92071         44.4294         2.97513 
        2.92684         44.2064         2.95942 
        2.93298          43.989         2.94384 
         2.9391         43.8151         2.92839 
        2.94524         43.6257         2.91302 
        2.95138          43.379         2.89776 
        2.95752         43.1883         2.88259 
        2.96367         43.0173         2.86754 
         2.9698         42.8351         2.85261 
        2.97594         42.6008         2.83778 
        2.98207         42.4564         2.82306 
        2.98821         42.2154         2.80846 
        2.99434         42.1208         2.79395 
        3.00048         41.9401         2.77955 
        3.00662         41.6843         2.76523 
        3.01275         41.5177         2.75104 
        3.01888         41.2555         2.73695 
        3.02503         41.0812         2.72293 
        3.03117          40.956         2.70902 
        3.03729         40.7373         2.69524 
        3.04342         40.5445         2.68154 
        3.04957         40.4144          2.6679 
         3.0557         40.2492         2.65439 
        3.06183         40.0016         2.64099 
        3.06796          39.768         2.62766 
        3.07411         39.6484          2.6144 
        3.08025         39.5216         2.60125 
        3.08637         39.3266         2.58822 
         3.0925         39.1485         2.57526 
        3.09865          38.978         2.56236 
         3.1048         38.7662         2.54956 
        3.11093         38.6155         2.53686 
        3.11706         38.4574         2.52426 
         3.1232         38.2473         2.51173 
        3.12933         38.1002         2.49928 
        3.13547         37.9486         2.48693 
        3.14159         37.7311         2.47468 
        3.14773         37.6047         2.46248 
        3.15388         37.4204         2.45036 
        3.16001         37.2514         2.43834 
        3.16614          37.125          2.4264 
        3.17228         36.9475         2.41453 
        3.17842         36.8172         2.40274 
        3.18455         36.6623         2.39104 
        3.19068         36.5477         2.37943 
        3.19682         36.2539         2.36787 
        3.20297          36.139         2.35638 
         3.2091         35.9495         2.34499 
        3.21524         35.8115         2.33367 
        3.22138         35.6961         2.32242 
         3.2275         35.5348         2.31126 
        3.23363         35.3888         2.30018 
        3.23977         35.1437         2.28915 
        3.24591         35.0279          2.2782 
        3.25205         34.8785         2.26731 
        3.25818         34.7272          2.2565 
        3.26432         34.5331         2.24576 
        3.27046          34.458         2.23509 
         3.2766         34.2817          2.2245 
        3.28273         34.1083         2.21397 
        3.28887         33.9708         2.20351 
          3.295         33.8239         2.19312 
        3.30113         33.6776          2.1828 
        3.30727         33.5447         2.17254 
        3.31341          33.416         2.16235 
        3.31954         33.2584         2.15223 
        3.32568         33.1248         2.14216 
        3.33182         32.9399         2.13217 
        3.33795         32.8325         2.12224 
        3.34409         32.7118         2.11237 
        3.35022         32.5479         2.10256 
        3.35636         32.4103         2.09282 
         3.3625         32.3086         2.08313 
        3.36864         32.1456         2.07351 
        3.37477         31.9649         2.06395 
        3.38091         31.8485         2.05446 
        3.38704         31.7344         2.04503 
        3.39318         31.5939         2.03564 
        3.39931         31.4675         2.02632 
        3.40545         31.3316         2.01706 
        3.41158         31.1722         2.00786 
        3.41772         31.0904         1.99872 
        3.42385         30.9339         1.98964 
        3.42998         30.7879         1.98061 
        3.43612         30.6278         1.97164 
        3.44226         30.5333         1.96272 
         3.4484         30.3886         1.95384 
        3.45453         30.2239         1.94504 
        3.46066         30.1499         1.93629 
        3.46681         29.9709         1.92758 
        3.47295         29.8709         1.91892 
        3.47908         29.7715         1.91034 
        3.48521         29.6288         1.90181 
        3.49135         29.5033         1.89331 
        3.49749         29.4037         1.88488 
        3.50362         29.2881         1.87649 
        3.50976         29.1228         1.86817 
        3.51589         28.9903         1.85988 
        3.52203          28.917         1.85165 
        3.52816         28.7799         1.84348 
        3.53429         28.6466         1.83535 
        3.54043         28.5312         1.82726 
        3.54657         28.4044         1.81922 
        3.55271         28.3122         1.81124 
        3.55884         28.1891         1.80331 
        3.56498         28.0609         1.79542 
        3.57112          27.914         1.78757 
        3.57725         27.8221         1.77978 
        3.58338         27.7122         1.77204 
        3.58952         27.5673         1.76433 
        3.59566         27.4707         1.75667 
         3.6018         27.3958         1.74906 
        3.60793         27.2661          1.7415 
        3.61407         27.1485         1.73398 
        3.62021         27.0115          1.7265 
        3.62634         26.9519         1.71907 
        3.63247         26.8186         1.71169 
        3.63861         26.7172         1.70435 
        3.64475         26.5806         1.69704 
        3.65089         26.4788         1.68978 
        3.65702         26.3871         1.68257 
        3.66316         26.2292          1.6754 
        3.66929         26.1863         1.66827 
        3.67543         26.0819         1.66118 
        3.68156         25.9596         1.65414 
        3.68769         25.8431         1.64713 
        3.69383         25.7502         1.64016 
        3.69997         25.6224         1.63323 
        3.70611         25.5197         1.62635 
        3.71224         25.4417          1.6195 
        3.71838         25.3063         1.61269 
        3.72451         25.2318         1.60593 
        3.73065         25.0975         1.59921 
        3.73678         25.0151         1.59252 
        3.74292         24.8974         1.58587 
        3.74906          24.834         1.57925 
        3.75519         24.6819         1.57268 
        3.76133         24.5975         1.56614 
        3.76746         24.5232         1.55964 
         3.7736         24.3942         1.55319 
        3.77974          24.324         1.54676 
        3.78588         24.2055         1.54036 
        3.79201         24.1591         1.53401 
        3.79814         24.0282          1.5277 
        3.80428         23.9105         1.52142 
        3.81042         23.8281         1.51517 
        3.81655         23.7274         1.50896 
        3.82268         23.6111         1.50279 
        3.82882         23.5606         1.49665 
        3.83496         23.4386         1.49054 
        3.84109         23.3368         1.48447 
        3.84723         23.2285         1.47843 
        3.85337         23.1288         1.47242 
        3.85951         23.0494         1.46644 
        3.86565         22.9517         1.46051 
        3.87178         22.8753         1.45461 
        3.87791         22.8047         1.44874 
        3.88405          22.678          1.4429 
        3.89019          22.634         1.43709 
        3.89632         22.5373         1.43131 
        3.90246         22.4418         1.42557 
         3.9086         22.3656         1.41985 
        3.91473          22.276         1.41418 
        3.92086         22.2111         1.40854 
        3.92699         22.0802         1.40292 
        3.93313         21.9939         1.39733 
        3.93927         21.9222         1.39177 
         3.9454         21.8497         1.38625 
        3.95154         21.7522         1.38075 
        3.95768         21.6538         1.37528 
        3.96382         21.5572         1.36984 
        3.96995         21.4794         1.36443 
        3.97609         21.4027         1.35905 
        3.98222         21.3434         1.35371 
        3.98836          21.241         1.34839 
         3.9945         21.1527          1.3431 
        4.00063         21.0557         1.33783 
        4.00677         20.9909          1.3326 
        4.01291         20.9067         1.32739 
        4.01904         20.8564         1.32221 
        4.02517          20.769         1.31707 
        4.03131          20.678         1.31194 
        4.03745         20.6036         1.30684 
        4.04358         20.5273         1.30177 
        4.04972         20.4466         1.29674 
        4.05585         20.3556         1.29172 
        4.06199         20.2889         1.28673 
        4.06812         20.1995         1.28177 
        4.07426         20.1402         1.27683 
         4.0804         20.0592         1.27192 
        4.08654         19.9569         1.26703 
        4.09267         19.9114         1.26218 
         4.0988         19.8313         1.25735 
        4.10494         19.7307         1.25255 
        4.11108         19.6828         1.24776 
        4.11721          19.604         1.24301 
        4.12334         19.5153         1.23828 
        4.12948         19.4623         1.23357 
        4.13561         19.3737         1.22889 
        4.14176         19.3147         1.22423 
        4.14789         19.2295         1.21959 
        4.15403          19.144         1.21498 
        4.16016         19.0813          1.2104 
         4.1663         19.0157         1.20583 
        4.17243         18.9386          1.2013 
        4.17857         18.8623         1.19678 
        4.18471         18.7964         1.19229 
        4.19084         18.7277         1.18782 
        4.19698         18.6768         1.18338 
        4.20312         18.5888         1.17895 
        4.20925         18.5167         1.17455 
        4.21538         18.4305         1.17018 
        4.22152         18.3552         1.16582 
        4.22766         18.3039         1.16148 
         4.2338         18.2286         1.15718 
        4.23993         18.1757         1.15289 
        4.24607         18.0895         1.14862 
         4.2522         18.0329         1.14437 
        4.25834         17.9753         1.14015 
        4.26447         17.8933         1.13595 
        4.27061         17.8341         1.13177 
        4.27674          17.768         1.12761 
        4.28288         17.7103         1.12347 
        4.28902         17.6301         1.11935 
        4.29515         17.5685         1.11525 
        4.30129         17.4837         1.11118 
        4.30743         17.4459         1.10712 
        4.31356         17.3692         1.10308 
        4.31969         17.2979         1.09907 
        4.32583         17.2499         1.09507 
        4.33197          17.196         1.09109 
         4.3381         17.1168         1.08714 
        4.34424         17.0637          1.0832 
        4.35038         17.0047         1.07928 
        4.35652         16.9207         1.07538 
        4.36265         16.8796         1.07151 
        4.36878         16.8137         1.06765 
        4.37492          16.745         1.06381 
        4.38106         16.6835         1.05998 
        4.38719         16.6495         1.05618 
        4.39333         16.5705          1.0524 
        4.39946         16.5122         1.04864 
         4.4056         16.4436         1.04489 
        4.41173         16.3725         1.04116 
        4.41786         16.3293         1.03746 
          4.424         16.2743         1.03377 
        4.43014         16.2061         1.03009 
        4.43628         16.1662         1.02643 
        4.44241         16.0981         1.02279 
        4.44855         16.0533         1.01917 
        4.45469         15.9877         1.01557 
        4.46083         15.9401         1.01198 
        4.46696         15.8801         1.00842 
        4.47309         15.8093         1.00487 
        4.47923          15.741         1.00133 
        4.48537         15.7023        0.997816 
         4.4915         15.6383        0.994317 
        4.49764         15.6091        0.990833 
        4.50378           15.54        0.987365 
        4.50991         15.4777        0.983919 
        4.51604         15.4203        0.980489 
        4.52218         15.3633        0.977068 
        4.52832         15.3097        0.973668 
        4.53445         15.2474        0.970286 
        4.54059         15.2156        0.966919 
        4.54673         15.1528        0.963566 
        4.55286         15.0846        0.960228 
          4.559         15.0466        0.956909 
        4.56513         14.9984        0.953607 
        4.57127         14.9487        0.950318 
        4.57741         14.8846        0.947043 
        4.58354         14.8357        0.943786 
        4.58968          14.782        0.940544 
        4.59582         14.7222        0.937315 
        4.60195         14.6698        0.934104 
        4.60809         14.6298        0.930909 
        4.61422         14.5837        0.927728 
        4.62036           14.53        0.924562 
        4.62649         14.4753        0.921409 
        4.63263         14.4327        0.918272 
        4.63876         14.3836         0.91515 
         4.6449         14.3345        0.912041 
        4.65104         14.2791        0.908947 
        4.65717         14.2373         0.90587 
        4.66331         14.1762        0.902805 
        4.66944         14.1369        0.899754 
        4.67558         14.0881         0.89672 
        4.68171         14.0408        0.893697 
        4.68785         13.9763        0.890686 
        4.69399         13.9414        0.887691 
        4.70012         13.8816        0.884714 
        4.70625         13.8442        0.881748 
        4.71239         13.7955        0.878793 
        4.71853           13.75        0.875853 
        4.72467         13.7014        0.872925 
         4.7308         13.6584        0.870013 
        4.73694         13.6268        0.867114 
        4.74308         13.5733        0.864227 
        4.74922         13.5189        0.861352 
        4.75535         13.4813        0.858494 
        4.76148         13.4462        0.855649 
        4.76762          13.388        0.852813 
        4.77376         13.3436        0.849991 
        4.77989         13.2894        0.847185 
        4.78602         13.2547         0.84439 
        4.79216         13.2165        0.841606 
         4.7983         13.1698        0.838835 
        4.80443         13.1339         0.83608 
        4.81056         13.0757        0.833336 
         4.8167         13.0395        0.830601 
        4.82284         12.9985        0.827878 
        4.82898         12.9392         0.82517 
        4.83511          12.904        0.822475 
        4.84125         12.8696        0.819789 
        4.84739         12.8277        0.817116 
        4.85352         12.7673        0.814458 
        4.85965         12.7477         0.81181 
        4.86579         12.6995        0.809173 
        4.87193         12.6521        0.806547 
        4.87807         12.6126        0.803934 
         4.8842         12.5798        0.801332 
        4.89034         12.5444        0.798742 
        4.89647         12.4901        0.796163 
        4.90261         12.4559        0.793596 
        4.90874         12.4197        0.791041 
        4.91488         12.3674        0.788497 
        4.92102         12.3412        0.785962 
        4.92715         12.2928         0.78344 
        4.93329         12.2484         0.78093 
        4.93942         12.2191        0.778429 
        4.94556         12.1771        0.775939 
         4.9517         12.1357         0.77346 
        4.95783         12.0955        0.770993 
        4.96397         12.0627        0.768536 
        4.97011         12.0188         0.76609 
        4.97624         11.9863        0.763655 
        4.98238         11.9553        0.761231 
        4.98851         11.9226        0.758818 
        4.99465         11.8815        0.756414 
        5.00078         11.8299        0.754022 
        5.00691         11.7992        0.751641 
        5.01305          11.755        0.749268 
        5.01919         11.7264        0.746904 
        5.02533         11.6914        0.744552 
        5.03146         11.6523        0.742211 
         5.0376         11.6123         0.73988 
        5.04374         11.5738        0.737557 
        5.04987         11.5404        0.735245 
        5.05601          11.506        0.732945 
        5.06215         11.4837        0.730652 
        5.06829          11.437        0.728368 
        5.07442         11.4069        0.726098 
        5.08055         11.3751        0.723837 
        5.08668         11.3229        0.721584 
        5.09282         11.3021        0.719339 
        5.09896         11.2756        0.717107 
        5.10509         11.2311        0.714884 
        5.11123         11.2022        0.712669 
        5.11736         11.1688        0.710464 
         5.1235         11.1382        0.708267 
        5.12964         11.0919        0.706081 
        5.13577         11.0691        0.703903 
        5.14191         11.0415        0.701734 
        5.14804         11.0039        0.699577 
        5.15418         10.9739        0.697428 
        5.16032         10.9424        0.695286 
        5.16645         10.9061        0.693154 
        5.17259         10.8721        0.691031 
        5.17872         10.8409        0.688918 
        5.18486         10.8087        0.686811 
          5.191         10.7745        0.684714 
        5.19713         10.7399        0.682628 
        5.20327           10.72         0.68055 
        5.20941         10.6877        0.678478 
        5.21555          10.658        0.676415 
        5.22168         10.6335        0.674363 
        5.22781         10.5926         0.67232 
        5.23395         10.5584        0.670284 
        5.24009         10.5372        0.668256 
        5.24622         10.5006        0.666237 
        5.25236         10.4706        0.664228 
         5.2585         10.4501        0.662224 
        5.26463         10.4061        0.660229 
        5.27077         10.3911        0.658244 
         5.2769         10.3575        0.656267 
        5.28304         10.3303        0.654298 
        5.28917         10.2913        0.652337 
         5.2953         10.2648        0.650385 
        5.30144         10.2352         0.64844 
        5.30757           10.21        0.646502 
        5.31371         10.1859        0.644572 
        5.31985         10.1531         0.64265 
        5.32599         10.1214        0.640735 
        5.33213         10.0916        0.638828 
        5.33826         10.0673        0.636931 
         5.3444         10.0413        0.635041 
        5.35053         10.0186        0.633158 
        5.35667         9.99196        0.631283 
        5.36281         9.96223        0.629415 
        5.36894         9.93903        0.627555 
        5.37507         9.90276        0.625704 
        5.38121         9.88673        0.623858 
        5.38735         9.85784        0.622021 
        5.39348         9.82759        0.620192 
        5.39961          9.8041        0.618371 
        5.40575         9.77222        0.616554 
        5.41189         9.75115        0.614746 
        5.41803         9.72418        0.612945 
        5.42416         9.70158        0.611152 
         5.4303         9.67185        0.609365 
        5.43644         9.65808        0.607586 
        5.44257         9.62733        0.605815 
        5.44871         9.59472         0.60405 
        5.45484         9.57433        0.602292 
        5.46098         9.55587        0.600541 
        5.46712         9.52725        0.598796 
        5.47325         9.49803         0.59706 
        5.47938         9.48155        0.595331 
        5.48552         9.45317        0.593609 
        5.49165           9.431        0.591893 
        5.49779         9.40089        0.590183 
        5.50393         9.38466         0.58848 
        5.51006         9.36495        0.586783 
         5.5162         9.33482        0.585094 
        5.52234         9.31906        0.583412 
        5.52847         9.29396        0.581735 
        5.53461         9.26863        0.580066 
        5.54075          9.2462        0.578403 
        5.54688         9.22703        0.576747 
        5.55302         9.20019        0.575097 
        5.55915         9.17894        0.573454 
        5.56529           9.153        0.571817 
        5.57143         9.13199        0.570186 
        5.57756         9.11935        0.568562 
         5.5837         9.09337        0.566944 
        5.58983         9.06367        0.565334 
        5.59597         9.05332        0.563729 
         5.6021         9.03057         0.56213 
        5.60824         8.99849        0.560536 
        5.61438         8.98843         0.55895 
        5.62051         8.97345         0.55737 
        5.62665         8.95034        0.555795 
        5.63278         8.92482        0.554227 
        5.63892         8.90646        0.552665 
        5.64505         8.88414         0.55111 
        5.65119         8.87581         0.54956 
        5.65733         8.85266        0.548015 
        5.66346         8.82638        0.546478 
         5.6696         8.80888        0.544945 
        5.67573          8.7887        0.543419 
        5.68187         8.77329        0.541898 
          5.688         8.75808        0.540384 
        5.69414          8.7315        0.538875 
        5.70028         8.72024        0.537371 
        5.70642         8.69905        0.535873 
        5.71255         8.67393        0.534382 
        5.71869         8.65803        0.532897 
        5.72482         8.64465        0.531417 
        5.73096         8.61835        0.529942 
        5.73709         8.60762        0.528474 
        5.74322         8.58685        0.527011 
        5.74936          8.5772        0.525552 
         5.7555         8.55648        0.524099 
        5.76164         8.53107        0.522652 
        5.76777         8.51684        0.521212 
        5.77391         8.50561        0.519775 
        5.78005         8.48867        0.518344 
        5.78618         8.47316        0.516919 
        5.79231         8.45563        0.515501 
        5.79845         8.44533        0.514086 
        5.80459         8.42537        0.512675 
        5.81073          8.4088        0.511272 
        5.81686         8.39837        0.509874 
          5.823         8.37917         0.50848 
        5.82914         8.36296        0.507091 
        5.83527         8.34931         0.50571 
         5.8414         8.33196        0.504332 
        5.84754          8.3135        0.502959 
        5.85368         8.29664        0.501591 
        5.85981         8.28608        0.500229 
        5.86595         8.26579        0.498872 
        5.87208         8.25702         0.49752 
        5.87822         8.23703        0.496173 
        5.88435         8.23358        0.494831 
        5.89049         8.21556        0.493494 
        5.89662         8.20304        0.492161 
        5.90276         8.18809        0.490833 
         5.9089         8.17035         0.48951 
        5.91503         8.16265        0.488193 
        5.92117         8.14798         0.48688 
        5.92731         8.13455        0.485572 
        5.93344         8.12218        0.484268 
        5.93958         8.10951         0.48297 
        5.94572          8.0993        0.481676 
        5.95186         8.08287        0.480387 
        5.95799         8.07622        0.479103 
        5.96412         8.05894        0.477824 
        5.97026         8.05506        0.476549 
         5.9764         8.04466        0.475279 
        5.98253         8.02584        0.474015 
        5.98866         8.01513        0.472754 
         5.9948         8.00736        0.471496 
        6.00094         7.98955        0.470245 
        6.00707          7.9801        0.468997 
        6.01321         7.97609        0.467754 
        6.01935         7.96278        0.466516 
        6.02548         7.96027        0.465282 
        6.03162         7.94133        0.464053 
        6.03775         7.92727        0.462829 
        6.04389         7.92194        0.461609 
        6.05003         7.90797        0.460392 
        6.05617         7.90178        0.459179 
         6.0623         7.88866        0.457972 
        6.06844         7.87713        0.456769 
        6.07457         7.87456        0.455571 
         6.0807         7.86691        0.454377 
        6.08684         7.85587        0.453187 
        6.09298          7.8526        0.452001 
        6.09912         7.83759        0.450819 
        6.10525         7.82713        0.449642 
        6.11138         7.82139        0.448469 
        6.11752         7.81617          0.4473 
        6.12366         7.80238        0.446135 
        6.12979         7.79923        0.444975 
        6.13593         7.79373        0.443819 
        6.14207         7.78799        0.442666 
         6.1482         7.78521        0.441517 
        6.15434         7.77196        0.440373 
        6.16047         7.76558        0.439234 
        6.16661         7.75969        0.438098 
        6.17274         7.74842        0.436966 
        6.17887          7.7423        0.435838 
        6.18501         7.74165        0.434714 
        6.19115          7.7315        0.433594 
        6.19729         7.72327        0.432477 
        6.20342         7.71953        0.431365 
        6.20956         7.71962        0.430257 
         6.2157         7.71369        0.429152 
        6.22183         7.70711        0.428051 
        6.22797         7.70299        0.426956 
         6.2341         7.69322        0.425863 
        6.24024         7.68939        0.424774 
        6.24638         7.68951        0.423688 
        6.25251         7.68331        0.422608 
        6.25865         7.68073         0.42153 
        6.26478         7.67787        0.420457 
        6.27092         7.67594        0.419387 
        6.27705         7.67219        0.418321 
        6.28318         7.66479        0.417259 
