#  a  GeffG(a,k)  D1(a,k)  D1mnu(a,k) ( D1_transfer(a,k) D1mnu_transfer(a,k) )  D2(a,k)  D3a(a,k)  D3b(a,k)  (source terms)  (Output for k = 0.1 h/Mpc)
       0.047619                1        0.952792     1.75539e-05        0.952792        0.876823       -0.388578        -0.28778        0.205557        0.993205        0.993205        0.993205        0.993205 
      0.0485219                1        0.970717     0.000262771        0.970716        0.925915       -0.403448       -0.304454        0.217467        0.993205        0.993205        0.993205        0.993205 
      0.0494419                1        0.988925     0.000961405        0.988926        0.968117       -0.418879       -0.322081        0.230058        0.993205        0.993205        0.993205        0.993205 
      0.0503793                1         1.00751      0.00200878         1.00751         1.02946       -0.434892       -0.340716        0.243369        0.993205        0.993205        0.993205        0.993205 
      0.0513344                1          1.0264      0.00325277          1.0264         1.13096        -0.45151       -0.360419        0.257442        0.993205        0.993205        0.993205        0.993205 
      0.0523077                1          1.0456      0.00451786          1.0456         1.26674       -0.468756       -0.381252        0.272322        0.993205        0.993205        0.993205        0.993205 
      0.0532995                1         1.06516      0.00563429         1.06516         1.42987       -0.486654       -0.403279        0.288055        0.993205        0.993205        0.993205        0.993205 
        0.05431                1         1.08509       0.0064624         1.08509           1.614        -0.50523       -0.426572        0.304692        0.993205        0.993205        0.993205        0.993205 
      0.0553397                1         1.10542      0.00691126         1.10542         1.81343       -0.524509       -0.451203        0.322285        0.993205        0.993205        0.993205        0.993205 
      0.0563889                1         1.12616      0.00694858         1.12616         2.02295       -0.544519       -0.477251        0.340889        0.993206        0.993205        0.993205        0.993205 
      0.0574581                1         1.14732      0.00660168         1.14732          2.2379       -0.565287       -0.504798        0.360563        0.993206        0.993205        0.993205        0.993205 
      0.0585475                1         1.16892      0.00595002         1.16892         2.45407       -0.586844        -0.53393        0.381369        0.993206        0.993205        0.993205        0.993205 
      0.0596575                1         1.19096      0.00511124         1.19096          2.6677       -0.609218       -0.564741        0.403373        0.993206        0.993205        0.993205        0.993205 
      0.0607886                1         1.21344      0.00422324         1.21344         2.87541       -0.632441       -0.597327        0.426645        0.993206        0.993205        0.993205        0.993205 
      0.0619411                1         1.23635      0.00342494         1.23635         3.07421       -0.656547       -0.631791        0.451257        0.993206        0.993205        0.993205        0.993205 
      0.0631155                1          1.2597      0.00283846          1.2597         3.26145       -0.681568       -0.668242        0.477288        0.993206        0.993205        0.993205        0.993205 
      0.0643122                1         1.28348      0.00255492         1.28348         3.43481       -0.707539       -0.706795         0.50482        0.993206        0.993205        0.993205        0.993205 
      0.0655315                1         1.30769      0.00262508         1.30769         3.59223       -0.734498       -0.747573        0.533939        0.993206        0.993205        0.993205        0.993205 
       0.066774                1         1.33231      0.00305583         1.33231         3.73196       -0.762482       -0.790703        0.564737        0.993206        0.993205        0.993205        0.993205 
        0.06804                1         1.35734      0.00381208         1.35734         3.85611       -0.791529       -0.836322        0.597312        0.993206        0.993205        0.993205        0.993205 
        0.06933                1         1.38282      0.00482352         1.38282         3.97765       -0.821681       -0.884574        0.631765        0.993206        0.993205        0.993205        0.993205 
      0.0706445                1         1.40878      0.00599496         1.40878          4.1102       -0.852979       -0.935612        0.668207        0.993206        0.993205        0.993205        0.993205 
      0.0719839                1         1.43523      0.00721858         1.43523          4.2659       -0.885468       -0.989595        0.706751        0.993206        0.993205        0.993205        0.993205 
      0.0733487                1         1.46221      0.00838672         1.46221          4.4555       -0.919193        -1.04669         0.74752        0.993206        0.993205        0.993205        0.993205 
      0.0747394                1         1.48972      0.00940357         1.48972         4.68849       -0.954201        -1.10709         0.79064        0.993206        0.993205        0.993205        0.993205 
      0.0761564                1         1.51777       0.0101947         1.51777         4.97315        -0.99054        -1.17097        0.836249        0.993206        0.993205        0.993205        0.993205 
      0.0776003                1         1.54637       0.0107134         1.54637         5.31672        -1.02826        -1.23854         0.88449        0.993206        0.993205        0.993205        0.993205 
      0.0790716                1         1.57552       0.0109442         1.57552          5.7254        -1.06742        -1.31002        0.935515        0.993206        0.993205        0.993205        0.993205 
      0.0805708                1         1.60522       0.0109018         1.60522          6.2045        -1.10807        -1.38561        0.989483        0.993206        0.993205        0.993205        0.993205 
      0.0820984                1         1.63547       0.0106286         1.63547         6.75849        -1.15026        -1.46557         1.04657        0.993206        0.993205        0.993205        0.993205 
       0.083655                1         1.66625       0.0101881         1.66625         7.39102        -1.19406        -1.55015         1.10694        0.993206        0.993205        0.993205        0.993205 
       0.085241                1         1.69758      0.00965822         1.69758         8.09921        -1.23952        -1.63961          1.1708        0.993206        0.993205        0.993205        0.993205 
      0.0868572                1         1.72948      0.00912263         1.72948         8.86765        -1.28672        -1.73423         1.23834        0.993206        0.993205        0.993205        0.993205 
       0.088504                1         1.76199      0.00866303         1.76199         9.68073        -1.33571        -1.83431         1.30978        0.993206        0.993205        0.993205        0.993205 
       0.090182                1         1.79512       0.0083518         1.79512         10.5243        -1.38656        -1.94016         1.38534        0.993206        0.993205        0.993205        0.993205 
      0.0918918                1         1.82889      0.00824629         1.82889         11.3855        -1.43935        -2.05212         1.46525        0.993206        0.993205        0.993205        0.993205 
      0.0936341                1         1.86332      0.00838475         1.86332         12.2529        -1.49414        -2.17053         1.54978        0.993206        0.993205        0.993205        0.993205 
      0.0954093                1         1.89841      0.00878438         1.89841         13.1162        -1.55102        -2.29578         1.63917        0.993206        0.993205        0.993205        0.993205 
      0.0972183                1         1.93416      0.00944119         1.93416          13.966        -1.61006        -2.42824         1.73372        0.993206        0.993205        0.993205        0.993205 
      0.0990615                1         1.97057       0.0103318         1.97057         14.7941        -1.67134        -2.56834         1.83371        0.993206        0.993205        0.993205        0.993205 
        0.10094                1         2.00764       0.0114164         2.00764         15.5942        -1.73495        -2.71651         1.93947        0.993206        0.993205        0.993205        0.993205 
       0.102853                1         2.04537       0.0126434         2.04537         16.3839        -1.80098        -2.87323         2.05132        0.993206        0.993205        0.993205        0.993205 
       0.104804                1         2.08382       0.0139539         2.08382         17.2017        -1.86951        -3.03896         2.16961        0.993206        0.993205        0.993205        0.993205 
       0.106791                1         2.12299       0.0152867         2.12299         18.0827        -1.94065        -3.21425         2.29471        0.993206        0.993205        0.993205        0.993205 
       0.108815                1         2.16291       0.0165834         2.16291         19.0581        -2.01448        -3.39962         2.42701        0.993206        0.993205        0.993205        0.993205 
       0.110878                1          2.2036       0.0177923          2.2036         20.1553        -2.09112        -3.59567         2.56692        0.993207        0.993205        0.993205        0.993205 
       0.112981                1         2.24506        0.018872         2.24506         21.3984        -2.17067        -3.80299         2.71488        0.993207        0.993205        0.993205        0.993205 
       0.115123                1         2.28729       0.0197935         2.28729         22.8083        -2.25323        -4.02224         2.87135        0.993207        0.993205        0.993205        0.993205 
       0.117305                1         2.33029       0.0205418         2.33029         24.4028        -2.33893         -4.2541         3.03682        0.993207        0.993205        0.993205        0.993205 
        0.11953                1         2.37407       0.0211158         2.37407         26.1797        -2.42787        -4.49928          3.2118        0.993207        0.993205        0.993205        0.993205 
       0.121796                1         2.41866       0.0215278         2.41866         28.1066        -2.52018        -4.75856         3.39683        0.993207        0.993205        0.993205        0.993205 
       0.124105                1          2.4641       0.0218016          2.4641         30.1511        -2.61598        -5.03273         3.59249        0.993207        0.993205        0.993205        0.993205 
       0.126458                1         2.51039       0.0219708         2.51039         32.2839        -2.71541        -5.32264         3.79939        0.993207        0.993205        0.993205        0.993205 
       0.128856                1         2.55757       0.0220754         2.55757          34.478         -2.8186        -5.62919         4.01815        0.993207        0.993205        0.993205        0.993205 
       0.131299                1         2.60562       0.0221595         2.60562         36.7095         -2.9257        -5.95332         4.24947        0.993207        0.993205        0.993205        0.993205 
       0.133788                1         2.65455       0.0222683         2.65455         38.9565        -3.03684        -6.29604         4.49404        0.993207        0.993205        0.993205        0.993205 
       0.136325                1         2.70437       0.0224451         2.70437         41.2278        -3.15218        -6.65841         4.75264        0.993207        0.993205        0.993205        0.993205 
       0.138909                1         2.75511       0.0227292         2.75511         43.5955        -3.27187        -7.04153         5.02605        0.993207        0.993205        0.993205        0.993205 
       0.141543                1          2.8068       0.0231539          2.8068         46.1328        -3.39607        -7.44659         5.31511        0.993208        0.993205        0.993205        0.993205 
       0.144227                1         2.85947       0.0237448         2.85947         48.9042        -3.52496        -7.87482         5.62071        0.993208        0.993205        0.993205        0.993205 
       0.146961                1         2.91311       0.0245194         2.91311         51.9665        -3.65871        -8.32755         5.94379        0.993208        0.993205        0.993205        0.993205 
       0.149748                1         2.96774       0.0254863         2.96774         55.3691        -3.79748        -8.80615         6.28533        0.993208        0.993205        0.993205        0.993205 
       0.152587                1         3.02336       0.0266456         3.02336         59.1434        -3.94148        -9.31208         6.64637        0.993208        0.993205        0.993205        0.993205 
        0.15548                1         3.07999       0.0279894         3.07999         63.2576        -4.09089        -9.84688         7.02803        0.993208        0.993205        0.993205        0.993205 
       0.158428                1         3.13768        0.029503         3.13768         67.6634        -4.24591        -10.4122         7.43145        0.993208        0.993205        0.993205        0.993205 
       0.161431                1         3.19644        0.031166         3.19644         72.3165        -4.40674        -11.0097         7.85786        0.993208        0.993205        0.993205        0.993205 
       0.164492                1         3.25628       0.0329536         3.25628         77.1762         -4.5736        -11.6412         8.30855        0.993208        0.993205        0.993205        0.993205 
       0.167611                1         3.31721       0.0348388         3.31721         82.2059         -4.7467        -12.3087         8.78488        0.993209        0.993205        0.993205        0.993205 
       0.170789                1         3.37924        0.036793         3.37924         87.4152        -4.92628        -13.0141         9.28829        0.993209        0.993205        0.993205        0.993205 
       0.174027                1          3.4424       0.0387886          3.4424         92.8835        -5.11257        -13.7596         9.82029        0.993209        0.993205        0.993205        0.993205 
       0.177326                1         3.50673       0.0407994         3.50673         98.6871         -5.3058        -14.5473         10.3825        0.993209        0.993205        0.993205        0.993205 
       0.180688                1         3.57222       0.0428023         3.57222         104.893        -5.50623        -15.3797         10.9765        0.993209        0.993205        0.993205        0.993205 
       0.184114                1          3.6389       0.0447781          3.6389         111.558        -5.71411        -16.2592         11.6042        0.993209        0.993205        0.993205        0.993205 
       0.187605                1         3.70677        0.046712         3.70677         118.709        -5.92972        -17.1884         12.2673         0.99321        0.993205        0.993205        0.993205 
       0.191162                1         3.77587       0.0485944         3.77587         126.316        -6.15332        -18.1701         12.9679         0.99321        0.993205        0.993205        0.993205 
       0.194786                1         3.84622       0.0504208         3.84622         134.347        -6.38521        -19.2072          13.708         0.99321        0.993205        0.993205        0.993205 
       0.198479                1         3.91783       0.0521916         3.91783          142.77        -6.62566        -20.3026         14.4898         0.99321        0.993205        0.993205        0.993205 
       0.202242                1         3.99072       0.0539122         3.99072         151.558        -6.87498        -21.4596         15.3156         0.99321        0.993205        0.993205        0.993205 
       0.206077                1          4.0649       0.0555925          4.0649         160.693        -7.13349        -22.6816         16.1877        0.993211        0.993205        0.993205        0.993205 
       0.209984                1          4.1404       0.0572458          4.1404         170.171        -7.40149        -23.9721         17.1087        0.993211        0.993205        0.993205        0.993205 
       0.213965                1         4.21725        0.058889         4.21725         179.984        -7.67932        -25.3348         18.0812        0.993211        0.993205        0.993205        0.993205 
       0.218022                1         4.29545       0.0605408         4.29545         190.129        -7.96731        -26.7735         19.1081        0.993211        0.993205        0.993205        0.993205 
       0.222156                1         4.37501       0.0622221         4.37501         200.777        -8.26581        -28.2925         20.1922        0.993212        0.993205        0.993205        0.993205 
       0.226368                1         4.45597       0.0639541         4.45597         212.349        -8.57518         -29.896         21.3366        0.993212        0.993205        0.993205        0.993205 
        0.23066                1         4.53834       0.0657584         4.53834         225.243        -8.89578        -31.5884         22.5445        0.993212        0.993205        0.993205        0.993205 
       0.235033                1         4.62213       0.0676559         4.62213         239.795        -9.22798        -33.3746         23.8194        0.993212        0.993205        0.993205        0.993205 
       0.239489                1         4.70737       0.0696663         4.70737         255.831        -9.57217        -35.2594         25.1647        0.993213        0.993205        0.993205        0.993205 
        0.24403                1         4.79407       0.0718079         4.79407         272.582        -9.92874        -37.2481         26.5841        0.993213        0.993205        0.993205        0.993205 
       0.248656                1         4.88225       0.0740966         4.88225         289.313        -10.2981        -39.3461         28.0816        0.993213        0.993205        0.993205        0.993205 
       0.253371                1         4.97192       0.0765462         4.97192         305.489        -10.6807        -41.5591         29.6612        0.993214        0.993205        0.993205        0.993205 
       0.258175                1          5.0631       0.0791679          5.0631         321.781        -11.0768         -43.893          31.327        0.993214        0.993205        0.993205        0.993205 
        0.26307                1         5.15582       0.0819704         5.15582         339.422         -11.487         -46.354         33.0837        0.993214        0.993205        0.993205        0.993205 
       0.268057                1         5.25007       0.0849597         5.25007         359.507        -11.9117        -48.9486         34.9357        0.993215        0.993205        0.993205        0.993205 
        0.27314                1         5.34586       0.0881395         5.34586         382.213        -12.3513        -51.6835         36.8879        0.993215        0.993205        0.993205        0.993205 
       0.278318                1         5.44323       0.0915109         5.44323         406.302        -12.8063        -54.5659         38.9453        0.993215        0.993205        0.993205        0.993205 
       0.283595                1         5.54218       0.0950732         5.54218          430.52        -13.2771        -57.6029         41.1132        0.993216        0.993205        0.993205        0.993205 
       0.288972                1         5.64272       0.0988239         5.64272         454.227        -13.7643        -60.8024         43.3971        0.993216        0.993205        0.993205        0.993205 
       0.294451                1         5.74485        0.102759         5.74485         478.489        -14.2682        -64.1721         45.8025        0.993217        0.993205        0.993205        0.993205 
       0.300034                1          5.8486        0.106873          5.8486         504.608        -14.7893        -67.7203         48.3355        0.993217        0.993205        0.993205        0.993205 
       0.305722                1         5.95396         0.11116         5.95396          533.38        -15.3282        -71.4557          51.002        0.993217        0.993205        0.993205        0.993205 
       0.311519                1         6.06095        0.115613         6.06095         564.118        -15.8853         -75.387         53.8084        0.993218        0.993205        0.993205        0.993205 
       0.317425                1         6.16957        0.120225         6.16957          595.86        -16.4611        -79.5234         56.7613        0.993218        0.993205        0.993205        0.993205 
       0.323443                1         6.27982         0.12499         6.27982         628.191         -17.056        -83.8745         59.8675        0.993219        0.993205        0.993205        0.993205 
       0.329576                1          6.3917        0.129902          6.3917         661.925        -17.6707        -88.4499         63.1339        0.993219        0.993205        0.993205        0.993205 
       0.335824                1         6.50522        0.134954         6.50522          697.96        -18.3055        -93.2598         66.5677         0.99322        0.993205        0.993205        0.993205 
       0.342191                1         6.62038        0.140141         6.62038         736.326         -18.961        -98.3145         70.1764         0.99322        0.993205        0.993205        0.993205 
       0.348679                1         6.73716         0.14546         6.73716         776.073        -19.6375        -103.625         73.9676        0.993221        0.993205        0.993205        0.993205 
        0.35529                1         6.85558        0.150906         6.85558         816.283        -20.3357        -109.201          77.949        0.993221        0.993205        0.993205        0.993205 
       0.362026                1         6.97561        0.156478         6.97561          856.78         -21.056        -115.056         82.1288        0.993222        0.993205        0.993205        0.993205 
        0.36889                1         7.09724        0.162176         7.09724         898.894        -21.7987        -121.199          86.515        0.993223        0.993205        0.993205        0.993205 
       0.375884                1         7.22048        0.167998         7.22048         944.015        -22.5645        -127.643          91.116        0.993223        0.993205        0.993205        0.993205 
       0.383011                1         7.34529        0.173948         7.34529         992.843        -23.3536          -134.4         95.9403        0.993224        0.993205        0.993205        0.993205 
       0.390273                1         7.47168        0.180026         7.47168         1044.59        -24.1665        -141.481         100.996        0.993224        0.993205        0.993205        0.993205 
       0.397672                1          7.5996        0.186236          7.5996          1098.3        -25.0037          -148.9         106.293        0.993225        0.993205        0.993205        0.993205 
       0.405212                1         7.72905        0.192583         7.72905         1153.36        -25.8654        -156.667         111.839        0.993226        0.993205        0.993205        0.993205 
       0.412895                1         7.85999        0.199072         7.85999         1209.62        -26.7521        -164.796         117.644        0.993226        0.993205        0.993205        0.993205 
       0.420723                1          7.9924        0.205708          7.9924         1267.03        -27.6641        -173.299         123.715        0.993227        0.993205        0.993205        0.993205 
         0.4287                1         8.12625        0.212498         8.12625         1325.71        -28.6016        -182.188         130.063        0.993227        0.993205        0.993205        0.993205 
       0.436828                1         8.26149        0.219448         8.26149         1385.97        -29.5649        -191.476         136.695        0.993228        0.993205        0.993205        0.993205 
        0.44511                1          8.3981        0.226565          8.3981         1448.09        -30.5544        -201.175         143.621        0.993229        0.993205        0.993205        0.993205 
       0.453549                1         8.53602        0.233857         8.53602         1512.38        -31.5701        -211.297          150.85        0.993229        0.993205        0.993205        0.993205 
       0.462148                1         8.67522        0.241331         8.67522         1579.13        -32.6122        -221.854         158.389         0.99323        0.993205        0.993205        0.993205 
       0.470911                1         8.81565        0.248993         8.81565         1648.54        -33.6808        -232.857         166.247        0.993231        0.993205        0.993205        0.993205 
       0.479839                1         8.95725         0.25685         8.95725          1720.8        -34.7761        -244.318         174.432        0.993231        0.993205        0.993205        0.993205 
       0.488937                1         9.09997        0.264909         9.09997         1796.06         -35.898        -256.247         182.952        0.993232        0.993205        0.993205        0.993205 
       0.498207                1         9.24374        0.273177         9.24374         1874.49        -37.0464        -268.656         191.814        0.993233        0.993205        0.993205        0.993205 
       0.507653                1         9.38851        0.281658         9.38851         1956.26        -38.2214        -281.553         201.025        0.993234        0.993205        0.993205        0.993205 
       0.517278                1         9.53421        0.290357         9.53421         2041.61        -39.4228        -294.947         210.592        0.993234        0.993205        0.993205        0.993205 
       0.527085                1         9.68077         0.29928         9.68077         2130.79        -40.6503        -308.848          220.52        0.993235        0.993205        0.993205        0.993205 
       0.537079                1         9.82813         0.30843         9.82813          2224.1        -41.9037        -323.263         230.816        0.993236        0.993205        0.993205        0.993205 
       0.547261                1         9.97619         0.31781         9.97619         2321.84        -43.1828        -338.198         241.484        0.993237        0.993205        0.993205        0.993205 
       0.557637                1         10.1249        0.327422         10.1249         2424.33         -44.487        -353.659         252.529        0.993238        0.993205        0.993205        0.993205 
        0.56821                1         10.2741        0.337268         10.2741         2531.91        -45.8161        -369.652         263.952        0.993239        0.993205        0.993205        0.993205 
       0.578983                1         10.4239        0.347349         10.4239         2644.99        -47.1693        -386.179         275.759         0.99324        0.993205        0.993205        0.993205 
       0.589961                1          10.574        0.357665          10.574         2763.96        -48.5463        -403.244         287.949        0.993241        0.993205        0.993205        0.993205 
       0.601146                1         10.7244        0.368215         10.7244         2889.28        -49.9463        -420.848         300.525        0.993242        0.993205        0.993205        0.993205 
       0.612544                1          10.875        0.378997          10.875         3022.01        -51.3687        -438.991         313.487        0.993243        0.993205        0.993205        0.993205 
       0.624157                1         11.0257        0.390011         11.0257         3163.45        -52.8126        -457.671         326.833        0.993244        0.993205        0.993205        0.993205 
       0.635991                1         11.1764        0.401252         11.1764         3315.07        -54.2773        -476.887         340.561        0.993246        0.993205        0.993205        0.993205 
       0.648049                1          11.327        0.412718          11.327         3478.36        -55.7618        -496.633          354.67        0.993247        0.993205        0.993205        0.993205 
       0.660336                1         11.4775        0.424404         11.4775         3654.93        -57.2652        -516.906         369.154        0.993249        0.993205        0.993205        0.993205 
       0.672856                1         11.6277        0.436304         11.6277          3846.9        -58.7865        -537.697          384.01         0.99325        0.993205        0.993205        0.993205 
       0.685613                1         11.7776        0.448415         11.7776         4056.73        -60.3246        -558.999         399.231        0.993252        0.993205        0.993205        0.993205 
       0.698612                1         11.9269        0.460729         11.9269         4287.06        -61.8784        -580.801         414.811        0.993254        0.993205        0.993205        0.993205 
       0.711858                1         12.0757        0.473239         12.0757         4540.11        -63.4468        -603.093         430.741        0.993256        0.993205        0.993205        0.993205 
       0.725354                1         12.2239         0.48594         12.2239         4817.65        -65.0285        -625.862         447.012        0.993259        0.993205        0.993205        0.993205 
       0.739107                1         12.3713        0.498823         12.3713         5122.36        -66.6223        -649.094         463.614        0.993262        0.993205        0.993205        0.993205 
        0.75312                1         12.5179         0.51188         12.5179          5462.1        -68.2269        -672.772         480.537        0.993265        0.993205        0.993205        0.993205 
       0.767399                1         12.6635        0.525103         12.6635         5845.55         -69.841        -696.882         497.768        0.993268        0.993205        0.993205        0.993205 
       0.781949                1         12.8081        0.538482         12.8081         6271.95        -71.4633        -721.403         515.294        0.993272        0.993205        0.993205        0.993205 
       0.796775                1         12.9516         0.55201         12.9516         6721.97        -73.0925        -746.318         533.102        0.993276        0.993205        0.993205        0.993205 
       0.811881                1         13.0939        0.565675         13.0939         7179.64        -74.7271        -771.606         551.178         0.99328        0.993205        0.993205        0.993205 
       0.827274                1         13.2349         0.57947         13.2349         7684.14        -76.3658        -797.245         569.505        0.993284        0.993205        0.993205        0.993205 
       0.842959                1         13.3745        0.593383         13.3745         8324.46        -78.0072        -823.212         588.068         0.99329        0.993205        0.993205        0.993205 
       0.858941                1         13.5128        0.607404         13.5128         9143.75        -79.6499        -849.486          606.85        0.993297        0.993205        0.993205        0.993205 
       0.875227                1         13.6495        0.621524         13.6495         9963.34        -81.2926        -876.041         625.834        0.993305        0.993205        0.993205        0.993205 
       0.891821                1         13.7846        0.635731         13.7846         10486.8        -82.9339        -902.853         645.003        0.993309        0.993205        0.993205        0.993205 
        0.90873                1         13.9181        0.650016         13.9181         10840.9        -84.5724        -929.896         664.338        0.993311        0.993205        0.993205        0.993205 
       0.925959                1         14.0499        0.664367         14.0499         11882.1        -86.2068        -957.146         683.822         0.99332        0.993205        0.993205        0.993205 
       0.943515                1         14.1798        0.678775         14.1799         14324.7        -87.8358        -984.575         703.434        0.993343        0.993205        0.993205        0.993205 
       0.961404                1         14.3084        0.693228         14.3081         17166.9        -89.4581        -1012.16         723.158        0.993369        0.993205        0.993205        0.993205 
       0.979632                1         14.4332        0.707716         14.4345         17208.6        -91.0725        -1039.87         742.973        0.993368        0.993205        0.993205        0.993205 
       0.998205                1         14.5575        0.722228         14.5589         11884.5        -92.6778        -1067.68          762.86        0.993316        0.993205        0.993205        0.993205 
        1.01713                1         14.5739        0.736753         14.5707         11240.6        -94.2728        -1095.56         782.802         0.99331        0.993205        0.993205        0.993205 
        1.03642                1         14.5699        0.751283         14.5707         11240.6        -95.8564        -1123.49         802.778         0.99331        0.993205        0.993205        0.993205 
        1.05607                1         14.5709        0.765805         14.5707         11240.6        -97.4275        -1151.45         822.771         0.99331        0.993205        0.993205        0.993205 
        1.07609                1         14.5706        0.780311         14.5707         11240.6         -98.985         -1179.4         842.762         0.99331        0.993205        0.993205        0.993205 
        1.09649                1         14.5707         0.79479         14.5707         11240.6        -100.528        -1207.32         862.733         0.99331        0.993205        0.993205        0.993205 
        1.11728                1         14.5707        0.809233         14.5707         11240.6        -102.056        -1235.18         882.667         0.99331        0.993205        0.993205        0.993205 
        1.13846                1         14.5707        0.823629         14.5707         11240.6        -103.567        -1262.97         902.545         0.99331        0.993205        0.993205        0.993205 
        1.16005                1         14.5707        0.837971         14.5707         11240.6        -105.061        -1290.66         922.352         0.99331        0.993205        0.993205        0.993205 
        1.18204                1         14.5707        0.852248         14.5707         11240.6        -106.537        -1318.22         942.071         0.99331        0.993205        0.993205        0.993205 
        1.20445                1         14.5707        0.866453         14.5707         11240.6        -107.994        -1345.64         961.686         0.99331        0.993205        0.993205        0.993205 
        1.22729                1         14.5707        0.880576         14.5707         11240.6        -109.432        -1372.89         981.181         0.99331        0.993205        0.993205        0.993205 
        1.25056                1         14.5707        0.894609         14.5707         11240.6         -110.85        -1399.95         1000.54         0.99331        0.993205        0.993205        0.993205 
        1.27427                1         14.5707        0.908545         14.5707         11240.6        -112.248         -1426.8         1019.76         0.99331        0.993205        0.993205        0.993205 
        1.29843                1         14.5707        0.922376         14.5707         11240.6        -113.624        -1453.43         1038.81         0.99331        0.993205        0.993205        0.993205 
        1.32305                1         14.5707        0.936095         14.5707         11240.6        -114.979        -1479.81         1057.69         0.99331        0.993205        0.993205        0.993205 
        1.34813                1         14.5707        0.949695         14.5707         11240.6        -116.312        -1505.93         1076.39         0.99331        0.993205        0.993205        0.993205 
        1.37369                1         14.5707        0.963169         14.5707         11240.6        -117.622        -1531.78         1094.89         0.99331        0.993205        0.993205        0.993205 
        1.39974                1         14.5707        0.976511         14.5707         11240.6         -118.91        -1557.34         1113.18         0.99331        0.993205        0.993205        0.993205 
        1.42628                1         14.5707        0.989715         14.5707         11240.6        -120.175        -1582.59         1131.25         0.99331        0.993205        0.993205        0.993205 
        1.45332                1         14.5707         1.00278         14.5707         11240.6        -121.417        -1607.52          1149.1         0.99331        0.993205        0.993205        0.993205 
        1.48087                1         14.5707         1.01569         14.5707         11240.6        -122.636        -1632.13         1166.71         0.99331        0.993205        0.993205        0.993205 
        1.50895                1         14.5707         1.02845         14.5707         11240.6        -123.831         -1656.4         1184.09         0.99331        0.993205        0.993205        0.993205 
        1.53756                1         14.5707         1.04105         14.5707         11240.6        -125.003        -1680.31         1201.21         0.99331        0.993205        0.993205        0.993205 
        1.56671                1         14.5707         1.05348         14.5707         11240.6        -126.151        -1703.87         1218.07         0.99331        0.993205        0.993205        0.993205 
        1.59641                1         14.5707         1.06575         14.5707         11240.6        -127.275        -1727.06         1234.68         0.99331        0.993205        0.993205        0.993205 
        1.62668                1         14.5707         1.07785         14.5707         11240.6        -128.376        -1749.88         1251.02         0.99331        0.993205        0.993205        0.993205 
        1.65752                1         14.5707         1.08978         14.5707         11240.6        -129.453        -1772.32         1267.08         0.99331        0.993205        0.993205        0.993205 
        1.68895                1         14.5707         1.10153         14.5707         11240.6        -130.506        -1794.38         1282.87         0.99331        0.993205        0.993205        0.993205 
        1.72097                1         14.5707         1.11311         14.5707         11240.6        -131.537        -1816.04         1298.39         0.99331        0.993205        0.993205        0.993205 
         1.7536                1         14.5707          1.1245         14.5707         11240.6        -132.544        -1837.31         1313.62         0.99331        0.993205        0.993205        0.993205 
        1.78685                1         14.5707         1.13571         14.5707         11240.6        -133.527        -1858.18         1328.57         0.99331        0.993205        0.993205        0.993205 
        1.82073                1         14.5707         1.14673         14.5707         11240.6        -134.488        -1878.65         1343.23         0.99331        0.993205        0.993205        0.993205 
        1.85525                1         14.5707         1.15756         14.5707         11240.6        -135.426        -1898.73          1357.6         0.99331        0.993205        0.993205        0.993205 
        1.89042                1         14.5707         1.16821         14.5707         11240.6        -136.342         -1918.4         1371.69         0.99331        0.993205        0.993205        0.993205 
        1.92626                1         14.5707         1.17867         14.5707         11240.6        -137.235        -1937.66         1385.49         0.99331        0.993205        0.993205        0.993205 
        1.96279                1         14.5707         1.18894         14.5707         11240.6        -138.106        -1956.53            1399         0.99331        0.993205        0.993205        0.993205 
              2                1         14.5707         1.18899         14.5707         11240.6        -138.111        -1956.62         1399.07         0.99331        0.993205        0.993205        0.993205 
