# k  (h/Mpc)    P(k)  (Mpc/h)^3    P_linear(k)  (Mpc/h)^3
     0.00783031         17543.9         17808.4 
       0.013688         21398.9         21182.5 
       0.019231         20849.7           20794 
      0.0249154         18291.4         18688.6 
      0.0312784         15578.8         15747.1 
      0.0375637         13155.9         13134.9 
      0.0433917         11112.9         11294.9 
      0.0492413         9958.06         10010.5 
      0.0555754          8812.5         9082.99 
      0.0619321         8428.85          8399.2 
       0.067871         7592.47         7799.53 
      0.0738098         6959.51         7139.61 
      0.0800417         6157.52         6372.98 
      0.0862327         5503.58          5597.9 
      0.0921407         4961.56         4923.79 
      0.0982031          4381.7          4357.3 
       0.104506         4088.59         3924.08 
       0.110769         3776.15         3631.84 
       0.116806         3562.91         3437.81 
       0.122832         3396.18         3280.78 
       0.129052         3148.74         3113.62 
       0.135211         2971.08         2918.79 
       0.141259         2823.27         2698.76 
       0.147318         2636.07         2466.74 
       0.153489         2398.15         2242.48 
       0.159709         2254.69          2049.1 
       0.165845         2159.17         1899.75 
       0.171974         2041.87         1789.64 
       0.178125         1943.99         1707.96 
       0.184229          1858.9         1641.44 
        0.19034         1757.96         1576.32 
       0.196428         1717.82         1504.49 
       0.202534         1648.62         1423.29 
       0.208729         1566.21         1334.98 
       0.214876         1496.99         1248.02 
       0.220989         1440.36         1168.67 
       0.227147         1378.77         1100.19 
        0.23329         1322.43         1044.37 
       0.239377         1298.91         999.628 
       0.245482         1216.83         961.739 
       0.251667          1209.6         926.431 
       0.257832         1160.19         891.093 
       0.263955         1121.06         854.198 
       0.270079         1080.14         815.569 
        0.27624          1066.6         776.365 
       0.282372         1022.22         738.793 
        0.28843         1011.69         704.685 
       0.294538         959.838         674.127 
       0.300721         953.961         647.142 
        0.30691         915.771         623.354 
       0.313033          897.25         601.906 
       0.319153         878.974         581.463 
       0.325316         851.076         561.115 
        0.33145         830.526         540.771 
       0.337538         815.083         520.615 
       0.343633         795.683         500.843 
       0.349808         767.411         481.727 
       0.355968         761.924         463.904 
       0.362074         753.684         447.667 
       0.368217         729.966         432.665 
       0.374374          700.86         418.747 
       0.380519         701.219          405.66 
       0.386598          680.82         393.201 
       0.392688         678.234         381.045 
        0.39888         658.011         368.922 
       0.405048         648.385         357.122 
       0.411186         639.088         345.766 
       0.417313         625.833         334.907 
       0.423458         613.578         324.572 
       0.429607          606.05         314.827 
       0.435692         591.849         305.716 
       0.441815          586.18         297.013 
       0.447964         574.268         288.663 
       0.454126         567.297         280.599 
       0.460267         553.747         272.804 
       0.466387         547.258         265.268 
        0.47254         541.766         257.923 
       0.478662         537.332         250.859 
       0.484765         519.572         244.082 
       0.490885         515.915          237.57 
       0.497035         505.646         231.306 
       0.503198         501.537         225.291 
       0.509342         497.376         219.534 
       0.515458         493.169         214.018 
       0.521598         479.984         208.668 
       0.527764          472.62         203.464 
       0.533884         469.939         198.456 
           0.54         464.252         193.611 
       0.546137         461.185         188.908 
       0.552299         453.603         184.345 
       0.558452         450.655         179.947 
       0.564573         444.969         175.723 
       0.570708         438.576         171.637 
       0.576825         427.822         167.701 
       0.582926         427.894         163.904 
       0.589034         423.763          160.22 
       0.595184         420.341          156.62 
       0.601379         413.344         153.104 
       0.607522         407.918         149.723 
       0.613639         406.689         146.457 
       0.619772         398.629         143.283 
       0.625918         396.672         140.199 
       0.632068         390.411         137.206 
       0.638161          388.81          134.33 
         0.6443         382.612         131.517 
       0.650464         379.918         128.776 
       0.656582         376.322         126.135 
       0.662703         375.593         123.567 
       0.668861         369.393         121.057 
       0.675024         366.078         118.614 
       0.681124         362.965         116.263 
       0.687237         359.801         113.972 
       0.693381          354.57         111.732 
       0.699536         350.209         109.549 
       0.705665          348.41         107.435 
       0.711789         346.928          105.38 
       0.717957         343.874         103.365 
        0.72409         341.529         101.415 
       0.730186         336.843         99.5279 
       0.736317         334.064         97.6789 
       0.742472         331.994         95.8705 
       0.748622         328.793         94.1097 
        0.75476         324.666         92.3973 
       0.760888         321.451         90.7304 
       0.767043         321.698         89.0985 
       0.773185         318.216         87.5105 
       0.779291         313.715         85.9707 
       0.785407         312.795         84.4663 
       0.791564         308.989         82.9888 
       0.797719         306.732         81.5478 
       0.803834         303.423         80.1506 
       0.809972         302.978         78.7815 
       0.816124         301.906         77.4417 
       0.822261         298.362          76.137 
       0.828378         296.008         74.8665 
       0.834502         293.125         73.6242 
       0.840667         291.031         72.4023 
       0.846816          289.59         71.2118 
       0.852925         287.736         70.0558 
       0.859047         285.486         68.9233 
       0.865192         281.987         67.8122 
       0.871341         279.849         66.7251 
       0.877463         279.444          65.667 
       0.883569         277.389         64.6346 
       0.889708          274.48         63.6194 
       0.895864         273.179         62.6235 
       0.902008         270.837         61.6511 
       0.908149         268.615         60.7002 
       0.914301         266.027         59.7679 
       0.920448         264.648         58.8563 
       0.926574         261.628         57.9669 
       0.932687         261.681          57.098 
       0.938823         258.784          56.244 
       0.944975         258.193         55.4055 
       0.951105         256.095         54.5873 
       0.957225         254.418         53.7872 
       0.963368         250.972         53.0005 
       0.969511         250.232         52.2297 
       0.975621          248.26         51.4785 
       0.981748         247.406         50.7402 
       0.987916         245.893          50.012 
        0.99406          242.74         49.3008 
        1.00019         241.894         48.6051 
        1.00632         240.673         47.9234 
        1.01246         238.631          47.254 
        1.01859         238.992         46.5986 
        1.02471         234.973         45.9565 
        1.03085         233.864         45.3244 
        1.03698         232.727         44.7056 
        1.04314           230.6         44.0958 
        1.04929         229.177         43.4989 
        1.05541          229.45         42.9156 
        1.06154         225.899         42.3416 
        1.06769         225.521         41.7773 
        1.07382         223.722         41.2252 
        1.07993         222.327         40.6844 
        1.08607         221.872         40.1511 
        1.09222         219.736         39.6269 
        1.09836         218.184         39.1128 
        1.10449         216.209         38.6084 
        1.11063         214.535         38.1124 
        1.11677         214.071         37.6254 
         1.1229         212.202         37.1477 
        1.12903          211.39          36.678 
        1.13518           209.9         36.2161 
        1.14131          208.22         35.7624 
        1.14745         208.226         35.3168 
        1.15359         206.224         34.8787 
        1.15973         204.485         34.4479 
        1.16584         203.397         34.0264 
        1.17197         203.397         33.6113 
        1.17811         200.691          33.202 
        1.18424         199.812         32.8007 
        1.19038          199.26         32.4049 
        1.19652         197.413         32.0158 
        1.20267         197.123         31.6332 
        1.20881         195.359         31.2569 
        1.21495         194.221         30.8874 
        1.22108         192.982          30.524 
         1.2272         191.724         30.1673 
        1.23334         191.246         29.8155 
        1.23949         189.265         29.4685 
        1.24562         188.609         29.1281 
        1.25174         187.625         28.7936 
        1.25789         186.336         28.4633 
        1.26402          184.46         28.1389 
        1.27014         183.473         27.8203 
        1.27628         182.634         27.5058 
        1.28244         182.602         27.1955 
        1.28858         180.552         26.8905 
        1.29471         179.478         26.5909 
        1.30084         178.585         26.2961 
        1.30697         177.131         26.0054 
        1.31312         175.934         25.7186 
        1.31925         175.005         25.4372 
        1.32537         174.712         25.1602 
        1.33151         172.975         24.8864 
        1.33765         171.838         24.6168 
        1.34378          171.29         24.3518 
        1.34992         170.433         24.0905 
        1.35606         170.303         23.8325 
         1.3622         168.373         23.5788 
        1.36833         167.088         23.3293 
        1.37445         166.527         23.0837 
        1.38059         165.127         22.8408 
        1.38675         164.635         22.6009 
        1.39288         163.699         22.3654 
        1.39901         163.167         22.1333 
        1.40515         161.518         21.9041 
         1.4113         160.909         21.6782 
        1.41742         159.645         21.4563 
        1.42355         159.025         21.2372 
         1.4297         157.786         21.0204 
        1.43585         157.121         20.8068 
        1.44198          156.41          20.597 
        1.44809         155.611         20.3905 
        1.45423         154.888          20.186 
        1.46036         153.611         19.9848 
        1.46649         152.654         19.7862 
        1.47263         151.813         19.5902 
        1.47877         150.761          19.397 
        1.48491         149.472          19.206 
        1.49104          149.44         19.0181 
        1.49718         148.047         18.8325 
        1.50333          147.34         18.6492 
        1.50947         146.522         18.4686 
         1.5156         145.759         18.2907 
        1.52172         145.047         18.1152 
        1.52787         143.764         17.9417 
          1.534          143.42         17.7706 
        1.54013         142.552          17.602 
        1.54627         141.676         17.4352 
        1.55241         140.726         17.2706 
        1.55855         140.017         17.1084 
        1.56467         138.963         16.9487 
         1.5708         138.155         16.7906 
        1.57695         137.883         16.6343 
        1.58308         137.061         16.4804 
        1.58922         136.422         16.3283 
        1.59535         135.398         16.1781 
         1.6015         134.895         16.0297 
        1.60764         134.157         15.8832 
        1.61376         133.245          15.739 
        1.61989          132.48         15.5964 
        1.62604         131.464         15.4553 
        1.63218         131.298          15.316 
        1.63831         130.282         15.1788 
        1.64444         129.591         15.0431 
        1.65059         128.917         14.9089 
        1.65673         128.012         14.7764 
        1.66285         127.535         14.6459 
        1.66898         126.677          14.517 
        1.67512         126.237         14.3893 
        1.68127         125.331         14.2631 
         1.6874         124.518         14.1387 
        1.69353         124.122         14.0158 
        1.69967         123.289         13.8941 
        1.70581          122.55         13.7739 
        1.71193         121.919         13.6556 
        1.71806         121.398         13.5385 
        1.72421         120.769         13.4225 
        1.73035         120.423          13.308 
        1.73649         119.559         13.1948 
        1.74262         118.783         13.0831 
        1.74876         118.276         12.9726 
        1.75489         117.465         12.8636 
        1.76101         116.641         12.7559 
        1.76715         116.313         12.6493 
        1.77329         115.812         12.5437 
        1.77943         115.051         12.4394 
        1.78557         114.658         12.3363 
        1.79171           113.7         12.2345 
        1.79785         113.151         12.1338 
        1.80399         112.488         12.0342 
        1.81012         112.007         11.9359 
        1.81625         111.501         11.8387 
        1.82239         110.965         11.7425 
        1.82853         110.139         11.6474 
        1.83466         109.572         11.5534 
        1.84078         109.089         11.4606 
        1.84692         108.214         11.3687 
        1.85306         108.025         11.2776 
         1.8592         107.253         11.1877 
        1.86533         106.593         11.0988 
        1.87147         106.013         11.0108 
        1.87761           105.3         10.9237 
        1.88375         104.819         10.8377 
        1.88988         104.274         10.7527 
        1.89601         103.701         10.6685 
        1.90215         103.133         10.5852 
        1.90829         102.656         10.5028 
        1.91442         102.196         10.4213 
        1.92056         101.408         10.3407 
         1.9267         101.179         10.2609 
        1.93284         100.529         10.1819 
        1.93897         99.9102         10.1039 
        1.94509         99.5539         10.0269 
        1.95123         98.9785         9.95047 
        1.95737         98.4123         9.87479 
        1.96349         97.8958          9.8001 
        1.96964         97.0773         9.72596 
        1.97578          96.632         9.65257 
        1.98192         96.4089         9.58008 
        1.98805         95.7589         9.50833 
        1.99419         95.3995         9.43731 
        2.00033         94.7115         9.36699 
        2.00647         94.4267          9.2974 
         2.0126         93.7324         9.22864 
        2.01874         93.1537         9.16047 
        2.02488         92.9068         9.09294 
        2.03101         92.1637         9.02621 
        2.03714         91.6409         8.96021 
        2.04328         91.2673         8.89481 
        2.04941         90.8203         8.83011 
        2.05554         90.2675          8.7661 
        2.06167         89.9418         8.70264 
        2.06781         89.2444         8.63981 
        2.07396         89.0084         8.57751 
        2.08009         88.5601         8.51593 
        2.08622         87.9042         8.45502 
        2.09237         87.6263          8.3946 
        2.09851         87.1369         8.33476 
        2.10464         86.7092          8.2756 
        2.11077         86.1598         8.21709 
        2.11691         85.8798         8.15902 
        2.12305         85.3176         8.10151 
        2.12918         84.8072         8.04469 
        2.13531         84.4232         7.98841 
        2.14145         83.8116         7.93255 
         2.1476         83.4019         7.87715 
        2.15372         83.1132         7.82257 
        2.15985         82.6771         7.76844 
        2.16599         82.0849         7.71468 
        2.17213         81.7745         7.66148 
        2.17827         81.2942          7.6088 
         2.1844         80.8545         7.55666 
        2.19054         80.5782         7.50499 
        2.19666         80.1462         7.45388 
         2.2028         79.7215          7.4032 
        2.20893         79.3322         7.35297 
        2.21508           78.88         7.30315 
        2.22122         78.4892         7.25377 
        2.22736         78.0442         7.20496 
        2.23349         77.6804         7.15661 
        2.23962         77.3769         7.10868 
        2.24577         76.9853         7.06114 
         2.2519         76.6438         7.01411 
        2.25802         76.1457         6.96758 
        2.26417         75.7821         6.92135 
        2.27031         75.3749         6.87549 
        2.27644         74.8531         6.83019 
        2.28257         74.5303         6.78529 
        2.28872         74.3405         6.74072 
        2.29486         73.7662         6.69655 
        2.30099         73.2078         6.65288 
        2.30712         73.0898         6.60957 
        2.31326         72.6825         6.56658 
         2.3194         72.2998         6.52399 
        2.32553         72.0001         6.48186 
        2.33166         71.6437         6.44012 
         2.3378          71.137         6.39868 
        2.34394         70.8058          6.3576 
        2.35007          70.511         6.31694 
        2.35619          70.145         6.27669 
        2.36233         69.7511         6.23669 
        2.36848         69.4027         6.19695 
        2.37462         68.9846         6.15765 
        2.38075         68.7597         6.11873 
        2.38689         68.3486         6.08011 
        2.39303         67.9354         6.04184 
        2.39916         67.6548         6.00393 
        2.40529          67.487         5.96635 
        2.41143         66.8829         5.92907 
        2.41757          66.716         5.89209 
         2.4237         66.3517          5.8555 
        2.42983         65.9945         5.81922 
        2.43598         65.6253         5.78315 
        2.44211         65.4078         5.74745 
        2.44823         65.0462         5.71213 
        2.45437         64.6045         5.67701 
        2.46052         64.3948         5.64216 
        2.46665         64.1012         5.60766 
        2.47279         63.6826         5.57346 
        2.47892         63.4065         5.53953 
        2.48507         63.0297         5.50585 
         2.4912          62.759         5.47251 
        2.49733         62.4756         5.43947 
        2.50347          62.199         5.40664 
        2.50961         61.9831         5.37408 
        2.51575         61.6132         5.34181 
        2.52188          61.204         5.30984 
        2.52802         60.9485          5.2781 
        2.53416         60.6626         5.24661 
        2.54029         60.2971         5.21543 
        2.54641         60.0963         5.18452 
        2.55255         59.7545         5.15383 
        2.55869          59.447         5.12333 
        2.56483         59.1757         5.09313 
        2.57096         58.8837          5.0632 
        2.57709         58.6118         5.03351 
        2.58323         58.1763         5.00402 
        2.58937         58.0342         4.97476 
        2.59551         57.7499         4.94577 
        2.60164         57.3755         4.91702 
        2.60778         57.2657         4.88846 
        2.61392         56.8751         4.86015 
        2.62006         56.6961         4.83206 
        2.62619         56.3071         4.80423 
        2.63232         56.0178         4.77662 
        2.63846         55.7131         4.74919 
        2.64459         55.5029         4.72201 
        2.65072         55.1902         4.69505 
        2.65686         54.9765         4.66829 
          2.663         54.6876         4.64169 
        2.66915         54.4791         4.61531 
        2.67527          54.097          4.5892 
        2.68141         53.8653         4.56327 
        2.68755         53.6408         4.53752 
        2.69368         53.4975         4.51198 
        2.69981         53.1638         4.48669 
        2.70595         52.8924         4.46152 
        2.71209         52.5993         4.43654 
        2.71823         52.3682         4.41179 
        2.72436         52.1323         4.38724 
         2.7305         51.8876         4.36286 
        2.73663         51.6867         4.33867 
        2.74276         51.3449         4.31469 
         2.7489         51.1352         4.29087 
        2.75504          50.914         4.26721 
        2.76118         50.6508         4.24372 
        2.76732         50.3921         4.22044 
        2.77345         50.1527         4.19734 
        2.77959         49.8791         4.17441 
        2.78572         49.6424         4.15165 
        2.79186         49.3685         4.12908 
        2.79798         49.1726         4.10669 
        2.80412         48.9528         4.08443 
        2.81027         48.6463         4.06231 
         2.8164           48.46          4.0404 
        2.82253          48.208         4.01866 
        2.82867         47.9521         3.99706 
        2.83481         47.8262         3.97562 
        2.84095         47.5005         3.95434 
        2.84708         47.3106         3.93323 
        2.85322         47.0529         3.91226 
        2.85935         46.9246         3.89145 
        2.86549         46.6458          3.8708 
        2.87162         46.4484          3.8503 
        2.87776         46.2672         3.82995 
        2.88389         46.0173         3.80973 
        2.89003         45.8184         3.78968 
        2.89617            45.5         3.76975 
        2.90231         45.3517         3.74998 
        2.90844         45.1476         3.73035 
        2.91458         44.9214         3.71086 
        2.92071         44.7296         3.69154 
        2.92684         44.5031         3.67233 
        2.93298         44.2938         3.65326 
         2.9391         44.0858         3.63436 
        2.94524         43.9085         3.61557 
        2.95138         43.7304          3.5969 
        2.95752          43.498         3.57835 
        2.96367         43.3555         3.55992 
         2.9698         43.1244         3.54166 
        2.97594         42.9248         3.52351 
        2.98207         42.7152          3.5055 
        2.98821         42.5284         3.48762 
        2.99434         42.2832         3.46987 
        3.00048         42.1368         3.45223 
        3.00662         41.9294         3.43471 
        3.01275         41.7357         3.41734 
        3.01888         41.5116         3.40008 
        3.02503         41.2902         3.38292 
        3.03117         41.1346         3.36588 
        3.03729         40.9862           3.349 
        3.04342         40.7565         3.33222 
        3.04957         40.5887         3.31552 
         3.0557         40.3917         3.29896 
        3.06183         40.1693         3.28254 
        3.06796         40.0341         3.26622 
        3.07411         39.8584         3.24997 
        3.08025         39.6525         3.23386 
        3.08637          39.443         3.21789 
         3.0925         39.3204           3.202 
        3.09865         39.1616          3.1862 
         3.1048         38.9368          3.1705 
        3.11093         38.7515         3.15494 
        3.11706         38.5947         3.13949 
         3.1232         38.4444         3.12413 
        3.12933         38.2326         3.10886 
        3.13547         38.0124         3.09372 
        3.14159         37.8782         3.07869 
        3.14773         37.7108         3.06373 
        3.15388         37.5776         3.04886 
        3.16001         37.3546         3.03411 
        3.16614         37.2041         3.01947 
        3.17228         37.0128         3.00491 
        3.17842         36.8746         2.99045 
        3.18455         36.6971         2.97609 
        3.19068         36.5213         2.96184 
        3.19682         36.3725         2.94765 
        3.20297         36.1733         2.93356 
         3.2091         36.0106         2.91957 
        3.21524         35.8386         2.90568 
        3.22138         35.7269         2.89187 
         3.2275         35.5835         2.87818 
        3.23363         35.4058         2.86457 
        3.23977         35.1995         2.85103 
        3.24591         35.0862         2.83758 
        3.25205         34.9557         2.82421 
        3.25818         34.7831         2.81093 
        3.26432         34.6171         2.79775 
        3.27046          34.463         2.78465 
         3.2766         34.2854         2.77163 
        3.28273         34.1384         2.75869 
        3.28887         33.9902         2.74585 
          3.295         33.8235         2.73308 
        3.30113         33.7039          2.7204 
        3.30727         33.5696         2.70779 
        3.31341         33.3776         2.69527 
        3.31954          33.217         2.68284 
        3.32568          33.144         2.67046 
        3.33182         33.0016         2.65817 
        3.33795         32.8001         2.64597 
        3.34409         32.7239         2.63383 
        3.35022         32.5117         2.62178 
        3.35636         32.3973          2.6098 
         3.3625          32.276         2.59789 
        3.36864         32.0896         2.58606 
        3.37477         31.9583         2.57431 
        3.38091         31.8062         2.56263 
        3.38704         31.6808         2.55103 
        3.39318         31.5524         2.53949 
        3.39931         31.3964         2.52802 
        3.40545         31.2928         2.51663 
        3.41158         31.1307         2.50531 
        3.41772         31.0359         2.49406 
        3.42385         30.8823         2.48289 
        3.42998         30.7129         2.47178 
        3.43612         30.6188         2.46074 
        3.44226         30.5238         2.44976 
         3.4484         30.3456         2.43883 
        3.45453         30.2483           2.428 
        3.46066         30.0671         2.41724 
        3.46681         29.9368         2.40651 
        3.47295         29.7978         2.39585 
        3.47908         29.6529         2.38529 
        3.48521           29.57         2.37478 
        3.49135         29.4439         2.36433 
        3.49749         29.3178         2.35394 
        3.50362         29.2072         2.34361 
        3.50976         29.0476         2.33335 
        3.51589         28.9398         2.32315 
        3.52203         28.8079         2.31302 
        3.52816         28.6918         2.30295 
        3.53429         28.5638         2.29294 
        3.54043         28.4561         2.28297 
        3.54657         28.3376         2.27306 
        3.55271         28.2278         2.26323 
        3.55884          28.081         2.25346 
        3.56498         27.9702         2.24373 
        3.57112         27.8475         2.23406 
        3.57725         27.7239         2.22445 
        3.58338          27.609         2.21492 
        3.58952         27.5037         2.20542 
        3.59566         27.3806         2.19597 
         3.6018         27.2722         2.18659 
        3.60793         27.1361         2.17726 
        3.61407         26.9965           2.168 
        3.62021          26.943         2.15878 
        3.62634          26.797         2.14961 
        3.63247         26.6943         2.14051 
        3.63861         26.5894         2.13145 
        3.64475         26.4742         2.12244 
        3.65089         26.3803         2.11349 
        3.65702         26.2641          2.1046 
        3.66316         26.1448         2.09574 
        3.66929         26.0456         2.08695 
        3.67543         25.9513         2.07821 
        3.68156         25.8159         2.06951 
        3.68769         25.7004         2.06087 
        3.69383          25.623         2.05227 
        3.69997         25.5062         2.04372 
        3.70611         25.3919         2.03523 
        3.71224         25.3022         2.02678 
        3.71838         25.1758         2.01837 
        3.72451         25.1177         2.01002 
        3.73065         24.9622         2.00173 
        3.73678         24.8849         1.99347 
        3.74292         24.7834         1.98525 
        3.74906         24.6414         1.97709 
        3.75519         24.5754         1.96897 
        3.76133         24.4555          1.9609 
        3.76746         24.3777         1.95288 
         3.7736         24.2618          1.9449 
        3.77974         24.1767         1.93696 
        3.78588         24.0773         1.92907 
        3.79201         23.9583         1.92122 
        3.79814         23.8677         1.91342 
        3.80428         23.7894         1.90566 
        3.81042         23.7019         1.89794 
        3.81655         23.5924         1.89027 
        3.82268         23.5107         1.88265 
        3.82882         23.3715         1.87506 
        3.83496         23.2931         1.86751 
        3.84109         23.2212         1.86001 
        3.84723         23.1084         1.85255 
        3.85337         23.0175         1.84512 
        3.85951         22.9423         1.83773 
        3.86565         22.8244         1.83039 
        3.87178         22.7153          1.8231 
        3.87791         22.6555         1.81584 
        3.88405         22.5689         1.80862 
        3.89019         22.4981         1.80144 
        3.89632         22.3644          1.7943 
        3.90246         22.2745         1.78719 
         3.9086         22.2007         1.78013 
        3.91473         22.1112         1.77311 
        3.92086         22.0335         1.76613 
        3.92699         21.9378         1.75918 
        3.93313         21.8594         1.75227 
        3.93927         21.7591          1.7454 
         3.9454         21.6536         1.73856 
        3.95154         21.5836         1.73176 
        3.95768         21.5073         1.72499 
        3.96382         21.4323         1.71826 
        3.96995         21.3428         1.71157 
        3.97609         21.2433         1.70492 
        3.98222         21.1809          1.6983 
        3.98836         21.0778         1.69172 
         3.9945         20.9884         1.68517 
        4.00063          20.909         1.67866 
        4.00677         20.8375         1.67217 
        4.01291          20.762         1.66572 
        4.01904         20.6766         1.65932 
        4.02517         20.5764         1.65295 
        4.03131         20.5052          1.6466 
        4.03745         20.4287         1.64029 
        4.04358          20.327         1.63402 
        4.04972         20.2513         1.62778 
        4.05585          20.184         1.62157 
        4.06199         20.0879         1.61539 
        4.06812         20.0227         1.60924 
        4.07426         19.9542         1.60313 
         4.0804         19.8726         1.59705 
        4.08654         19.7842         1.59099 
        4.09267         19.7247         1.58498 
         4.0988         19.6271           1.579 
        4.10494         19.5691         1.57305 
        4.11108         19.4944         1.56712 
        4.11721          19.426         1.56123 
        4.12334          19.327         1.55537 
        4.12948           19.25         1.54954 
        4.13561         19.2107         1.54373 
        4.14176         19.1116         1.53796 
        4.14789         19.0523         1.53221 
        4.15403          18.943          1.5265 
        4.16016         18.8822         1.52081 
         4.1663         18.8299         1.51516 
        4.17243         18.7479         1.50954 
        4.17857         18.6813         1.50394 
        4.18471         18.6152         1.49837 
        4.19084         18.5504         1.49283 
        4.19698         18.4576         1.48732 
        4.20312         18.4044         1.48183 
        4.20925         18.3309         1.47637 
        4.21538         18.2503         1.47095 
        4.22152         18.1732         1.46555 
        4.22766          18.114         1.46017 
         4.2338         18.0464         1.45482 
        4.23993         17.9963          1.4495 
        4.24607         17.9059         1.44421 
         4.2522          17.838         1.43894 
        4.25834         17.7653          1.4337 
        4.26447         17.7091         1.42849 
        4.27061         17.6558         1.42331 
        4.27674         17.5829         1.41815 
        4.28288         17.5239         1.41301 
        4.28902         17.4566          1.4079 
        4.29515         17.3757         1.40281 
        4.30129         17.3118         1.39775 
        4.30743         17.2614         1.39272 
        4.31356         17.1653         1.38771 
        4.31969         17.1255         1.38273 
        4.32583         17.0561         1.37777 
        4.33197         17.0143         1.37283 
         4.3381         16.9418         1.36792 
        4.34424         16.8819         1.36303 
        4.35038         16.8342         1.35816 
        4.35652         16.7447         1.35332 
        4.36265          16.667         1.34851 
        4.36878         16.6374         1.34372 
        4.37492         16.5683         1.33895 
        4.38106         16.5123          1.3342 
        4.38719         16.4504         1.32948 
        4.39333         16.3744         1.32479 
        4.39946         16.3216         1.32011 
         4.4056         16.2578         1.31546 
        4.41173          16.198         1.31083 
        4.41786         16.1477         1.30622 
          4.424         16.0922         1.30164 
        4.43014         16.0407         1.29707 
        4.43628         15.9786         1.29252 
        4.44241         15.9097         1.28801 
        4.44855         15.8595         1.28351 
        4.45469         15.8067         1.27903 
        4.46083         15.7292         1.27457 
        4.46696         15.6894         1.27014 
        4.47309         15.6258         1.26573 
        4.47923         15.5767         1.26133 
        4.48537         15.5154         1.25697 
         4.4915         15.4627         1.25262 
        4.49764         15.4025         1.24829 
        4.50378           15.35         1.24397 
        4.50991         15.2917         1.23969 
        4.51604         15.2359         1.23543 
        4.52218         15.1808         1.23117 
        4.52832         15.1235         1.22695 
        4.53445         15.0833         1.22274 
        4.54059         15.0338         1.21855 
        4.54673          14.978         1.21438 
        4.55286          14.925         1.21023 
          4.559         14.8722         1.20611 
        4.56513         14.8185           1.202 
        4.57127          14.752         1.19791 
        4.57741         14.7247         1.19383 
        4.58354         14.6671         1.18978 
        4.58968         14.6086         1.18575 
        4.59582         14.5531         1.18173 
        4.60195         14.5112         1.17774 
        4.60809         14.4387         1.17376 
        4.61422          14.411         1.16981 
        4.62036         14.3557         1.16587 
        4.62649         14.3154         1.16194 
        4.63263         14.2541         1.15804 
        4.63876         14.2272         1.15415 
         4.6449          14.149         1.15029 
        4.65104         14.1057         1.14644 
        4.65717         14.0544         1.14261 
        4.66331         14.0005         1.13879 
        4.66944         13.9652         1.13499 
        4.67558         13.9093         1.13122 
        4.68171          13.867         1.12745 
        4.68785         13.8125         1.12371 
        4.69399         13.7595         1.11998 
        4.70012         13.7229         1.11627 
        4.70625         13.6782         1.11258 
        4.71239         13.6325          1.1089 
        4.71853         13.5689         1.10524 
        4.72467         13.5263         1.10159 
         4.7308          13.492         1.09797 
        4.73694         13.4292         1.09435 
        4.74308          13.399         1.09076 
        4.74922         13.3646         1.08718 
        4.75535         13.3042         1.08362 
        4.76148         13.2421         1.08008 
        4.76762         13.2198         1.07654 
        4.77376         13.1758         1.07303 
        4.77989         13.1217         1.06953 
        4.78602         13.0747         1.06605 
        4.79216         13.0486         1.06258 
         4.7983         12.9951         1.05913 
        4.80443         12.9619          1.0557 
        4.81056         12.9116         1.05227 
         4.8167         12.8699         1.04887 
        4.82284         12.8262         1.04547 
        4.82898         12.7963          1.0421 
        4.83511         12.7457         1.03874 
        4.84125         12.6896         1.03539 
        4.84739         12.6562         1.03206 
        4.85352         12.6268         1.02875 
        4.85965          12.569         1.02545 
        4.86579         12.5295         1.02216 
        4.87193         12.4859         1.01889 
        4.87807         12.4464         1.01563 
         4.8842         12.4092         1.01238 
        4.89034         12.3812         1.00915 
        4.89647         12.3306         1.00594 
        4.90261         12.2997         1.00274 
        4.90874         12.2485        0.999552 
        4.91488         12.2127        0.996379 
        4.92102         12.1735        0.993218 
        4.92715         12.1261        0.990072 
        4.93329         12.1039        0.986942 
        4.93942         12.0454        0.983822 
        4.94556          12.017        0.980716 
         4.9517         11.9837        0.977625 
        4.95783         11.9505        0.974547 
        4.96397         11.8969        0.971483 
        4.97011         11.8676         0.96843 
        4.97624         11.8381        0.965393 
        4.98238         11.7965        0.962369 
        4.98851         11.7498        0.959358 
        4.99465         11.7189        0.956359 
        5.00078          11.685        0.953374 
        5.00691         11.6423        0.950402 
        5.01305         11.6031        0.947442 
        5.01919         11.5648        0.944491 
        5.02533         11.5436        0.941555 
        5.03146         11.5041        0.938635 
         5.0376         11.4608        0.935725 
        5.04374         11.4314        0.932826 
        5.04987         11.3987         0.92994 
        5.05601         11.3524        0.927068 
        5.06215         11.3157        0.924205 
        5.06829         11.2888        0.921355 
        5.07442         11.2578         0.91852 
        5.08055         11.2108        0.915698 
        5.08668         11.1779        0.912885 
        5.09282         11.1451        0.910082 
        5.09896          11.111        0.907294 
        5.10509         11.0844        0.904519 
        5.11123         11.0547        0.901753 
        5.11736         11.0142        0.898999 
         5.1235         10.9773        0.896255 
        5.12964         10.9472        0.893525 
        5.13577         10.9226        0.890804 
        5.14191         10.8826        0.888095 
        5.14804         10.8461        0.885401 
        5.15418         10.8238        0.882716 
        5.16032         10.7801         0.88004 
        5.16645         10.7601        0.877376 
        5.17259         10.7193        0.874725 
        5.17872         10.6882        0.872084 
        5.18486         10.6564        0.869452 
          5.191         10.6398        0.866832 
        5.19713          10.593        0.864225 
        5.20327         10.5651        0.861628 
        5.20941         10.5308         0.85904 
        5.21555         10.5054        0.856461 
        5.22168         10.4767        0.853897 
        5.22781         10.4474        0.851343 
        5.23395         10.4155        0.848799 
        5.24009         10.3824        0.846263 
        5.24622         10.3677         0.84374 
        5.25236         10.3274        0.841228 
         5.2585         10.2895        0.838723 
        5.26463         10.2629         0.83623 
        5.27077         10.2364        0.833748 
         5.2769         10.2137        0.831276 
        5.28304         10.1805        0.828814 
        5.28917         10.1592        0.826363 
         5.2953         10.1146        0.823922 
        5.30144         10.1003         0.82149 
        5.30757         10.0631        0.819067 
        5.31371         10.0281        0.816654 
        5.31985          10.004         0.81425 
        5.32599         9.97508        0.811855 
        5.33213         9.96184        0.809471 
        5.33826         9.92743        0.807097 
         5.3444         9.89875        0.804734 
        5.35053         9.87757        0.802379 
        5.35667         9.84301        0.800033 
        5.36281         9.82241        0.797696 
        5.36894         9.79857         0.79537 
        5.37507         9.76711        0.793054 
        5.38121         9.73439        0.790745 
        5.38735         9.71673        0.788446 
        5.39348         9.68868        0.786158 
        5.39961         9.66696        0.783879 
        5.40575         9.63883        0.781607 
        5.41189         9.61428        0.779343 
        5.41803         9.58741         0.77709 
        5.42416         9.56868        0.774846 
         5.4303         9.53911         0.77261 
        5.43644         9.51502        0.770384 
        5.44257         9.48395        0.768167 
        5.44871         9.46372        0.765957 
        5.45484         9.44919        0.763757 
        5.46098         9.42016        0.761565 
        5.46712         9.38623        0.759381 
        5.47325         9.36539        0.757207 
        5.47938         9.34433        0.755044 
        5.48552         9.33135        0.752888 
        5.49165         9.29986        0.750739 
        5.49779         9.27556        0.748599 
        5.50393         9.25783        0.746466 
        5.51006          9.2335        0.744341 
         5.5162          9.2038        0.742226 
        5.52234         9.18154        0.740119 
        5.52847         9.16252         0.73802 
        5.53461         9.13764        0.735928 
        5.54075         9.11533        0.733846 
        5.54688         9.09886        0.731772 
        5.55302         9.07335        0.729705 
        5.55915         9.05329        0.727647 
        5.56529         9.03224        0.725597 
        5.57143          9.0121        0.723554 
        5.57756         8.98658        0.721519 
         5.5837         8.96642        0.719492 
        5.58983         8.94894        0.717475 
        5.59597         8.92244        0.715464 
         5.6021         8.90357         0.71346 
        5.60824         8.88395        0.711464 
        5.61438         8.86424        0.709476 
        5.62051         8.84154        0.707496 
        5.62665         8.82791        0.705523 
        5.63278         8.80205        0.703558 
        5.63892         8.78445          0.7016 
        5.64505         8.77182         0.69965 
        5.65119         8.74174        0.697708 
        5.65733         8.72401        0.695772 
        5.66346         8.70605        0.693845 
         5.6696         8.69343        0.691924 
        5.67573         8.67139         0.69001 
        5.68187         8.65138        0.688104 
          5.688         8.62702        0.686206 
        5.69414          8.6151        0.684315 
        5.70028         8.58851        0.682429 
        5.70642         8.57661        0.680551 
        5.71255         8.55694        0.678681 
        5.71869         8.53911        0.676819 
        5.72482         8.52406        0.674963 
        5.73096         8.50537        0.673114 
        5.73709         8.49059        0.671273 
        5.74322         8.47645        0.669439 
        5.74936         8.45199        0.667609 
         5.7555         8.43649        0.665787 
        5.76164         8.41782        0.663972 
        5.76777         8.40097        0.662166 
        5.77391         8.39161        0.660364 
        5.78005          8.3673        0.658568 
        5.78618         8.35626        0.656782 
        5.79231         8.34247        0.655003 
        5.79845         8.32819        0.653227 
        5.80459          8.2992        0.651458 
        5.81073         8.28535        0.649698 
        5.81686         8.27358        0.647944 
          5.823         8.26021        0.646195 
        5.82914         8.24089        0.644453 
        5.83527         8.22883         0.64272 
         5.8414         8.21276        0.640991 
        5.84754          8.2034        0.639268 
        5.85368         8.18573        0.637552 
        5.85981         8.17353        0.635842 
        5.86595         8.15795        0.634139 
        5.87208         8.14185        0.632443 
        5.87822         8.12775        0.630753 
        5.88435         8.11671        0.629069 
        5.89049         8.10052         0.62739 
        5.89662         8.08908        0.625718 
        5.90276         8.07146        0.624051 
         5.9089         8.06187         0.62239 
        5.91503         8.05422        0.620737 
        5.92117         8.03964        0.619089 
        5.92731         8.02788        0.617446 
        5.93344         8.00789        0.615811 
        5.93958         8.00261        0.614181 
        5.94572         7.98633        0.612556 
        5.95186         7.97368        0.610937 
        5.95799          7.9593        0.609326 
        5.96412         7.94545         0.60772 
        5.97026         7.93415        0.606119 
         5.9764         7.92883        0.604525 
        5.98253         7.91073        0.602937 
        5.98866         7.90721        0.601354 
         5.9948         7.89987        0.599775 
        6.00094         7.88027        0.598203 
        6.00707           7.873        0.596637 
        6.01321         7.85771        0.595076 
        6.01935          7.8517        0.593521 
        6.02548         7.84497        0.591972 
        6.03162          7.8362        0.590428 
        6.03775         7.82281        0.588891 
        6.04389         7.81174        0.587358 
        6.05003         7.80316        0.585829 
        6.05617          7.7908        0.584306 
         6.0623         7.78576         0.58279 
        6.06844         7.77416        0.581279 
        6.07457         7.77058        0.579774 
         6.0807         7.75803        0.578274 
        6.08684         7.74629         0.57678 
        6.09298          7.7434         0.57529 
        6.09912         7.73358        0.573805 
        6.10525          7.7228        0.572326 
        6.11138         7.71747        0.570852 
        6.11752         7.70501        0.569383 
        6.12366         7.70056        0.567919 
        6.12979         7.68872        0.566462 
        6.13593         7.68485        0.565009 
        6.14207         7.67156         0.56356 
         6.1482         7.67597        0.562117 
        6.15434         7.66493         0.56068 
        6.16047          7.6558        0.559248 
        6.16661         7.65075         0.55782 
        6.17274          7.6419        0.556397 
        6.17887         7.63819         0.55498 
        6.18501         7.62943        0.553567 
        6.19115         7.62699        0.552159 
        6.19729         7.61829        0.550755 
        6.20342         7.61176        0.549357 
        6.20956         7.61205        0.547964 
         6.2157         7.60838        0.546575 
        6.22183         7.60785        0.545191 
        6.22797         7.59672        0.543813 
         6.2341         7.59344        0.542439 
        6.24024         7.58698         0.54107 
        6.24638         7.58558        0.539704 
        6.25251         7.57706        0.538345 
        6.25865         7.57575        0.536991 
        6.26478         7.57533         0.53564 
        6.27092         7.56831        0.534295 
        6.27705         7.56195        0.532954 
        6.28318         7.56598        0.531618 
