# k  (h/Mpc)    P(k)  (Mpc/h)^3    P_linear(k)  (Mpc/h)^3
     0.00783031         1032.27          1042.6 
       0.013688         1160.88         1173.85 
       0.019231          1082.4         1086.89 
      0.0249154         918.904         916.591 
      0.0312784         727.293         725.415 
      0.0375637         583.765         583.383 
      0.0433917         501.096         499.219 
      0.0492413         449.144         448.841 
      0.0555754         414.828         413.658 
      0.0619321         378.507         380.774 
       0.067871         343.328         343.529 
      0.0738098          300.65         300.247 
      0.0800417         255.883         254.594 
      0.0862327         216.945           216.1 
      0.0921407         190.067          189.36 
      0.0982031         173.193          171.94 
       0.104506         161.434         161.534 
       0.110769         154.517         154.545 
       0.116806         147.771         147.177 
       0.122832         137.197         137.198 
       0.129052         124.863           124.3 
       0.135211         111.758         110.715 
       0.141259         99.4151         98.6737 
       0.147318         89.6808         89.2684 
       0.153489         83.3509         82.7262 
       0.159709         79.3531         78.5859 
       0.165845         75.7715         75.7443 
       0.171974         73.6907         72.9465 
       0.178125          69.979         69.3885 
       0.184229         65.3235         64.9556 
        0.19034         60.8325         60.0075 
       0.196428         56.0426         55.2002 
       0.202534         51.4533         51.0485 
       0.208729         48.6257         47.7902 
       0.214876         46.4375         45.4481 
       0.220989          44.206         43.7084 
       0.227147         43.0264         42.1711 
        0.23329         41.3719         40.5376 
       0.239377         39.5895         38.6739 
       0.245482         37.4524         36.5905 
       0.251667         35.1289         34.4227 
       0.257832          33.455         32.4008 
       0.263955         31.4823         30.6651 
       0.270079         30.0261         29.2429 
        0.27624         28.7391         28.0805 
       0.282372         27.7552         27.0832 
        0.28843         27.0319          26.147 
       0.294538         25.9806         25.1705 
       0.300721         24.7838         24.1264 
        0.30691          23.898         23.0456 
       0.313033         22.7979         21.9975 
       0.319153         22.0285         21.0211 
       0.325316         20.9095         20.1457 
        0.33145         20.1044         19.3818 
       0.337538         19.4567         18.7115 
       0.343633         18.9068         18.0924 
       0.349808         18.2308         17.4867 
       0.355968           17.59         16.8832 
       0.362074         17.1108         16.2803 
       0.368217         16.4688         15.6804 
       0.374374         15.9844         15.0992 
       0.380519          15.321         14.5544 
       0.386598         14.7751         14.0581 
       0.392688         14.2769         13.6006 
        0.39888          13.925           13.17 
       0.405048          13.537         12.7645 
       0.411186         13.1077         12.3735 
       0.417313         12.7171         11.9917 
       0.423458         12.2737         11.6162 
       0.429607         12.0065         11.2495 
       0.435692         11.7008         10.9006 
       0.441815         11.2763         10.5675 
       0.447964         10.8941         10.2514 
       0.454126          10.666         9.95234 
       0.460267         10.4505         9.67008 
       0.466387         10.1321         9.40098 
        0.47254          9.9107         9.13922 
       0.478662         9.60949         8.88593 
       0.484765          9.3631         8.64091 
       0.490885         9.07453         8.40318 
       0.497035         8.82914         8.17277 
       0.503198         8.65749         7.95106 
       0.509342         8.38072         7.73962 
       0.515458         8.22001         7.53855 
       0.521598         8.02969          7.3449 
       0.527764         7.87252         7.15744 
       0.533884         7.61815         6.97729 
           0.54         7.47327         6.80286 
       0.546137         7.25344         6.63337 
       0.552299         7.10266         6.46878 
       0.558452         6.92866         6.31002 
       0.564573         6.79661         6.15744 
       0.570708         6.64227         6.00979 
       0.576825          6.5023         5.86772 
       0.582926         6.34652         5.73096 
       0.589034         6.22341         5.59863 
       0.595184         6.12156         5.46969 
       0.601379         5.95321         5.34387 
       0.607522         5.82183         5.22283 
       0.613639         5.69068         5.10588 
       0.619772         5.59395         4.99215 
       0.625918         5.47322         4.88168 
       0.632068         5.37918          4.7746 
       0.638161         5.26234         4.67182 
         0.6443         5.15168         4.57147 
       0.650464          5.0382         4.47378 
       0.656582         4.97341         4.37969 
       0.662703         4.87887         4.28829 
       0.668861         4.74983         4.19894 
       0.675024         4.66271         4.11204 
       0.681124         4.63962         4.02846 
       0.687237         4.52234         3.94703 
       0.693381         4.40469         3.86747 
       0.699536         4.36004            3.79 
       0.705665         4.27447         3.71501 
       0.711789         4.17743         3.64215 
       0.717957         4.09652         3.57077 
        0.72409         4.03809         3.50173 
       0.730186         3.99819         3.43494 
       0.736317         3.89791         3.36954 
       0.742472         3.84855         3.30561 
       0.748622         3.78353          3.2434 
        0.75476         3.68848         3.18293 
       0.760888         3.64976          3.1241 
       0.767043         3.55723         3.06653 
       0.773185          3.5123         3.01053 
       0.779291         3.48529         2.95626 
       0.785407         3.41068         2.90325 
       0.791564          3.3534         2.85122 
       0.797719         3.29495         2.80049 
       0.803834         3.25213         2.75133 
       0.809972         3.19132         2.70318 
       0.816124         3.14508         2.65609 
       0.822261         3.09864         2.61025 
       0.828378         3.04961         2.56564 
       0.834502         3.00153         2.52205 
       0.840667         2.96624         2.47919 
       0.846816         2.90523         2.43745 
       0.852925         2.86648         2.39694 
       0.859047         2.82212         2.35728 
       0.865192         2.78098         2.31838 
       0.871341         2.74242         2.28035 
       0.877463         2.69419         2.24334 
       0.883569         2.66294         2.20726 
       0.889708         2.62624         2.17179 
       0.895864          2.5878         2.13701 
       0.902008         2.54281         2.10307 
       0.908149         2.51024         2.06989 
       0.914301         2.47749         2.03737 
       0.920448         2.44936         2.00559 
       0.926574         2.42439         1.97459 
       0.932687         2.38258         1.94433 
       0.938823         2.33726         1.91459 
       0.944975          2.3207          1.8854 
       0.951105         2.27076         1.85693 
       0.957225         2.25447          1.8291 
       0.963368         2.22534         1.80174 
       0.969511         2.19791         1.77495 
       0.975621         2.16191         1.74885 
       0.981748         2.12391          1.7232 
       0.987916         2.10259         1.69791 
        0.99406         2.08363         1.67322 
        1.00019         2.05566         1.64908 
        1.00632         2.03521         1.62543 
        1.01246         2.00435         1.60222 
        1.01859         1.98014          1.5795 
        1.02471         1.94673         1.55725 
        1.03085         1.92595         1.53535 
        1.03698         1.90515         1.51392 
        1.04314         1.88102         1.49281 
        1.04929         1.86113         1.47215 
        1.05541           1.831         1.45197 
        1.06154         1.81652         1.43212 
        1.06769         1.79961         1.41262 
        1.07382         1.77034         1.39354 
        1.07993         1.74697         1.37486 
        1.08607         1.73369         1.35644 
        1.09222         1.70774         1.33835 
        1.09836         1.69846         1.32061 
        1.10449         1.66349         1.30321 
        1.11063          1.6485         1.28611 
        1.11677         1.63301         1.26932 
         1.1229          1.6103         1.25286 
        1.12903         1.59845         1.23668 
        1.13518         1.57427         1.22077 
        1.14131         1.55882         1.20515 
        1.14745         1.54166         1.18982 
        1.15359         1.52349         1.17475 
        1.15973         1.50593         1.15993 
        1.16584         1.49131         1.14544 
        1.17197         1.47102         1.13117 
        1.17811         1.45514         1.11711 
        1.18424         1.43938         1.10332 
        1.19038         1.42436         1.08973 
        1.19652          1.4111         1.07637 
        1.20267         1.39984         1.06324 
        1.20881         1.38064         1.05032 
        1.21495         1.36719         1.03765 
        1.22108          1.3546         1.02518 
         1.2272         1.33433         1.01295 
        1.23334         1.32582         1.00089 
        1.23949         1.31023        0.988998 
        1.24562         1.29809        0.977333 
        1.25174         1.28831        0.965875 
        1.25789         1.26893        0.954565 
        1.26402          1.2566        0.943458 
        1.27014         1.24147        0.932555 
        1.27628         1.23207        0.921792 
        1.28244         1.21931        0.911178 
        1.28858         1.20718        0.900747 
        1.29471         1.19268        0.890502 
        1.30084         1.18318        0.880426 
        1.30697         1.17483        0.870492 
        1.31312         1.16139        0.860697 
        1.31925         1.15002        0.851084 
        1.32537         1.14064        0.841627 
        1.33151         1.12695        0.832281 
        1.33765         1.11714        0.823083 
        1.34378         1.10733        0.814042 
        1.34992         1.09818         0.80513 
        1.35606         1.08641        0.796333 
         1.3622         1.07747        0.787684 
        1.36833         1.06523        0.779183 
        1.37445         1.05457        0.770812 
        1.38059          1.0459        0.762539 
        1.38675         1.03607        0.754367 
        1.39288         1.02901        0.746347 
        1.39901         1.01689        0.738448 
        1.40515         1.00818        0.730646 
         1.4113         1.00225        0.722959 
        1.41742        0.989398        0.715412 
        1.42355         0.98018        0.707959 
         1.4297        0.973319         0.70059 
        1.43585        0.964172        0.693329 
        1.44198        0.956097        0.686198 
        1.44809         0.94791        0.679181 
        1.45423        0.938977        0.672237 
        1.46036        0.931656        0.665402 
        1.46649        0.920715        0.658661 
        1.47263        0.915641        0.652007 
        1.47877        0.911063        0.645448 
        1.48491        0.896633        0.638969 
        1.49104        0.892132        0.632593 
        1.49718        0.882787        0.626299 
        1.50333        0.876227        0.620081 
        1.50947        0.869781        0.613959 
         1.5156        0.862406         0.60793 
        1.52172        0.855463        0.601982 
        1.52787        0.847609        0.596102 
          1.534         0.84249        0.590307 
        1.54013         0.83427        0.584596 
        1.54627        0.827228         0.57895 
        1.55241        0.819595        0.573377 
        1.55855        0.813409        0.567886 
        1.56467        0.807088        0.562482 
         1.5708        0.800841        0.557133 
        1.57695        0.793089        0.551845 
        1.58308         0.78555        0.546638 
        1.58922        0.781455        0.541495 
        1.59535        0.773243         0.53642 
         1.6015        0.767666        0.531402 
        1.60764        0.762012        0.526452 
        1.61376        0.755141        0.521578 
        1.61989        0.749897        0.516762 
        1.62604        0.742419        0.511995 
        1.63218        0.738847        0.507292 
        1.63831         0.73248        0.502659 
        1.64444        0.726731        0.498082 
        1.65059        0.722002        0.493552 
        1.65673        0.714204        0.489082 
        1.66285         0.70976        0.484681 
        1.66898        0.705355        0.480332 
        1.67512        0.697101        0.476028 
        1.68127        0.692775        0.471773 
         1.6874        0.689878        0.467579 
        1.69353        0.682545        0.463439 
        1.69967        0.678345        0.459339 
        1.70581        0.674971        0.455291 
        1.71193        0.667004        0.451306 
        1.71806        0.664106        0.447361 
        1.72421        0.659268        0.443455 
        1.73035        0.651847        0.439601 
        1.73649          0.6503        0.435793 
        1.74262        0.643312        0.432033 
        1.74876        0.639047        0.428315 
        1.75489        0.635334        0.424648 
        1.76101        0.628723        0.421025 
        1.76715        0.625266         0.41744 
        1.77329        0.621378        0.413892 
        1.77943         0.61703        0.410384 
        1.78557        0.613532        0.406922 
        1.79171        0.609121        0.403499 
        1.79785        0.604609        0.400114 
        1.80399        0.598502         0.39677 
        1.81012        0.595375        0.393467 
        1.81625        0.590898        0.390204 
        1.82239        0.587389        0.386973 
        1.82853        0.582883         0.38378 
        1.83466        0.578963        0.380627 
        1.84078        0.574581        0.377511 
        1.84692          0.5707        0.374426 
        1.85306        0.568306        0.371372 
         1.8592        0.562527        0.368356 
        1.86533        0.560044        0.365375 
        1.87147        0.554448        0.362424 
        1.87761        0.551663        0.359504 
        1.88375        0.547875         0.35662 
        1.88988        0.543366        0.353771 
        1.89601        0.539799        0.350951 
        1.90215        0.536976        0.348159 
        1.90829        0.533044          0.3454 
        1.91442        0.529836         0.34267 
        1.92056        0.526987        0.339971 
         1.9267        0.522918          0.3373 
        1.93284        0.518646        0.334655 
        1.93897        0.515536        0.332044 
        1.94509        0.512767        0.329466 
        1.95123        0.508348        0.326909 
        1.95737        0.506055        0.324377 
        1.96349        0.501963        0.321878 
        1.96964        0.500318        0.319399 
        1.97578        0.495515        0.316945 
        1.98192         0.49246        0.314521 
        1.98805        0.489543        0.312122 
        1.99419        0.486741        0.309749 
        2.00033        0.484149        0.307398 
        2.00647        0.481344        0.305073 
         2.0126        0.478449        0.302776 
        2.01874        0.475009        0.300499 
        2.02488        0.471075        0.298243 
        2.03101        0.468416        0.296015 
        2.03714        0.466502        0.293811 
        2.04328        0.462972        0.291628 
        2.04941        0.460148        0.289468 
        2.05554        0.456936        0.287332 
        2.06167        0.454541        0.285215 
        2.06781        0.450944        0.283118 
        2.07396        0.449713         0.28104 
        2.08009        0.446136        0.278986 
        2.08622        0.443491        0.276954 
        2.09237        0.441214         0.27494 
        2.09851        0.438277        0.272944 
        2.10464        0.435558        0.270972 
        2.11077        0.431674        0.269022 
        2.11691        0.429833        0.267086 
        2.12305        0.428687         0.26517 
        2.12918         0.42481        0.263277 
        2.13531        0.422557        0.261402 
        2.14145         0.41983        0.259541 
         2.1476        0.417572        0.257696 
        2.15372        0.415461        0.255878 
        2.15985         0.41237        0.254076 
        2.16599        0.410467        0.252286 
        2.17213        0.407923        0.250515 
        2.17827        0.405155        0.248762 
         2.1844        0.403318        0.247027 
        2.19054        0.401064        0.245308 
        2.19666        0.398695        0.243607 
         2.2028        0.396387        0.241922 
        2.20893        0.394732        0.240251 
        2.21508        0.391985        0.238594 
        2.22122        0.389922        0.236952 
        2.22736        0.386524         0.23533 
        2.23349        0.384462        0.233722 
        2.23962        0.383249        0.232129 
        2.24577        0.380987         0.23055 
         2.2519        0.378368        0.228987 
        2.25802        0.377049        0.227441 
        2.26417         0.37414        0.225905 
        2.27031        0.372711        0.224382 
        2.27644         0.37115        0.222877 
        2.28257        0.368134        0.221387 
        2.28872        0.366983        0.219907 
        2.29486        0.364279         0.21844 
        2.30099        0.362293         0.21699 
        2.30712        0.360473        0.215553 
        2.31326        0.358615        0.214126 
         2.3194         0.35621        0.212713 
        2.32553        0.354362        0.211315 
        2.33166        0.353317        0.209931 
         2.3378        0.351218        0.208556 
        2.34394        0.349416        0.207194 
        2.35007        0.346392        0.205845 
        2.35619        0.344602        0.204511 
        2.36233        0.343244        0.203185 
        2.36848         0.34195        0.201868 
        2.37462        0.339846        0.200565 
        2.38075        0.337993        0.199275 
        2.38689        0.336772        0.197996 
        2.39303        0.334466        0.196728 
        2.39916        0.333047        0.195472 
        2.40529        0.331447        0.194227 
        2.41143        0.329082        0.192992 
        2.41757        0.327662        0.191768 
         2.4237        0.325923        0.190556 
        2.42983        0.323847        0.189355 
        2.43598         0.32259        0.188161 
        2.44211        0.320823        0.186979 
        2.44823        0.319336         0.18581 
        2.45437        0.318161        0.184648 
        2.46052        0.316746        0.183495 
        2.46665        0.314677        0.182353 
        2.47279        0.313154        0.181222 
        2.47892        0.311528        0.180099 
        2.48507        0.310573        0.178985 
         2.4912         0.30846        0.177883 
        2.49733        0.307097         0.17679 
        2.50347        0.305845        0.175705 
        2.50961        0.303774        0.174628 
        2.51575        0.302148        0.173562 
        2.52188        0.300552        0.172505 
        2.52802        0.299256        0.171456 
        2.53416        0.298105        0.170416 
        2.54029        0.296311        0.169386 
        2.54641        0.295155        0.168364 
        2.55255        0.293914        0.167351 
        2.55869        0.292327        0.166343 
        2.56483        0.291285        0.165346 
        2.57096        0.289261        0.164358 
        2.57709        0.287439        0.163377 
        2.58323        0.286482        0.162404 
        2.58937        0.285526        0.161438 
        2.59551         0.28378        0.160481 
        2.60164         0.28273        0.159532 
        2.60778        0.281716         0.15859 
        2.61392        0.280461        0.157656 
        2.62006        0.279118        0.156729 
        2.62619        0.276763        0.155811 
        2.63232        0.276307          0.1549 
        2.63846        0.275107        0.153995 
        2.64459        0.273887        0.153099 
        2.65072        0.272309         0.15221 
        2.65686        0.271093        0.151327 
          2.663        0.270254        0.150451 
        2.66915        0.268959        0.149581 
        2.67527         0.26733         0.14872 
        2.68141        0.265964        0.147866 
        2.68755        0.265081        0.147017 
        2.69368        0.264138        0.146176 
        2.69981        0.262934        0.145342 
        2.70595        0.261466        0.144513 
        2.71209        0.260455         0.14369 
        2.71823        0.259166        0.142875 
        2.72436        0.258223        0.142067 
         2.7305        0.257503        0.141264 
        2.73663         0.25587        0.140467 
        2.74276        0.254865        0.139678 
         2.7489        0.253918        0.138894 
        2.75504        0.252857        0.138115 
        2.76118        0.251659        0.137342 
        2.76732         0.25057        0.136576 
        2.77345         0.24898        0.135816 
        2.77959        0.248302        0.135061 
        2.78572        0.247307        0.134313 
        2.79186        0.246345         0.13357 
        2.79798        0.245416        0.132834 
        2.80412         0.24408        0.132101 
        2.81027        0.243341        0.131374 
         2.8164        0.241906        0.130654 
        2.82253        0.240937        0.129939 
        2.82867         0.24046        0.129229 
        2.83481        0.239254        0.128524 
        2.84095         0.23814        0.127824 
        2.84708         0.23729         0.12713 
        2.85322        0.236069        0.126441 
        2.85935        0.235524        0.125757 
        2.86549        0.234534        0.125079 
        2.87162        0.233566        0.124405 
        2.87776        0.232702        0.123737 
        2.88389        0.231389        0.123072 
        2.89003        0.230725        0.122414 
        2.89617         0.22994        0.121759 
        2.90231        0.228867         0.12111 
        2.90844        0.227758        0.120465 
        2.91458        0.227081        0.119826 
        2.92071        0.226172        0.119191 
        2.92684        0.225557        0.118561 
        2.93298        0.224401        0.117935 
         2.9391        0.223651        0.117315 
        2.94524        0.223078        0.116698 
        2.95138        0.222042        0.116086 
        2.95752        0.221089        0.115477 
        2.96367         0.22013        0.114872 
         2.9698         0.21964        0.114273 
        2.97594        0.218558        0.113678 
        2.98207        0.217886        0.113087 
        2.98821         0.21724        0.112501 
        2.99434        0.216292        0.111919 
        3.00048        0.215593        0.111341 
        3.00662         0.21466        0.110766 
        3.01275        0.214144        0.110197 
        3.01888         0.21326        0.109631 
        3.02503        0.212263        0.109068 
        3.03117        0.211678         0.10851 
        3.03729        0.210685        0.107957 
        3.04342        0.210243        0.107407 
        3.04957         0.20923         0.10686 
         3.0557        0.208765        0.106317 
        3.06183        0.207721        0.105779 
        3.06796        0.207224        0.105245 
        3.07411        0.206727        0.104712 
        3.08025        0.205826        0.104185 
        3.08637        0.205381        0.103662 
         3.0925        0.204264        0.103142 
        3.09865        0.204099        0.102624 
         3.1048        0.203164         0.10211 
        3.11093        0.202495        0.101601 
        3.11706        0.201605        0.101095 
         3.1232        0.200907        0.100592 
        3.12933        0.200795        0.100093 
        3.13547        0.199775       0.0995969 
        3.14159        0.199536       0.0991051 
        3.14773        0.198914       0.0986157 
        3.15388        0.197865       0.0981292 
        3.16001        0.197412       0.0976469 
        3.16614        0.196864       0.0971679 
        3.17228        0.196155       0.0966918 
        3.17842        0.195742       0.0962188 
        3.18455        0.195064       0.0957494 
        3.19068        0.194564       0.0952832 
        3.19682        0.193725       0.0948194 
        3.20297        0.193676       0.0943587 
         3.2091        0.192535       0.0939014 
        3.21524        0.192456       0.0934472 
        3.22138        0.191713        0.092996 
         3.2275        0.191264       0.0925484 
        3.23363        0.190604       0.0921037 
        3.23977        0.190205       0.0916613 
        3.24591        0.189714       0.0912219 
        3.25205        0.189103        0.090785 
        3.25818        0.188406       0.0903513 
        3.26432        0.188032       0.0899206 
        3.27046        0.187576       0.0894926 
         3.2766         0.18742       0.0890673 
        3.28273        0.186869        0.088645 
        3.28887         0.18644       0.0882254 
          3.295        0.186112       0.0878086 
        3.30113        0.185385       0.0873945 
        3.30727         0.18503       0.0869829 
        3.31341        0.184785       0.0865743 
        3.31954        0.184155       0.0861682 
        3.32568        0.183842       0.0857644 
        3.33182        0.183559       0.0853633 
        3.33795        0.183035       0.0849652 
        3.34409        0.182578       0.0845691 
        3.35022        0.182222       0.0841756 
        3.35636        0.182039        0.083785 
         3.3625        0.181766       0.0833964 
        3.36864         0.18134       0.0830104 
        3.37477        0.181086        0.082627 
        3.38091        0.180578       0.0822462 
        3.38704        0.179891       0.0818678 
        3.39318        0.179812       0.0814916 
        3.39931        0.179759       0.0811177 
        3.40545        0.179401       0.0807463 
        3.41158        0.179209       0.0803773 
        3.41772         0.17866       0.0800105 
        3.42385        0.178444       0.0796463 
        3.42998        0.178235       0.0792842 
        3.43612        0.177773       0.0789244 
        3.44226        0.177778       0.0785666 
         3.4484        0.177418       0.0782106 
        3.45453        0.177137       0.0778576 
        3.46066        0.176874       0.0775068 
        3.46681        0.177121       0.0771573 
        3.47295        0.176492       0.0768102 
        3.47908        0.176433       0.0764662 
        3.48521        0.176373       0.0761239 
        3.49135        0.176123       0.0757833 
        3.49749        0.175664       0.0754449 
        3.50362        0.176087       0.0751087 
        3.50976        0.175717       0.0747747 
        3.51589        0.175589       0.0744426 
        3.52203        0.175101       0.0741125 
        3.52816        0.175193       0.0737848 
        3.53429        0.175139       0.0734588 
        3.54043        0.174933       0.0731344 
        3.54657        0.174793        0.072812 
        3.55271        0.174859       0.0724919 
        3.55884        0.174881       0.0721739 
        3.56498        0.174552       0.0718573 
        3.57112        0.174657       0.0715426 
        3.57725        0.174355       0.0712301 
        3.58338        0.174461       0.0709198 
        3.58952        0.174441       0.0706109 
        3.59566        0.174494       0.0703035 
         3.6018        0.174236       0.0699983 
        3.60793        0.174333       0.0696951 
        3.61407        0.174468       0.0693938 
        3.62021        0.174396       0.0690939 
        3.62634          0.1747        0.068796 
        3.63247        0.174694          0.0685 
        3.63861        0.174722       0.0682056 
        3.64475        0.174695       0.0679125 
        3.65089         0.17475       0.0676215 
        3.65702        0.174802       0.0673325 
        3.66316        0.174868       0.0670448 
        3.66929        0.174809       0.0667591 
        3.67543         0.17538       0.0664749 
        3.68156        0.175069       0.0661925 
        3.68769        0.175269       0.0659116 
        3.69383        0.175747       0.0656322 
        3.69997        0.175748       0.0653545 
        3.70611        0.176104       0.0650785 
        3.71224        0.175932        0.064804 
        3.71838        0.176241       0.0645311 
        3.72451        0.176308         0.06426 
        3.73065        0.176568       0.0639905 
        3.73678        0.176926       0.0637224 
        3.74292        0.177132       0.0634556 
        3.74906        0.177313       0.0631905 
        3.75519        0.177716       0.0629269 
        3.76133        0.178081       0.0626649 
        3.76746        0.178191       0.0624044 
         3.7736        0.178232       0.0621455 
        3.77974        0.178621       0.0618878 
        3.78588         0.17905       0.0616315 
        3.79201          0.1795       0.0613769 
        3.79814        0.179737       0.0611238 
        3.80428        0.179684        0.060872 
        3.81042        0.180447       0.0606215 
        3.81655        0.180751       0.0603726 
        3.82268        0.180913       0.0601253 
        3.82882        0.181277       0.0598792 
        3.83496        0.181773       0.0596343 
        3.84109        0.182225       0.0593908 
        3.84723        0.182611       0.0591489 
        3.85337        0.183164       0.0589079 
        3.85951        0.183692       0.0586683 
        3.86565        0.184093       0.0584304 
        3.87178        0.184676       0.0581939 
        3.87791        0.184939       0.0579587 
        3.88405        0.185679       0.0577245 
        3.89019        0.185995       0.0574917 
        3.89632        0.186627       0.0572603 
        3.90246        0.187224         0.05703 
         3.9086        0.187496        0.056801 
        3.91473        0.188305       0.0565735 
        3.92086        0.188508       0.0563474 
        3.92699        0.189364       0.0561223 
        3.93313        0.190051       0.0558982 
        3.93927        0.190844       0.0556755 
         3.9454        0.191197       0.0554541 
        3.95154        0.191954       0.0552337 
        3.95768        0.192688       0.0550145 
        3.96382        0.193206       0.0547966 
        3.96995        0.193901       0.0545798 
        3.97609        0.194756       0.0543643 
        3.98222         0.19516       0.0541501 
        3.98836        0.196093       0.0539369 
         3.9945        0.196776       0.0537248 
        4.00063        0.197634        0.053514 
        4.00677        0.198281       0.0533041 
        4.01291        0.198909       0.0530953 
        4.01904         0.20045        0.052888 
        4.02517        0.200733       0.0526819 
        4.03131        0.201671       0.0524764 
        4.03745        0.202155        0.052272 
        4.04358        0.203052        0.052069 
        4.04972        0.204504        0.051867 
        4.05585        0.205004       0.0516661 
        4.06199        0.206196       0.0514661 
        4.06812        0.207156       0.0512673 
        4.07426        0.208179       0.0510696 
         4.0804        0.209096       0.0508727 
        4.08654         0.21011       0.0506769 
        4.09267        0.211177       0.0504824 
         4.0988         0.21181        0.050289 
        4.10494        0.213277       0.0500964 
        4.11108        0.213655       0.0499046 
        4.11721        0.215053       0.0497141 
        4.12334        0.216063       0.0495246 
        4.12948        0.217493       0.0493361 
        4.13561        0.218626       0.0491484 
        4.14176        0.219606       0.0489616 
        4.14789        0.221077       0.0487758 
        4.15403        0.222404       0.0485912 
        4.16016        0.223324       0.0484074 
         4.1663        0.224661       0.0482246 
        4.17243        0.225813       0.0480429 
        4.17857        0.226818        0.047862 
        4.18471        0.228482       0.0476819 
        4.19084        0.229668       0.0475029 
        4.19698        0.231051       0.0473248 
        4.20312        0.232382       0.0471475 
        4.20925        0.233275       0.0469713 
        4.21538        0.234654        0.046796 
        4.22152        0.235987       0.0466215 
        4.22766        0.237775       0.0464478 
         4.2338        0.239033       0.0462751 
        4.23993         0.24042       0.0461033 
        4.24607         0.24207       0.0459324 
         4.2522        0.243775       0.0457623 
        4.25834        0.245089        0.045593 
        4.26447        0.246578       0.0454248 
        4.27061        0.248393       0.0452573 
        4.27674        0.249648       0.0450907 
        4.28288        0.251808       0.0449247 
        4.28902        0.253094       0.0447598 
        4.29515        0.255022       0.0445957 
        4.30129        0.256471       0.0444324 
        4.30743        0.258214       0.0442698 
        4.31356         0.25943       0.0441081 
        4.31969        0.261859       0.0439474 
        4.32583        0.263291       0.0437874 
        4.33197        0.264876       0.0436279 
         4.3381        0.266887       0.0434694 
        4.34424        0.268657       0.0433118 
        4.35038        0.270815       0.0431547 
        4.35652        0.272287       0.0429985 
        4.36265        0.274969       0.0428433 
        4.36878        0.276597       0.0426888 
        4.37492        0.278671       0.0425349 
        4.38106        0.280757       0.0423817 
        4.38719        0.283729       0.0422295 
        4.39333        0.284777       0.0420781 
        4.39946        0.287155       0.0419273 
         4.4056        0.288641       0.0417772 
        4.41173        0.291179       0.0416279 
        4.41786         0.29339       0.0414795 
          4.424        0.294936       0.0413316 
        4.43014         0.29849       0.0411843 
        4.43628        0.299765       0.0410377 
        4.44241        0.302636       0.0408921 
        4.44855        0.305494        0.040747 
        4.45469        0.306384       0.0406026 
        4.46083         0.30895       0.0404591 
        4.46696        0.312244       0.0403163 
        4.47309        0.314279        0.040174 
        4.47923        0.316091       0.0400325 
        4.48537        0.319059       0.0398917 
         4.4915        0.322227       0.0397515 
        4.49764         0.32438        0.039612 
        4.50378        0.327069       0.0394731 
        4.50991         0.32983       0.0393351 
        4.51604        0.332653       0.0391977 
        4.52218        0.335619       0.0390607 
        4.52832        0.337132       0.0389246 
        4.53445        0.340606       0.0387891 
        4.54059        0.343166       0.0386543 
        4.54673        0.345412         0.03852 
        4.55286        0.349239       0.0383863 
          4.559        0.351922       0.0382534 
        4.56513        0.354094       0.0381212 
        4.57127        0.357454       0.0379895 
        4.57741        0.361543       0.0378583 
        4.58354        0.364051       0.0377279 
        4.58968        0.366455       0.0375981 
        4.59582        0.369634       0.0374688 
        4.60195        0.373438       0.0373402 
        4.60809        0.376845       0.0372123 
        4.61422        0.379576       0.0370849 
        4.62036        0.382745       0.0369581 
        4.62649        0.386658       0.0368318 
        4.63263        0.389552       0.0367062 
        4.63876        0.392092       0.0365812 
         4.6449        0.396232       0.0364567 
        4.65104        0.399576       0.0363328 
        4.65717        0.403441       0.0362096 
        4.66331        0.406781       0.0360869 
        4.66944         0.41081       0.0359647 
        4.67558        0.413736       0.0358432 
        4.68171        0.417572       0.0357222 
        4.68785        0.421638       0.0356016 
        4.69399        0.424851       0.0354817 
        4.70012        0.429152       0.0353625 
        4.70625        0.431848       0.0352437 
        4.71239        0.436364       0.0351254 
        4.71853        0.440791       0.0350077 
        4.72467        0.444656       0.0348904 
         4.7308        0.448657       0.0347738 
        4.73694        0.452071       0.0346577 
        4.74308        0.456022       0.0345421 
        4.74922        0.460871        0.034427 
        4.75535        0.464741       0.0343126 
        4.76148           0.471       0.0341987 
        4.76762        0.473303       0.0340851 
        4.77376        0.477859       0.0339721 
        4.77989        0.483058       0.0338598 
        4.78602        0.486487       0.0337479 
        4.79216         0.49127       0.0336364 
         4.7983        0.495133       0.0335255 
        4.80443         0.50037       0.0334152 
        4.81056        0.503364       0.0333053 
         4.8167        0.508106       0.0331958 
        4.82284        0.513599       0.0330868 
        4.82898        0.517456       0.0329784 
        4.83511        0.521703       0.0328705 
        4.84125         0.52828       0.0327629 
        4.84739        0.534375       0.0326559 
        4.85352        0.537193       0.0325495 
        4.85965        0.541116       0.0324435 
        4.86579        0.547861       0.0323379 
        4.87193         0.55167       0.0322328 
        4.87807        0.557583       0.0321282 
         4.8842        0.562843        0.032024 
        4.89034        0.568987       0.0319203 
        4.89647        0.573443       0.0318171 
        4.90261        0.578488       0.0317143 
        4.90874        0.585305       0.0316121 
        4.91488        0.590546       0.0315102 
        4.92102        0.596625       0.0314087 
        4.92715         0.59943       0.0313078 
        4.93329        0.605828       0.0312073 
        4.93942        0.611459       0.0311072 
        4.94556        0.615596       0.0310075 
         4.9517        0.624058       0.0309083 
        4.95783        0.630262       0.0308095 
        4.96397        0.632905       0.0307112 
        4.97011        0.641982       0.0306132 
        4.97624        0.647147       0.0305158 
        4.98238        0.653347       0.0304188 
        4.98851        0.658352       0.0303222 
        4.99465        0.664891        0.030226 
        5.00078        0.671749       0.0301302 
        5.00691        0.677753       0.0300349 
        5.01305        0.683152       0.0299399 
        5.01919        0.689943       0.0298453 
        5.02533        0.696697       0.0297511 
        5.03146        0.703321       0.0296574 
         5.0376        0.712013       0.0295641 
        5.04374        0.717596       0.0294712 
        5.04987        0.721939       0.0293786 
        5.05601        0.728188       0.0292865 
        5.06215         0.73711       0.0291947 
        5.06829         0.74073       0.0291033 
        5.07442        0.749411       0.0290124 
        5.08055        0.758821        0.028922 
        5.08668        0.762255       0.0288318 
        5.09282        0.767239       0.0287419 
        5.09896        0.777361       0.0286526 
        5.10509        0.784023       0.0285636 
        5.11123        0.789665        0.028475 
        5.11736        0.797984       0.0283867 
         5.1235        0.803769       0.0282988 
        5.12964        0.812357       0.0282113 
        5.13577        0.817923       0.0281241 
        5.14191        0.827429       0.0280373 
        5.14804        0.835073        0.027951 
        5.15418        0.840024       0.0278649 
        5.16032        0.847428       0.0277792 
        5.16645        0.856554       0.0276939 
        5.17259        0.866625       0.0276089 
        5.17872        0.871917       0.0275243 
        5.18486        0.879894         0.02744 
          5.191        0.888997       0.0273561 
        5.19713        0.895223       0.0272726 
        5.20327        0.901028       0.0271894 
        5.20941        0.911598       0.0271065 
        5.21555        0.917994        0.027024 
        5.22168        0.926143       0.0269419 
        5.22781        0.929421       0.0268601 
        5.23395         0.94281       0.0267786 
        5.24009        0.947022       0.0266974 
        5.24622        0.957247       0.0266167 
        5.25236        0.963707       0.0265362 
         5.2585        0.973808        0.026456 
        5.26463        0.984083       0.0263762 
        5.27077        0.990552       0.0262968 
         5.2769         1.00216       0.0262177 
        5.28304         1.00529       0.0261389 
        5.28917         1.01737       0.0260604 
         5.2953         1.02439       0.0259823 
        5.30144         1.02774       0.0259045 
        5.30757         1.04199       0.0258269 
        5.31371         1.04991       0.0257497 
        5.31985         1.05836       0.0256728 
        5.32599         1.06548       0.0255962 
        5.33213         1.07489       0.0255199 
        5.33826           1.084       0.0254439 
         5.3444         1.09141       0.0253683 
        5.35053         1.10239        0.025293 
        5.35667         1.11103        0.025218 
        5.36281         1.11593       0.0251432 
        5.36894         1.12733       0.0250688 
        5.37507         1.13735       0.0249947 
        5.38121          1.1469       0.0249209 
        5.38735          1.1549       0.0248473 
        5.39348         1.16237       0.0247742 
        5.39961         1.17269       0.0247013 
        5.40575         1.17869       0.0246286 
        5.41189         1.18675       0.0245562 
        5.41803         1.19874       0.0244842 
        5.42416         1.20774       0.0244124 
         5.4303         1.21633       0.0243409 
        5.43644         1.22486       0.0242698 
        5.44257         1.23262       0.0241989 
        5.44871          1.2482       0.0241282 
        5.45484         1.25262       0.0240579 
        5.46098         1.25571       0.0239878 
        5.46712         1.27174        0.023918 
        5.47325         1.28228       0.0238486 
        5.47938         1.28922       0.0237794 
        5.48552         1.30287       0.0237105 
        5.49165         1.30568       0.0236418 
        5.49779         1.31429       0.0235734 
        5.50393         1.32411       0.0235053 
        5.51006         1.33156       0.0234374 
         5.5162         1.34436       0.0233698 
        5.52234         1.35067       0.0233025 
        5.52847         1.35903       0.0232354 
        5.53461         1.36949       0.0231686 
        5.54075         1.38299       0.0231021 
        5.54688         1.39055       0.0230358 
        5.55302         1.40087       0.0229698 
        5.55915         1.40526        0.022904 
        5.56529         1.41237       0.0228386 
        5.57143         1.42552       0.0227733 
        5.57756          1.4319       0.0227083 
         5.5837         1.44121       0.0226436 
        5.58983         1.44907       0.0225792 
        5.59597         1.46026        0.022515 
         5.6021         1.47091        0.022451 
        5.60824         1.48163       0.0223872 
        5.61438         1.49189       0.0223238 
        5.62051         1.49355       0.0222606 
        5.62665          1.5003       0.0221976 
        5.63278         1.51161       0.0221348 
        5.63892         1.52074       0.0220723 
        5.64505         1.53078       0.0220101 
        5.65119         1.53894       0.0219481 
        5.65733         1.54746       0.0218863 
        5.66346         1.56136       0.0218248 
         5.6696         1.56066       0.0217635 
        5.67573         1.57565       0.0217024 
        5.68187           1.579       0.0216416 
          5.688         1.59065        0.021581 
        5.69414         1.59581       0.0215207 
        5.70028         1.60959       0.0214605 
        5.70642         1.61314       0.0214006 
        5.71255         1.62387       0.0213409 
        5.71869         1.63013       0.0212815 
        5.72482         1.64901       0.0212223 
        5.73096         1.65338       0.0211633 
        5.73709         1.65756       0.0211046 
        5.74322         1.66728       0.0210461 
        5.74936         1.67318       0.0209877 
         5.7555         1.68281       0.0209296 
        5.76164         1.69028       0.0208717 
        5.76777         1.69193       0.0208141 
        5.77391         1.70506       0.0207566 
        5.78005         1.71138       0.0206994 
        5.78618         1.71797       0.0206424 
        5.79231         1.73055       0.0205857 
        5.79845         1.73922       0.0205291 
        5.80459         1.74249       0.0204727 
        5.81073         1.75626       0.0204165 
        5.81686         1.76216       0.0203606 
          5.823         1.76386       0.0203049 
        5.82914         1.77827       0.0202493 
        5.83527         1.78727       0.0201941 
         5.8414         1.79406        0.020139 
        5.84754         1.79453        0.020084 
        5.85368         1.80168       0.0200293 
        5.85981          1.8116       0.0199748 
        5.86595         1.81514       0.0199206 
        5.87208         1.81966       0.0198665 
        5.87822         1.83263       0.0198126 
        5.88435         1.84072        0.019759 
        5.89049         1.84141       0.0197055 
        5.89662         1.85286       0.0196522 
        5.90276         1.86346        0.019599 
         5.9089         1.86962       0.0195461 
        5.91503         1.87589       0.0194935 
        5.92117         1.88194        0.019441 
        5.92731         1.88022       0.0193886 
        5.93344          1.8885       0.0193365 
        5.93958         1.89287       0.0192846 
        5.94572         1.90044       0.0192328 
        5.95186         1.91066       0.0191813 
        5.95799         1.91964       0.0191299 
        5.96412         1.92065       0.0190788 
        5.97026         1.92042       0.0190278 
         5.9764         1.93998        0.018977 
        5.98253         1.93691       0.0189264 
        5.98866         1.94588        0.018876 
         5.9948         1.96043       0.0188257 
        6.00094         1.95792       0.0187757 
        6.00707         1.95926       0.0187258 
        6.01321         1.96786       0.0186761 
        6.01935          1.9749       0.0186266 
        6.02548         1.98487       0.0185773 
        6.03162         1.98807       0.0185281 
        6.03775         1.99059       0.0184792 
        6.04389          1.9963       0.0184304 
        6.05003          1.9955       0.0183817 
        6.05617         2.00904       0.0183332 
         6.0623         2.01087        0.018285 
        6.06844         2.01334       0.0182369 
        6.07457         2.01859        0.018189 
         6.0807         2.02824       0.0181412 
        6.08684         2.03084       0.0180937 
        6.09298         2.03215       0.0180462 
        6.09912         2.03985        0.017999 
        6.10525         2.04772       0.0179519 
        6.11138          2.0501        0.017905 
        6.11752         2.04829       0.0178583 
        6.12366         2.06125       0.0178117 
        6.12979         2.06393       0.0177653 
        6.13593         2.06579       0.0177191 
        6.14207         2.07012        0.017673 
         6.1482         2.06691       0.0176271 
        6.15434         2.08022       0.0175814 
        6.16047         2.08729       0.0175358 
        6.16661         2.08296       0.0174904 
        6.17274          2.0926       0.0174451 
        6.17887         2.09296          0.0174 
        6.18501         2.09334       0.0173551 
        6.19115          2.1013       0.0173103 
        6.19729          2.1131       0.0172656 
        6.20342         2.10524       0.0172212 
        6.20956         2.11209       0.0171769 
         6.2157         2.11304       0.0171327 
        6.22183         2.11882       0.0170887 
        6.22797         2.12039       0.0170448 
         6.2341         2.11914       0.0170012 
        6.24024         2.11818       0.0169576 
        6.24638         2.12467       0.0169142 
        6.25251         2.13374        0.016871 
        6.25865         2.13225       0.0168279 
        6.26478         2.13968       0.0167849 
        6.27092         2.13303       0.0167422 
        6.27705         2.13769       0.0166996 
        6.28318         2.07055       0.0166571 
