# k  (h/Mpc)    Pcb(k)  (Mpc/h)^3    Pcb_linear(k)  (Mpc/h)^3
     0.00783031         293.003         294.947 
       0.013688          388.71         391.825 
       0.019231         420.053         421.421 
      0.0249154         411.798         412.329 
      0.0312784         377.082         377.575 
      0.0375637         335.391         335.887 
      0.0433917         300.959         300.558 
      0.0492413         272.136         272.235 
      0.0555754         250.298          249.77 
      0.0619321         232.422         233.386 
       0.067871         220.453         220.649 
      0.0738098         207.757         207.908 
      0.0800417         193.141         193.038 
      0.0862327         176.483         176.653 
      0.0921407         160.314         160.488 
      0.0982031         144.966         144.778 
       0.104506          130.43         130.703 
       0.110769         119.517         119.693 
       0.116806         112.115         111.843 
       0.122832         106.007         106.128 
       0.129052         101.621         101.533 
       0.135211         97.5527         97.3349 
       0.141259         92.8062         92.8561 
       0.147318         87.3844         87.7068 
       0.153489         81.7983         81.8767 
       0.159709         75.9108         75.8113 
       0.165845         69.8636         70.1451 
       0.171974         65.4708         65.2129 
       0.178125         61.4522         61.2027 
       0.184229         58.1933          58.138 
        0.19034         56.1018         55.7874 
       0.196428         54.0841         53.8636 
       0.202534         51.9402         52.0459 
       0.208729          50.208         50.0733 
       0.214876         48.1863         47.8736 
       0.220989         45.4219         45.4693 
       0.227147         43.3253         42.9557 
        0.23329         40.9578         40.5257 
       0.239377         38.8311         38.3441 
       0.245482         36.9229         36.4711 
       0.251667         35.2251         34.9099 
       0.257832         34.1441         33.6382 
       0.263955         32.9077         32.5606 
       0.270079         31.8998         31.5588 
        0.27624         30.7414         30.5386 
       0.282372         29.6934         29.4574 
        0.28843         28.7684         28.3191 
       0.294538         27.5427         27.1327 
       0.300721         26.2514         25.9454 
        0.30691         25.3097         24.8271 
       0.313033         24.2691         23.8286 
       0.319153         23.5878         22.9548 
       0.325316         22.5666         22.1895 
        0.33145          21.888         21.5162 
       0.337538         21.3161          20.898 
       0.343633           20.76         20.2966 
       0.349808            20.1         19.6807 
       0.355968         19.4489         19.0498 
       0.362074         18.9009         18.4137 
       0.368217         18.2496         17.7767 
       0.374374         17.7558         17.1606 
       0.380519         17.0548         16.5829 
       0.386598         16.4982         16.0579 
       0.392688         16.0051         15.5793 
        0.39888         15.6135         15.1339 
       0.405048         15.2146         14.7219 
       0.411186         14.8028         14.3298 
       0.417313         14.4262          13.946 
       0.423458         13.9825         13.5637 
       0.429607         13.6844         13.1812 
       0.435692         13.3427         12.8062 
       0.441815         12.9062          12.438 
       0.447964         12.5064         12.0824 
       0.454126          12.239         11.7445 
       0.460267         12.0004         11.4289 
       0.466387         11.6584         11.1339 
        0.47254           11.41         10.8537 
       0.478662         11.1158         10.5879 
       0.484765         10.8652         10.3319 
       0.490885           10.58         10.0806 
       0.497035         10.3007         9.83212 
       0.503198         10.0925         9.58772 
       0.509342         9.81791         9.34939 
       0.515458         9.63217         9.11867 
       0.521598         9.40971         8.89531 
       0.527764           9.238         8.68081 
       0.533884         8.96304         8.47769 
           0.54          8.7908         8.28348 
       0.546137         8.56086         8.09626 
       0.552299         8.40051         7.91497 
       0.558452         8.22638         7.73949 
       0.564573         8.07341         7.56928 
       0.570708         7.89911         7.40222 
       0.576825          7.7358         7.23942 
       0.582926         7.56279         7.08131 
       0.589034         7.43421          6.9277 
       0.595184         7.30552         6.77807 
       0.601379          7.1234          6.6324 
       0.607522          6.9824         6.49282 
       0.613639         6.81947         6.35855 
       0.619772         6.72287         6.22838 
       0.625918           6.587         6.10192 
       0.632068         6.47728         5.97887 
       0.638161         6.34979         5.85997 
         0.6443         6.22511         5.74293 
       0.650464         6.09646          5.6283 
       0.656582         6.02164         5.51749 
       0.662703         5.91258         5.40969 
       0.668861          5.7645         5.30439 
       0.675024         5.67268         5.20208 
       0.681124         5.63705          5.1037 
       0.687237         5.50385         5.00781 
       0.693381         5.37057         4.91401 
       0.699536         5.32196         4.82248 
       0.705665         5.22484         4.73368 
       0.711789         5.11241          4.6472 
       0.717957         5.02471         4.56228 
        0.72409          4.9504         4.47996 
       0.730186         4.89345         4.40016 
       0.736317         4.79155         4.32186 
       0.742472         4.72729         4.24519 
       0.748622         4.65555         4.17046 
        0.75476         4.55327         4.09772 
       0.760888         4.50512         4.02687 
       0.767043          4.3904         3.95746 
       0.773185          4.3414         3.88988 
       0.779291         4.30484          3.8243 
       0.785407         4.22144         3.76018 
       0.791564         4.16056         3.69715 
       0.797719         4.08996         3.63561 
       0.803834         4.03004         3.57588 
       0.809972          3.9676         3.51729 
       0.816124         3.91054         3.45989 
       0.822261         3.85731         3.40393 
       0.828378         3.79157         3.34939 
       0.834502         3.74143         3.29601 
       0.840667         3.69783         3.24346 
       0.846816         3.63668         3.19222 
       0.852925         3.57784         3.14242 
       0.859047         3.53012          3.0936 
       0.865192         3.48232         3.04566 
       0.871341         3.43601         2.99873 
       0.877463         3.38018         2.95301 
       0.883569         3.33659         2.90838 
       0.889708         3.29831         2.86445 
       0.895864         3.25333         2.82132 
       0.902008         3.19879         2.77919 
       0.908149         3.16212         2.73795 
       0.914301         3.12777          2.6975 
       0.920448         3.08553          2.6579 
       0.926574         3.05771         2.61926 
       0.932687         3.00958         2.58147 
       0.938823         2.95816          2.5443 
       0.944975         2.93121         2.50778 
       0.951105         2.87853         2.47213 
       0.957225         2.84821         2.43723 
       0.963368         2.82123          2.4029 
       0.969511         2.78908         2.36923 
       0.975621         2.74675          2.3364 
       0.981748         2.69814         2.30412 
       0.987916         2.67172         2.27224 
        0.99406         2.65024          2.2411 
        1.00019         2.61468         2.21061 
        1.00632         2.59135         2.18072 
        1.01246          2.5541         2.15134 
        1.01859         2.52448         2.12256 
        1.02471         2.48369         2.09435 
        1.03085         2.45825         2.06656 
        1.03698         2.43503         2.03933 
        1.04314          2.4087         2.01249 
        1.04929         2.38311         1.98619 
        1.05541         2.34473         1.96048 
        1.06154         2.32699         1.93517 
        1.06769         2.30521         1.91026 
        1.07382         2.27321         1.88589 
        1.07993         2.24623         1.86199 
        1.08607         2.22498         1.83842 
        1.09222         2.19304         1.81523 
        1.09836         2.17906         1.79248 
        1.10449         2.14269         1.77015 
        1.11063          2.1218         1.74817 
        1.11677         2.10425         1.72658 
         1.1229          2.0722          1.7054 
        1.12903         2.05953         1.68456 
        1.13518         2.03045         1.66405 
        1.14131         2.01318          1.6439 
        1.14745         1.99333         1.62409 
        1.15359         1.97047         1.60462 
        1.15973         1.95114         1.58545 
        1.16584         1.92705         1.56669 
        1.17197         1.90587         1.54821 
        1.17811         1.88655         1.52997 
        1.18424         1.86718         1.51209 
        1.19038         1.84587         1.49444 
        1.19652         1.83493         1.47708 
        1.20267         1.81829            1.46 
        1.20881         1.79211         1.44319 
        1.21495         1.77784         1.42668 
        1.22108          1.7617         1.41043 
         1.2272         1.73682         1.39448 
        1.23334         1.72517         1.37874 
        1.23949         1.71077         1.36321 
        1.24562         1.69275         1.34796 
        1.25174          1.6762         1.33297 
        1.25789         1.65562         1.31816 
        1.26402         1.63968         1.30361 
        1.27014         1.62207         1.28931 
        1.27628         1.61113         1.27519 
        1.28244         1.59756         1.26125 
        1.28858         1.57781         1.24754 
        1.29471         1.56187         1.23407 
        1.30084         1.55007         1.22081 
        1.30697         1.53981         1.20773 
        1.31312         1.52374         1.19482 
        1.31925         1.50952         1.18215 
        1.32537         1.49678         1.16967 
        1.33151          1.4807         1.15733 
        1.33765         1.46826         1.14517 
        1.34378         1.45199         1.13322 
        1.34992         1.44486         1.12143 
        1.35606         1.42884         1.10978 
         1.3622          1.4174         1.09832 
        1.36833         1.40459         1.08705 
        1.37445         1.39249         1.07595 
        1.38059         1.37967         1.06496 
        1.38675         1.36772         1.05411 
        1.39288         1.35515         1.04345 
        1.39901         1.34453         1.03295 
        1.40515         1.33137         1.02257 
         1.4113         1.32559         1.01233 
        1.41742         1.30934         1.00228 
        1.42355          1.2951        0.992343 
         1.4297         1.29048        0.982514 
        1.43585         1.27569        0.972823 
        1.44198         1.26655        0.963301 
        1.44809         1.25481        0.953925 
        1.45423         1.24675         0.94464 
        1.46036         1.23575        0.935496 
        1.46649         1.22247        0.926472 
        1.47263         1.21398         0.91756 
        1.47877         1.20936        0.908769 
        1.48491         1.19169        0.900082 
        1.49104         1.18797        0.891527 
        1.49718         1.17431        0.883078 
        1.50333         1.16766        0.874725 
        1.50947         1.15964        0.866499 
         1.5156         1.14902        0.858391 
        1.52172         1.14104        0.850388 
        1.52787         1.12917        0.842472 
          1.534         1.12386        0.834667 
        1.54013           1.114        0.826969 
        1.54627         1.10457        0.819355 
        1.55241         1.09433        0.811837 
        1.55855         1.08754        0.804424 
        1.56467         1.07943        0.797125 
         1.5708         1.07011        0.789896 
        1.57695         1.06088        0.782746 
        1.58308         1.05064        0.775703 
        1.58922         1.04724        0.768741 
        1.59535         1.03632        0.761868 
         1.6015         1.02818         0.75507 
        1.60764         1.02195        0.748359 
        1.61376         1.01351        0.741749 
        1.61989         1.00685        0.735213 
        1.62604        0.997211        0.728743 
        1.63218        0.993332        0.722354 
        1.63831        0.983405        0.716058 
        1.64444         0.97678        0.709835 
        1.65059        0.969844        0.703672 
        1.65673        0.962473        0.697589 
        1.66285        0.956607        0.691595 
        1.66898        0.949783         0.68567 
        1.67512        0.940394        0.679804 
        1.68127        0.933011        0.674002 
         1.6874        0.929369         0.66828 
        1.69353        0.921855        0.662629 
        1.69967        0.915179         0.65703 
        1.70581         0.91011        0.651499 
        1.71193        0.903188        0.646053 
        1.71806        0.896945        0.640658 
        1.72421        0.890269        0.635314 
        1.73035        0.881441        0.630038 
        1.73649        0.880748        0.624823 
        1.74262         0.87059        0.619672 
        1.74876        0.866168        0.614576 
        1.75489        0.860882        0.609548 
        1.76101        0.852778        0.604579 
        1.76715        0.848266        0.599658 
        1.77329        0.842751        0.594786 
        1.77943        0.836472        0.589967 
        1.78557         0.83347        0.585208 
        1.79171        0.827208        0.580502 
        1.79785        0.820486        0.575846 
        1.80399        0.813442        0.571243 
        1.81012        0.809728        0.566697 
        1.81625        0.805205        0.562202 
        1.82239        0.799735         0.55775 
        1.82853        0.793979        0.553348 
        1.83466         0.78809        0.548999 
        1.84078        0.781906        0.544701 
        1.84692        0.778187        0.540442 
        1.85306        0.774069        0.536224 
         1.8592        0.767875        0.532058 
        1.86533        0.764439        0.527939 
        1.87147        0.756827        0.523859 
        1.87761        0.753274         0.51982 
        1.88375        0.748885        0.515829 
        1.88988        0.742989        0.511885 
        1.89601        0.737398         0.50798 
        1.90215        0.734513        0.504113 
        1.90829        0.728912        0.500288 
        1.91442        0.725092        0.496503 
        1.92056        0.722447         0.49276 
         1.9267        0.715868        0.489053 
        1.93284        0.710979        0.485381 
        1.93897        0.707857        0.481755 
        1.94509        0.704057        0.478173 
        1.95123        0.697857         0.47462 
        1.95737        0.693838        0.471099 
        1.96349        0.689504        0.467624 
        1.96964        0.685741        0.464174 
        1.97578         0.68055        0.460758 
        1.98192        0.677599        0.457383 
        1.98805        0.674118        0.454042 
        1.99419        0.670484        0.450734 
        2.00033        0.666077        0.447458 
        2.00647        0.661655        0.444215 
         2.0126        0.658219         0.44101 
        2.01874        0.654861        0.437832 
        2.02488        0.649999        0.434683 
        2.03101        0.646004        0.431571 
        2.03714        0.643746        0.428492 
        2.04328        0.638035         0.42544 
        2.04941        0.635434        0.422421 
        2.05554        0.631903        0.419433 
        2.06167        0.628146         0.41647 
        2.06781         0.62246        0.413536 
        2.07396        0.621231        0.410625 
        2.08009        0.616923        0.407748 
        2.08622        0.613781        0.404902 
        2.09237        0.609998        0.402078 
        2.09851        0.605653         0.39928 
        2.10464        0.603283        0.396514 
        2.11077        0.598624        0.393777 
        2.11691        0.596236         0.39106 
        2.12305        0.593152        0.388369 
        2.12918        0.589244         0.38571 
        2.13531        0.586809        0.383075 
        2.14145        0.582731         0.38046 
         2.1476         0.58037        0.377866 
        2.15372         0.57674        0.375309 
        2.15985        0.572948        0.372773 
        2.16599        0.570651        0.370254 
        2.17213        0.567417        0.367761 
        2.17827         0.56323        0.365291 
         2.1844        0.562017        0.362846 
        2.19054        0.558815        0.360424 
        2.19666         0.55567        0.358026 
         2.2028        0.551371        0.355649 
        2.20893         0.54953        0.353292 
        2.21508        0.546398        0.350954 
        2.22122        0.544384        0.348637 
        2.22736        0.539459        0.346345 
        2.23349        0.536391        0.344074 
        2.23962        0.534273        0.341823 
        2.24577        0.531765         0.33959 
         2.2519        0.529189         0.33738 
        2.25802        0.526644        0.335194 
        2.26417         0.52317        0.333021 
        2.27031        0.520704        0.330865 
        2.27644        0.519636        0.328735 
        2.28257        0.515439        0.326623 
        2.28872        0.513547        0.324527 
        2.29486        0.510037        0.322449 
        2.30099         0.50763        0.320394 
        2.30712        0.505129        0.318356 
        2.31326        0.502285        0.316332 
         2.3194        0.500726        0.314327 
        2.32553        0.497689        0.312343 
        2.33166         0.49543        0.310377 
         2.3378        0.492647        0.308426 
        2.34394        0.490083         0.30649 
        2.35007        0.487377        0.304574 
        2.35619        0.484285        0.302677 
        2.36233        0.482155        0.300792 
        2.36848        0.480416        0.298919 
        2.37462        0.478851        0.297065 
        2.38075        0.475765         0.29523 
        2.38689        0.473783        0.293408 
        2.39303        0.470854        0.291602 
        2.39916        0.468646        0.289814 
        2.40529        0.467427         0.28804 
        2.41143        0.463661        0.286281 
        2.41757        0.461923        0.284535 
         2.4237        0.459602        0.282807 
        2.42983        0.458268        0.281093 
        2.43598        0.455536         0.27939 
        2.44211        0.452127        0.277703 
        2.44823        0.451783        0.276034 
        2.45437        0.449307        0.274374 
        2.46052        0.447133        0.272727 
        2.46665        0.444535        0.271096 
        2.47279        0.442524        0.269479 
        2.47892        0.440921        0.267875 
        2.48507        0.438755        0.266281 
         2.4912        0.436917        0.264704 
        2.49733        0.434787        0.263141 
        2.50347         0.43364        0.261588 
        2.50961        0.429499        0.260047 
        2.51575        0.428297        0.258519 
        2.52188        0.425952        0.257006 
        2.52802        0.424912        0.255503 
        2.53416        0.422206        0.254012 
        2.54029        0.420612        0.252535 
        2.54641        0.419113        0.251071 
        2.55255        0.416997        0.249616 
        2.55869        0.414862        0.248171 
        2.56483        0.413398         0.24674 
        2.57096        0.411615        0.245322 
        2.57709         0.40898        0.243914 
        2.58323        0.407859        0.242516 
        2.58937        0.405944        0.241128 
        2.59551        0.404194        0.239753 
        2.60164        0.402884        0.238389 
        2.60778        0.400975        0.237034 
        2.61392        0.399397         0.23569 
        2.62006        0.397736        0.234357 
        2.62619        0.395062        0.233036 
        2.63232        0.394206        0.231725 
        2.63846        0.392253        0.230423 
        2.64459        0.390991        0.229132 
        2.65072        0.388672        0.227852 
        2.65686        0.387259         0.22658 
          2.663        0.385645        0.225317 
        2.66915        0.384503        0.224063 
        2.67527        0.382468        0.222822 
        2.68141        0.380095         0.22159 
        2.68755         0.37913        0.220366 
        2.69368        0.377848        0.219152 
        2.69981        0.376295        0.217949 
        2.70595        0.374634        0.216752 
        2.71209        0.373033        0.215564 
        2.71823        0.372148        0.214387 
        2.72436        0.370168        0.213219 
         2.7305        0.368521        0.212059 
        2.73663        0.366583        0.210908 
        2.74276        0.366042        0.209766 
         2.7489        0.363792        0.208632 
        2.75504        0.362751        0.207506 
        2.76118        0.360753        0.206387 
        2.76732         0.35943        0.205279 
        2.77345        0.357883        0.204178 
        2.77959        0.356486        0.203086 
        2.78572        0.355436        0.202002 
        2.79186        0.353766        0.200926 
        2.79798        0.352227        0.199859 
        2.80412         0.35151        0.198798 
        2.81027        0.350305        0.197744 
         2.8164        0.348357        0.196699 
        2.82253        0.347208        0.195662 
        2.82867        0.345912        0.194632 
        2.83481        0.344621         0.19361 
        2.84095         0.34315        0.192594 
        2.84708        0.342365        0.191588 
        2.85322        0.340838        0.190587 
        2.85935        0.339554        0.189594 
        2.86549        0.338159        0.188608 
        2.87162        0.336886        0.187629 
        2.87776        0.335456        0.186658 
        2.88389        0.333826        0.185693 
        2.89003        0.333137        0.184735 
        2.89617        0.332349        0.183784 
        2.90231        0.330717        0.182839 
        2.90844        0.329336        0.181901 
        2.91458         0.32847         0.18097 
        2.92071        0.327726        0.180047 
        2.92684        0.326331        0.179129 
        2.93298         0.32448        0.178218 
         2.9391         0.32368        0.177315 
        2.94524        0.322522        0.176416 
        2.95138        0.321692        0.175524 
        2.95752        0.320033        0.174636 
        2.96367        0.319119        0.173755 
         2.9698        0.317928        0.172882 
        2.97594        0.317018        0.172014 
        2.98207          0.3162        0.171152 
        2.98821        0.315015        0.170297 
        2.99434        0.313589        0.169447 
        3.00048        0.312632        0.168603 
        3.00662        0.311538        0.167764 
        3.01275         0.31042        0.166933 
        3.01888        0.309709        0.166106 
        3.02503        0.308074        0.165284 
        3.03117        0.307259        0.164469 
        3.03729        0.306511         0.16366 
        3.04342        0.305404        0.162856 
        3.04957        0.304325        0.162056 
         3.0557        0.304017        0.161263 
        3.06183        0.302219        0.160476 
        3.06796        0.301472        0.159694 
        3.07411        0.300475        0.158915 
        3.08025        0.299458        0.158143 
        3.08637        0.298544        0.157377 
         3.0925        0.297443        0.156615 
        3.09865        0.296915        0.155857 
         3.1048        0.296053        0.155104 
        3.11093        0.295058        0.154358 
        3.11706        0.293733        0.153617 
         3.1232        0.293059         0.15288 
        3.12933        0.292519        0.152148 
        3.13547        0.291299        0.151421 
        3.14159        0.290899          0.1507 
        3.14773        0.289774        0.149982 
        3.15388        0.288785        0.149268 
        3.16001        0.287528         0.14856 
        3.16614        0.287122        0.147857 
        3.17228        0.286611        0.147158 
        3.17842        0.285504        0.146464 
        3.18455        0.284632        0.145774 
        3.19068        0.284043        0.145089 
        3.19682        0.283086        0.144408 
        3.20297        0.282412        0.143731 
         3.2091        0.281263        0.143059 
        3.21524        0.280814        0.142391 
        3.22138         0.27975        0.141727 
         3.2275        0.278895        0.141069 
        3.23363        0.278071        0.140415 
        3.23977        0.277333        0.139764 
        3.24591         0.27748        0.139118 
        3.25205        0.276418        0.138475 
        3.25818        0.275626        0.137836 
        3.26432        0.274773        0.137202 
        3.27046        0.273964        0.136571 
         3.2766        0.273571        0.135945 
        3.28273        0.273503        0.135323 
        3.28887        0.272625        0.134705 
          3.295        0.271778         0.13409 
        3.30113        0.270742         0.13348 
        3.30727        0.270524        0.132873 
        3.31341        0.269983        0.132271 
        3.31954        0.268928        0.131672 
        3.32568        0.268916        0.131076 
        3.33182        0.267929        0.130484 
        3.33795        0.267862        0.129897 
        3.34409        0.267114        0.129312 
        3.35022        0.266058        0.128731 
        3.35636        0.265666        0.128154 
         3.3625        0.265848        0.127581 
        3.36864         0.26502         0.12701 
        3.37477        0.264463        0.126444 
        3.38091        0.263682        0.125881 
        3.38704        0.263338        0.125322 
        3.39318        0.263218        0.124766 
        3.39931        0.262519        0.124213 
        3.40545         0.26201        0.123664 
        3.41158        0.261764        0.123118 
        3.41772        0.261359        0.122576 
        3.42385        0.260724        0.122037 
        3.42998        0.260466        0.121501 
        3.43612        0.259968        0.120968 
        3.44226        0.259641        0.120439 
         3.4484        0.259237        0.119912 
        3.45453        0.259124        0.119389 
        3.46066         0.25869        0.118869 
        3.46681        0.258542        0.118352 
        3.47295        0.258275        0.117837 
        3.47908        0.257715        0.117327 
        3.48521        0.257374         0.11682 
        3.49135        0.257083        0.116315 
        3.49749        0.256756        0.115814 
        3.50362        0.256981        0.115315 
        3.50976        0.256284         0.11482 
        3.51589        0.256611        0.114327 
        3.52203        0.255584        0.113837 
        3.52816        0.255833        0.113351 
        3.53429        0.255287        0.112867 
        3.54043        0.255108        0.112385 
        3.54657        0.254994        0.111907 
        3.55271        0.255118        0.111431 
        3.55884        0.254957        0.110959 
        3.56498        0.254384        0.110489 
        3.57112        0.254155        0.110021 
        3.57725        0.254294        0.109557 
        3.58338        0.254384        0.109096 
        3.58952        0.253994        0.108637 
        3.59566        0.253882         0.10818 
         3.6018        0.254186        0.107726 
        3.60793        0.253765        0.107275 
        3.61407        0.253704        0.106827 
        3.62021        0.254037        0.106381 
        3.62634        0.253994        0.105937 
        3.63247        0.253906        0.105497 
        3.63861        0.253716        0.105059 
        3.64475        0.253943        0.104622 
        3.65089        0.254257        0.104189 
        3.65702        0.253873        0.103759 
        3.66316        0.254038         0.10333 
        3.66929        0.254263        0.102905 
        3.67543        0.254271        0.102481 
        3.68156        0.254175         0.10206 
        3.68769        0.254457        0.101642 
        3.69383        0.254992        0.101225 
        3.69997        0.254543        0.100811 
        3.70611        0.255017          0.1004 
        3.71224        0.254881       0.0999902 
        3.71838        0.255142       0.0995831 
        3.72451        0.255496       0.0991786 
        3.73065        0.255499       0.0987765 
        3.73678        0.255991       0.0983764 
        3.74292        0.255865       0.0979781 
        3.74906        0.256279       0.0975824 
        3.75519        0.256785       0.0971889 
        3.76133        0.256978       0.0967976 
        3.76746        0.257683       0.0964086 
         3.7736        0.257352       0.0960219 
        3.77974         0.25783       0.0956368 
        3.78588        0.257954       0.0952539 
        3.79201        0.258834       0.0948734 
        3.79814        0.258705       0.0944951 
        3.80428        0.259268       0.0941187 
        3.81042        0.259665       0.0937442 
        3.81655        0.259637       0.0933719 
        3.82268         0.26063        0.093002 
        3.82882        0.260931        0.092634 
        3.83496        0.261189       0.0922675 
        3.84109        0.261558       0.0919033 
        3.84723        0.262387       0.0915412 
        3.85337        0.262423       0.0911806 
        3.85951         0.26314       0.0908219 
        3.86565        0.263902       0.0904657 
        3.87178        0.264326       0.0901116 
        3.87791        0.264753       0.0897593 
        3.88405        0.265608       0.0894085 
        3.89019        0.266048       0.0890598 
        3.89632        0.266998        0.088713 
        3.90246        0.267508        0.088368 
         3.9086        0.267652       0.0880247 
        3.91473        0.268628       0.0876837 
        3.92086        0.269049       0.0873447 
        3.92699        0.269997       0.0870071 
        3.93313        0.271095        0.086671 
        3.93927         0.27147       0.0863371 
         3.9454        0.272256       0.0860049 
        3.95154        0.272905       0.0856742 
        3.95768        0.273899       0.0853453 
        3.96382        0.274375       0.0850182 
        3.96995        0.275581       0.0846929 
        3.97609        0.276302       0.0843693 
        3.98222        0.276639       0.0840477 
        3.98836        0.277945       0.0837275 
         3.9945        0.278686        0.083409 
        4.00063        0.279501       0.0830923 
        4.00677        0.280586       0.0827769 
        4.01291        0.281378       0.0824632 
        4.01904        0.282399       0.0821518 
        4.02517        0.283394       0.0818419 
        4.03131        0.284186       0.0815329 
        4.03745        0.285076       0.0812257 
        4.04358        0.286197       0.0809204 
        4.04972        0.287154       0.0806167 
        4.05585        0.288827       0.0803144 
        4.06199        0.289529       0.0800136 
        4.06812        0.290744       0.0797146 
        4.07426        0.291046        0.079417 
         4.0804        0.293128       0.0791207 
        4.08654        0.293865        0.078826 
        4.09267         0.29511       0.0785332 
         4.0988        0.296429        0.078242 
        4.10494        0.298281        0.077952 
        4.11108        0.298129       0.0776633 
        4.11721        0.300527       0.0773763 
        4.12334        0.301632       0.0770909 
        4.12948        0.302814       0.0768068 
        4.13561        0.304225        0.076524 
        4.14176        0.305182       0.0762425 
        4.14789        0.307028       0.0759625 
        4.15403         0.30873       0.0756842 
        4.16016        0.309733       0.0754071 
         4.1663        0.310748       0.0751315 
        4.17243        0.312498       0.0748574 
        4.17857        0.313695       0.0745845 
        4.18471        0.315229       0.0743129 
        4.19084        0.316754       0.0740428 
        4.19698        0.318372       0.0737741 
        4.20312        0.319622       0.0735066 
        4.20925        0.321057       0.0732406 
        4.21538        0.323304        0.072976 
        4.22152        0.324532       0.0727125 
        4.22766        0.326245       0.0724502 
         4.2338        0.327976       0.0721895 
        4.23993            0.33         0.07193 
        4.24607         0.33086       0.0716718 
         4.2522        0.333487       0.0714148 
        4.25834        0.335003       0.0711591 
        4.26447        0.336987       0.0709048 
        4.27061        0.337989       0.0706518 
        4.27674        0.340081       0.0703998 
        4.28288        0.341923        0.070149 
        4.28902         0.34347       0.0698995 
        4.29515        0.346246       0.0696515 
        4.30129         0.34703       0.0694044 
        4.30743        0.349745       0.0691585 
        4.31356         0.35183       0.0689139 
        4.31969        0.353629       0.0686707 
        4.32583        0.355902       0.0684286 
        4.33197         0.35743       0.0681873 
         4.3381         0.36002       0.0679474 
        4.34424        0.362294       0.0677088 
        4.35038        0.363609        0.067471 
        4.35652        0.366425       0.0672345 
        4.36265        0.368453       0.0669994 
        4.36878        0.369912       0.0667654 
        4.37492        0.373315       0.0665323 
        4.38106        0.375407       0.0663002 
        4.38719        0.378518       0.0660696 
        4.39333        0.379221       0.0658402 
        4.39946        0.382298       0.0656116 
         4.4056        0.384226       0.0653841 
        4.41173        0.387379       0.0651578 
        4.41786        0.389575       0.0649328 
          4.424        0.391001       0.0647086 
        4.43014        0.394805       0.0644852 
        4.43628        0.397349       0.0642629 
        4.44241        0.399372        0.064042 
        4.44855        0.402308        0.063822 
        4.45469        0.404574       0.0636028 
        4.46083         0.40694       0.0633851 
        4.46696        0.410359       0.0631684 
        4.47309        0.412382       0.0629524 
        4.47923        0.416137       0.0627375 
        4.48537        0.418233       0.0625238 
         4.4915         0.42072        0.062311 
        4.49764        0.423711       0.0620991 
        4.50378         0.42613       0.0618882 
        4.50991        0.429714       0.0616786 
        4.51604        0.431814       0.0614699 
        4.52218        0.434993       0.0612617 
        4.52832        0.438802       0.0610548 
        4.53445        0.440636        0.060849 
        4.54059        0.443925        0.060644 
        4.54673        0.447592       0.0604399 
        4.55286        0.450008       0.0602367 
          4.559        0.453237       0.0600346 
        4.56513        0.456299       0.0598335 
        4.57127        0.459778       0.0596332 
        4.57741        0.463887       0.0594338 
        4.58354        0.466172       0.0592354 
        4.58968         0.46932       0.0590379 
        4.59582        0.473316       0.0588411 
        4.60195        0.476113       0.0586454 
        4.60809        0.479915       0.0584507 
        4.61422        0.482306       0.0582568 
        4.62036        0.486757       0.0580638 
        4.62649        0.489536       0.0578716 
        4.63263        0.492696       0.0576803 
        4.63876        0.497529       0.0574899 
         4.6449        0.500575       0.0573003 
        4.65104        0.503614       0.0571116 
        4.65717        0.505969       0.0569239 
        4.66331        0.510817       0.0567369 
        4.66944        0.514874       0.0565507 
        4.67558         0.52026       0.0563656 
        4.68171        0.523171       0.0561811 
        4.68785        0.525532       0.0559973 
        4.69399        0.530395       0.0558145 
        4.70012        0.533909       0.0556328 
        4.70625        0.537344       0.0554516 
        4.71239        0.543758       0.0552712 
        4.71853        0.546188       0.0550917 
        4.72467        0.550144       0.0549129 
         4.7308        0.552848        0.054735 
        4.73694        0.558177       0.0545578 
        4.74308        0.560769       0.0543815 
        4.74922        0.567438       0.0542058 
        4.75535        0.571296       0.0540312 
        4.76148        0.574605       0.0538573 
        4.76762        0.579693       0.0536839 
        4.77376         0.58392       0.0535114 
        4.77989        0.588543       0.0533399 
        4.78602        0.592515        0.053169 
        4.79216        0.595984       0.0529987 
         4.7983        0.601286       0.0528293 
        4.80443        0.605105       0.0526608 
        4.81056        0.610795       0.0524929 
         4.8167        0.613966       0.0523256 
        4.82284         0.61955        0.052159 
        4.82898        0.623059       0.0519933 
        4.83511        0.629153       0.0518284 
        4.84125        0.632713        0.051664 
        4.84739        0.637321       0.0515004 
        4.85352        0.642986       0.0513377 
        4.85965        0.646494       0.0511756 
        4.86579        0.651634       0.0510141 
        4.87193        0.657407       0.0508533 
        4.87807        0.661719       0.0506933 
         4.8842        0.666515        0.050534 
        4.89034        0.669668       0.0503753 
        4.89647        0.674923       0.0502173 
        4.90261        0.683029       0.0500601 
        4.90874        0.686966       0.0499035 
        4.91488        0.691921       0.0497476 
        4.92102        0.695319       0.0495923 
        4.92715        0.701301       0.0494377 
        4.93329        0.707735       0.0492838 
        4.93942        0.713078       0.0491305 
        4.94556        0.717519       0.0489778 
         4.9517        0.722186       0.0488259 
        4.95783        0.729973       0.0486746 
        4.96397        0.733591       0.0485239 
        4.97011        0.737163       0.0483738 
        4.97624         0.74484       0.0482245 
        4.98238        0.750194       0.0480758 
        4.98851        0.757773       0.0479277 
        4.99465        0.761602       0.0477802 
        5.00078        0.768863       0.0476334 
        5.00691        0.773018       0.0474873 
        5.01305        0.777903       0.0473417 
        5.01919        0.784103       0.0471965 
        5.02533        0.789988       0.0470521 
        5.03146        0.796583       0.0469084 
         5.0376        0.800447       0.0467652 
        5.04374        0.810223       0.0466226 
        5.04987        0.814407       0.0464806 
        5.05601        0.820673       0.0463393 
        5.06215        0.825792       0.0461984 
        5.06829         0.83056       0.0460581 
        5.07442        0.839473       0.0459186 
        5.08055         0.84402       0.0457797 
        5.08668        0.847994       0.0456412 
        5.09282        0.854047       0.0455033 
        5.09896        0.861223       0.0453661 
        5.10509        0.867119       0.0452294 
        5.11123        0.874358       0.0450933 
        5.11736        0.879856       0.0449577 
         5.1235        0.885308       0.0448226 
        5.12964        0.892198       0.0446881 
        5.13577        0.897329       0.0445542 
        5.14191        0.903963       0.0444208 
        5.14804        0.911426       0.0442881 
        5.15418        0.920337       0.0441559 
        5.16032        0.924882       0.0440241 
        5.16645        0.928861       0.0438929 
        5.17259        0.937491       0.0437623 
        5.17872        0.942534       0.0436322 
        5.18486        0.950116       0.0435025 
          5.191        0.954926       0.0433735 
        5.19713        0.963261        0.043245 
        5.20327        0.968073       0.0431171 
        5.20941        0.976256       0.0429895 
        5.21555         0.98134       0.0428625 
        5.22168        0.989328       0.0427361 
        5.22781        0.995075       0.0426102 
        5.23395         1.00067       0.0424849 
        5.24009         1.00584       0.0423599 
        5.24622         1.01763       0.0422355 
        5.25236         1.02072       0.0421117 
         5.2585         1.03001       0.0419882 
        5.26463         1.03615       0.0418653 
        5.27077         1.04378       0.0417429 
         5.2769         1.04812       0.0416211 
        5.28304         1.05264       0.0414997 
        5.28917         1.06149       0.0413788 
         5.2953         1.06522       0.0412585 
        5.30144          1.0729       0.0411385 
        5.30757         1.08434        0.041019 
        5.31371         1.08944          0.0409 
        5.31985         1.09361       0.0407814 
        5.32599         1.10403       0.0406633 
        5.33213         1.10848       0.0405457 
        5.33826         1.11634       0.0404286 
         5.3444         1.12513        0.040312 
        5.35053         1.12456       0.0401958 
        5.35667         1.13749       0.0400801 
        5.36281          1.1437       0.0399648 
        5.36894         1.15039         0.03985 
        5.37507         1.16002       0.0397357 
        5.38121         1.16338       0.0396218 
        5.38735          1.1699       0.0395083 
        5.39348         1.18238       0.0393954 
        5.39961         1.18364       0.0392829 
        5.40575         1.19244       0.0391707 
        5.41189         1.20034        0.039059 
        5.41803         1.20818       0.0389478 
        5.42416         1.21105        0.038837 
         5.4303         1.22066       0.0387266 
        5.43644          1.2251       0.0386167 
        5.44257         1.23232       0.0385072 
        5.44871         1.24075       0.0383981 
        5.45484         1.24834       0.0382895 
        5.46098         1.25455       0.0381812 
        5.46712         1.25759       0.0380734 
        5.47325          1.2682        0.037966 
        5.47938         1.27662       0.0378592 
        5.48552         1.28304       0.0377527 
        5.49165           1.287       0.0376465 
        5.49779          1.2936       0.0375408 
        5.50393         1.30518       0.0374355 
        5.51006         1.31155       0.0373305 
         5.5162         1.31499        0.037226 
        5.52234         1.32546       0.0371219 
        5.52847         1.32679       0.0370182 
        5.53461         1.33349       0.0369148 
        5.54075         1.34544        0.036812 
        5.54688         1.35201       0.0367095 
        5.55302         1.35569       0.0366073 
        5.55915         1.36215       0.0365056 
        5.56529         1.36632       0.0364043 
        5.57143         1.37401       0.0363033 
        5.57756         1.38417       0.0362027 
         5.5837         1.39193       0.0361026 
        5.58983         1.39758       0.0360029 
        5.59597         1.40239       0.0359035 
         5.6021         1.41045       0.0358044 
        5.60824         1.41494       0.0357057 
        5.61438         1.42419       0.0356074 
        5.62051          1.4278       0.0355095 
        5.62665         1.43566        0.035412 
        5.63278          1.4417       0.0353148 
        5.63892         1.44788        0.035218 
        5.64505         1.45635       0.0351216 
        5.65119         1.46124       0.0350255 
        5.65733         1.46859       0.0349298 
        5.66346         1.47503       0.0348345 
         5.6696          1.4786       0.0347395 
        5.67573         1.49402       0.0346448 
        5.68187         1.48657       0.0345505 
          5.688         1.50107       0.0344566 
        5.69414         1.50315       0.0343631 
        5.70028         1.50732       0.0342698 
        5.70642         1.51967       0.0341769 
        5.71255         1.52563       0.0340843 
        5.71869         1.53013       0.0339922 
        5.72482         1.53932       0.0339003 
        5.73096         1.54352       0.0338088 
        5.73709         1.54848       0.0337177 
        5.74322         1.55138        0.033627 
        5.74936         1.56043       0.0335364 
         5.7555         1.56742       0.0334462 
        5.76164         1.57085       0.0333564 
        5.76777         1.57807        0.033267 
        5.77391         1.58369       0.0331778 
        5.78005         1.59264       0.0330889 
        5.78618         1.59681       0.0330004 
        5.79231         1.60227       0.0329123 
        5.79845         1.61103       0.0328244 
        5.80459         1.61718       0.0327368 
        5.81073         1.62422       0.0326497 
        5.81686         1.62949       0.0325628 
          5.823         1.62774       0.0324762 
        5.82914         1.64108       0.0323899 
        5.83527         1.64345       0.0323041 
         5.8414         1.64921       0.0322185 
        5.84754         1.65435       0.0321331 
        5.85368         1.66086       0.0320481 
        5.85981         1.65493       0.0319634 
        5.86595         1.66723       0.0318791 
        5.87208         1.67182        0.031795 
        5.87822         1.68354       0.0317113 
        5.88435         1.68364       0.0316278 
        5.89049         1.68518       0.0315447 
        5.89662         1.69463       0.0314618 
        5.90276         1.69601       0.0313792 
         5.9089         1.70797       0.0312969 
        5.91503         1.71247        0.031215 
        5.92117         1.71607       0.0311333 
        5.92731         1.72478       0.0310519 
        5.93344         1.72423       0.0309708 
        5.93958         1.73427         0.03089 
        5.94572         1.73671       0.0308095 
        5.95186         1.74274       0.0307292 
        5.95799          1.7506       0.0306494 
        5.96412         1.74862       0.0305698 
        5.97026         1.75721       0.0304904 
         5.9764         1.76304       0.0304113 
        5.98253         1.77192       0.0303326 
        5.98866         1.77065       0.0302541 
         5.9948         1.77759       0.0301758 
        6.00094         1.77891       0.0300979 
        6.00707         1.78793       0.0300202 
        6.01321         1.79086       0.0299428 
        6.01935         1.79784       0.0298656 
        6.02548          1.8006       0.0297888 
        6.03162         1.80671       0.0297122 
        6.03775         1.80938        0.029636 
        6.04389         1.81924       0.0295599 
        6.05003         1.81938       0.0294841 
        6.05617          1.8211       0.0294085 
         6.0623         1.83035       0.0293333 
        6.06844         1.83799       0.0292583 
        6.07457          1.8379       0.0291837 
         6.0807         1.84452       0.0291092 
        6.08684         1.85108       0.0290351 
        6.09298         1.85398       0.0289611 
        6.09912         1.85429       0.0288874 
        6.10525         1.85437        0.028814 
        6.11138         1.86217       0.0287409 
        6.11752         1.87258        0.028668 
        6.12366         1.87065       0.0285953 
        6.12979         1.87498       0.0285229 
        6.13593         1.88351       0.0284508 
        6.14207         1.88368       0.0283789 
         6.1482         1.88698       0.0283072 
        6.15434         1.89495       0.0282358 
        6.16047         1.89984       0.0281647 
        6.16661         1.89997       0.0280938 
        6.17274         1.91037       0.0280232 
        6.17887         1.91397       0.0279528 
        6.18501         1.91305       0.0278826 
        6.19115         1.91723       0.0278127 
        6.19729         1.92266       0.0277429 
        6.20342         1.92418       0.0276735 
        6.20956         1.93111       0.0276043 
         6.2157         1.93472       0.0275353 
        6.22183         1.93694       0.0274666 
        6.22797         1.94123       0.0273981 
         6.2341          1.9467       0.0273299 
        6.24024         1.94681       0.0272618 
        6.24638         1.95256        0.027194 
        6.25251         1.96022       0.0271265 
        6.25865          1.9584       0.0270591 
        6.26478         1.96473        0.026992 
        6.27092         1.96786       0.0269252 
        6.27705         1.97147       0.0268586 
        6.28318           1.938       0.0267922 
