# k  (h/Mpc)    P(k)  (Mpc/h)^3    P_linear(k)  (Mpc/h)^3
     0.00783031         15497.9         15706.3 
       0.013688         18336.8         18163.2 
       0.019231         17388.2         17324.8 
      0.0249154         14824.8         15090.5 
      0.0312784         12210.6         12292.7 
      0.0375637         10040.9            9989 
      0.0433917         8389.45         8475.81 
      0.0492413         7487.42         7491.77 
      0.0555754         6665.97         6823.98 
      0.0619321         6378.17         6328.73 
       0.067871         5742.13         5856.13 
      0.0738098         5210.67         5301.87 
      0.0800417          4543.8         4650.84 
      0.0862327         3989.34         4010.99 
      0.0921407         3545.29         3482.48 
      0.0982031         3112.63         3067.71 
       0.104506          2907.7         2776.83 
       0.110769         2705.73         2597.75 
       0.116806         2566.28         2481.98 
       0.122832         2455.17         2376.24 
       0.129052          2271.2         2243.69 
       0.135211         2123.37         2078.03 
       0.141259         1991.78         1892.91 
       0.147318         1837.99         1707.37 
       0.153489          1661.4         1540.61 
       0.159709         1557.02         1408.82 
       0.165845         1488.59         1316.16 
       0.171974         1411.93         1252.84 
       0.178125         1350.54         1205.65 
       0.184229         1295.35          1161.8 
        0.19034         1216.85          1111.4 
       0.196428          1184.1         1051.32 
       0.202534         1133.01          983.68 
       0.208729         1067.61         913.744 
       0.214876          1011.5         849.732 
       0.220989         970.901         795.895 
       0.227147         927.672         752.918 
        0.23329         889.472         719.731 
       0.239377         871.568         693.043 
       0.245482         813.981         668.623 
       0.251667          807.98         643.171 
       0.257832         775.121         615.583 
       0.263955         747.356         586.168 
       0.270079         716.954         556.158 
        0.27624         706.581         527.251 
       0.282372         677.589         501.232 
        0.28843         663.797         478.971 
       0.294538         629.449         459.808 
       0.300721         625.438         443.013 
        0.30691         598.269         427.685 
       0.313033         586.125         413.014 
       0.319153          569.59         398.187 
       0.325316         552.668         382.966 
        0.33145         536.603         367.744 
       0.337538         527.503         353.036 
       0.343633         511.766         339.134 
       0.349808         493.115         326.222 
       0.355968         488.921         314.542 
       0.362074         481.566         304.035 
       0.368217         467.394         294.248 
       0.374374         447.247         284.917 
       0.380519         445.504         275.866 
       0.386598         433.383         267.026 
       0.392688         430.471         258.306 
        0.39888         417.936         249.661 
       0.405048          409.49          241.38 
       0.411186         402.749         233.579 
       0.417313         394.591         226.271 
       0.423458         386.465         219.395 
       0.429607          380.48         212.923 
       0.435692          370.76         206.832 
       0.441815         367.239         200.928 
       0.447964         359.493         195.179 
       0.454126         351.417         189.579 
       0.460267         344.847         184.151 
       0.466387         340.516          178.92 
        0.47254          334.42         173.869 
       0.478662         333.143         169.065 
       0.484765         321.191         164.491 
       0.490885         318.212         160.112 
       0.497035         312.349         155.901 
       0.503198         307.886         151.844 
       0.509342         305.659         147.935 
       0.515458          301.75         144.165 
       0.521598         294.271         140.499 
       0.527764         290.291         136.934 
       0.533884         287.659         133.513 
           0.54         283.448         130.213 
       0.546137         282.107         127.021 
       0.552299         276.269         123.937 
       0.558452         274.771         120.971 
       0.564573         270.834         118.122 
       0.570708         265.349         115.359 
       0.576825         260.821         112.691 
       0.582926         258.535         110.111 
       0.589034         256.146         107.608 
       0.595184         253.883         105.165 
       0.601379         249.871          102.78 
       0.607522         246.354         100.489 
       0.613639         244.829         98.2793 
       0.619772         239.817         96.1333 
       0.625918         238.674         94.0504 
       0.632068         234.813         92.0304 
       0.638161         233.737         90.0889 
         0.6443         230.025         88.1897 
       0.650464         227.797         86.3377 
       0.656582         225.344         84.5514 
       0.662703         224.892         82.8149 
       0.668861         220.927         81.1175 
       0.675024         218.176         79.4672 
       0.681124         216.852         77.8805 
       0.687237         214.361          76.335 
       0.693381         211.038         74.8252 
       0.699536         209.344         73.3543 
       0.705665         207.488         71.9298 
       0.711789          205.76         70.5446 
       0.717957         204.908         69.1865 
        0.72409         202.474          67.872 
       0.730186         200.083         66.5997 
       0.736317         197.823         65.3535 
       0.742472         196.613         64.1349 
       0.748622         194.981         62.9489 
        0.75476         193.142          61.796 
       0.760888         190.991          60.674 
       0.767043          190.71         59.5759 
       0.773185         188.805         58.5076 
       0.779291         185.254         57.4718 
       0.785407         184.857         56.4599 
       0.791564         183.161         55.4663 
       0.797719         180.473         54.4972 
       0.803834          179.53         53.5576 
       0.809972         178.749          52.637 
       0.816124         177.971         51.7362 
       0.822261         176.305         50.8592 
       0.828378         174.443         50.0053 
       0.834502         173.764         49.1704 
       0.840667         171.578         48.3494 
       0.846816         170.137         47.5496 
       0.852925         169.482         46.7732 
       0.859047         167.923         46.0126 
       0.865192          166.02         45.2665 
       0.871341         164.755         44.5367 
       0.877463         163.618         43.8264 
       0.883569         163.267         43.1335 
       0.889708         161.374         42.4522 
       0.895864         159.791         41.7839 
       0.902008         158.859         41.1316 
       0.908149         158.411         40.4937 
       0.914301         156.307         39.8683 
       0.920448         155.376         39.2569 
       0.926574         154.312         38.6606 
       0.932687         154.308          38.078 
       0.938823          152.22         37.5054 
       0.944975         151.196         36.9434 
       0.951105         150.373          36.395 
       0.957225         149.214         35.8588 
       0.963368         147.205         35.3317 
       0.969511         146.915         34.8152 
       0.975621         145.678          34.312 
       0.981748         145.563         33.8175 
       0.987916         144.061         33.3297 
        0.99406         142.851         32.8534 
        1.00019         142.763         32.3875 
        1.00632         141.288         31.9311 
        1.01246         140.492         31.4829 
        1.01859         140.045         31.0441 
        1.02471         138.248         30.6143 
        1.03085         137.086         30.1912 
        1.03698         136.654         29.7771 
        1.04314         135.246          29.369 
        1.04929          134.77         28.9696 
        1.05541         134.226         28.5793 
        1.06154         133.219         28.1952 
        1.06769         133.007         27.8177 
        1.07382         131.713         27.4485 
        1.07993         130.808         27.0867 
        1.08607         130.107         26.7301 
        1.09222         129.645         26.3795 
        1.09836         128.559         26.0357 
        1.10449         127.278         25.6985 
        1.11063         126.504         25.3668 
        1.11677         126.037         25.0412 
         1.1229         125.133         24.7219 
        1.12903         124.654          24.408 
        1.13518         124.167         24.0992 
        1.14131         122.923          23.796 
        1.14745         122.634         23.4982 
        1.15359         121.721         23.2055 
        1.15973          121.13         22.9177 
        1.16584         119.984         22.6361 
        1.17197          119.48         22.3589 
        1.17811         118.859         22.0854 
        1.18424         118.395         21.8174 
        1.19038         118.088         21.5531 
        1.19652         117.119         21.2933 
        1.20267         116.365         21.0378 
        1.20881         115.669         20.7866 
        1.21495         114.867         20.5399 
        1.22108         114.376         20.2972 
         1.2272         113.395         20.0591 
        1.23334         113.036         19.8243 
        1.23949         112.405         19.5927 
        1.24562         111.693         19.3655 
        1.25174         111.121         19.1423 
        1.25789         110.535         18.9219 
        1.26402         109.402         18.7054 
        1.27014         108.998         18.4929 
        1.27628         108.693          18.283 
        1.28244         108.302          18.076 
        1.28858         107.753         17.8725 
        1.29471         106.711         17.6726 
        1.30084         106.628          17.476 
        1.30697         105.562         17.2821 
        1.31312         105.165         17.0908 
        1.31925         104.432         16.9031 
        1.32537         104.052         16.7184 
        1.33151         103.207         16.5358 
        1.33765         102.787         16.3561 
        1.34378         102.364         16.1794 
        1.34992         102.011         16.0052 
        1.35606         101.485         15.8332 
         1.3622         100.595          15.664 
        1.36833         100.145         15.4977 
        1.37445         99.6878          15.334 
        1.38059         98.9632         15.1721 
        1.38675         98.4032         15.0121 
        1.39288         98.2793         14.8551 
        1.39901         97.7404         14.7005 
        1.40515          96.999         14.5477 
         1.4113         96.5762         14.3972 
        1.41742         96.0774         14.2493 
        1.42355         95.5206         14.1033 
         1.4297         95.2316         13.9589 
        1.43585         94.4926         13.8166 
        1.44198         94.0435         13.6768 
        1.44809         93.6516         13.5393 
        1.45423         93.3181         13.4031 
        1.46036         92.8207         13.2691 
        1.46649         92.1373         13.1368 
        1.47263         91.5722         13.0063 
        1.47877         91.3664         12.8776 
        1.48491         90.6038         12.7504 
        1.49104         90.4906         12.6253 
        1.49718         89.9437         12.5017 
        1.50333         89.5017         12.3796 
        1.50947         89.0091         12.2594 
         1.5156           88.59          12.141 
        1.52172         88.1177         12.0242 
        1.52787         87.6804         11.9087 
          1.534         87.1268         11.7948 
        1.54013         86.7279         11.6825 
        1.54627         86.4516         11.5715 
        1.55241         85.8647          11.462 
        1.55855         85.4557          11.354 
        1.56467          85.261         11.2477 
         1.5708         84.5934         11.1425 
        1.57695         84.5398         11.0384 
        1.58308         83.8694          10.936 
        1.58922         83.6297         10.8347 
        1.59535         83.2317         10.7348 
         1.6015         82.6736         10.6361 
        1.60764         82.3304         10.5386 
        1.61376          82.067         10.4426 
        1.61989         81.5752         10.3477 
        1.62604         81.2351         10.2538 
        1.63218         80.9918         10.1612 
        1.63831         80.1044         10.0699 
        1.64444         79.9033         9.97965 
        1.65059         79.6051         9.89034 
        1.65673         79.0067         9.80223 
        1.66285         78.7587         9.71543 
        1.66898         78.5024         9.62967 
        1.67512         77.8784         9.54478 
        1.68127         77.7176         9.46083 
         1.6874          77.146         9.37809 
        1.69353         76.8091         9.29639 
        1.69967         76.5088         9.21548 
        1.70581         76.2261         9.13557 
        1.71193         75.8564         9.05691 
        1.71806          75.478         8.97902 
        1.72421         75.0488         8.90189 
        1.73035         74.7388         8.82576 
        1.73649         74.4476         8.75054 
        1.74262         73.9504         8.67626 
        1.74876         73.7276          8.6028 
        1.75489         73.2132         8.53034 
        1.76101         72.9812         8.45874 
        1.76715         72.4602         8.38787 
        1.77329         72.2679         8.31773 
        1.77943         71.8245         8.24836 
        1.78557         71.7021         8.17989 
        1.79171         71.0582         8.11219 
        1.79785         70.7305         8.04524 
        1.80399         70.5597         7.97906 
        1.81012          70.324         7.91372 
        1.81625         69.9024         7.84914 
        1.82239         69.6045         7.78519 
        1.82853         69.3188         7.72198 
        1.83466         69.0112         7.65954 
        1.84078         68.5626         7.59785 
        1.84692         68.3042         7.53675 
        1.85306          67.955         7.47625 
         1.8592         67.7188         7.41651 
        1.86533         67.3178         7.35746 
        1.87147         66.8603         7.29898 
        1.87761         66.7473         7.24112 
        1.88375         66.4351         7.18396 
        1.88988         66.0247         7.12748 
        1.89601         65.7703         7.07157 
        1.90215         65.3449         7.01623 
        1.90829         65.0719          6.9615 
        1.91442         64.8581         6.90736 
        1.92056         64.4816         6.85384 
         1.9267         64.2499         6.80083 
        1.93284         63.8575         6.74836 
        1.93897         63.6208         6.69654 
        1.94509         63.4236         6.64538 
        1.95123         63.0311         6.59463 
        1.95737          62.711         6.54437 
        1.96349         62.3646         6.49477 
        1.96964         62.1382         6.44554 
        1.97578         61.8192          6.3968 
        1.98192         61.7794         6.34866 
        1.98805          61.252         6.30102 
        1.99419         61.0073         6.25386 
        2.00033          60.811         6.20717 
        2.00647         60.4858         6.16097 
         2.0126         60.1161         6.11531 
        2.01874         59.7819         6.07006 
        2.02488         59.6462         6.02522 
        2.03101         59.3503         5.98092 
        2.03714         59.0042         5.93711 
        2.04328         58.7796         5.89368 
        2.04941         58.5408         5.85073 
        2.05554         58.3586         5.80825 
        2.06167         58.0748         5.76612 
        2.06781          57.664         5.72441 
        2.07396         57.4326         5.68305 
        2.08009         57.2773         5.64218 
        2.08622         56.9154         5.60175 
        2.09237         56.6972         5.56164 
        2.09851          56.552         5.52192 
        2.10464         56.1608         5.48265 
        2.11077         55.9178         5.44381 
        2.11691          55.621         5.40527 
        2.12305         55.4352         5.36709 
        2.12918          55.228         5.32938 
        2.13531         54.8166         5.29203 
        2.14145         54.6263         5.25495 
         2.1476         54.3587         5.21818 
        2.15372         54.1617         5.18196 
        2.15985         53.9468         5.14604 
        2.16599         53.6633         5.11036 
        2.17213         53.4881         5.07505 
        2.17827          53.189         5.04009 
         2.1844          52.901          5.0055 
        2.19054         52.6783         4.97121 
        2.19666         52.4397          4.9373 
         2.2028         52.3613         4.90367 
        2.20893         52.0346         4.87034 
        2.21508         51.8247         4.83729 
        2.22122         51.6108         4.80453 
        2.22736         51.3355         4.77214 
        2.23349         51.1032         4.74006 
        2.23962         50.8048         4.70826 
        2.24577         50.5494         4.67673 
         2.2519         50.3619         4.64553 
        2.25802         50.2354         4.61466 
        2.26417         49.8881         4.58399 
        2.27031         49.7071         4.55357 
        2.27644         49.5294         4.52351 
        2.28257         49.2618         4.49373 
        2.28872         48.9694         4.46416 
        2.29486          48.806         4.43487 
        2.30099         48.6294          4.4059 
        2.30712         48.4291         4.37717 
        2.31326         48.1324         4.34865 
         2.3194         47.8905         4.32041 
        2.32553         47.6911         4.29246 
        2.33166         47.4065         4.26478 
         2.3378         47.2564          4.2373 
        2.34394           47.06         4.21005 
        2.35007         46.8686         4.18309 
        2.35619         46.6195         4.15639 
        2.36233         46.4139         4.12987 
        2.36848         46.2804         4.10352 
        2.37462         45.9996         4.07746 
        2.38075         45.9011         4.05165 
        2.38689         45.6742         4.02604 
        2.39303           45.41         4.00066 
        2.39916         45.2029         3.97552 
        2.40529           45.08          3.9506 
        2.41143         44.8789         3.92588 
        2.41757         44.6413         3.90136 
         2.4237         44.4496          3.8771 
        2.42983         44.2436         3.85304 
        2.43598         44.0714         3.82912 
        2.44211         43.8765         3.80545 
        2.44823         43.6888         3.78203 
        2.45437         43.4475         3.75875 
        2.46052         43.2687         3.73564 
        2.46665         43.1181         3.71277 
        2.47279         42.8434         3.69009 
        2.47892         42.7309          3.6676 
        2.48507         42.5127         3.64527 
         2.4912         42.3985         3.62316 
        2.49733         42.1613         3.60126 
        2.50347         41.9134         3.57949 
        2.50961         41.8082         3.55791 
        2.51575         41.6398         3.53652 
        2.52188          41.383         3.51533 
        2.52802          41.296         3.49429 
        2.53416         41.1112         3.47341 
        2.54029         40.9116         3.45274 
        2.54641         40.7421         3.43225 
        2.55255         40.6214         3.41191 
        2.55869          40.348         3.39169 
        2.56483         40.2506         3.37167 
        2.57096         39.9974         3.35184 
        2.57709         39.7609         3.33216 
        2.58323         39.7099         3.31261 
        2.58937         39.4821         3.29322 
        2.59551         39.2876           3.274 
        2.60164         39.1741         3.25494 
        2.60778          38.913         3.23602 
        2.61392         38.8655         3.21725 
        2.62006         38.6528         3.19864 
        2.62619         38.4789         3.18019 
        2.63232         38.3261         3.16189 
        2.63846         38.1095         3.14371 
        2.64459         37.9563          3.1257 
        2.65072         37.7821         3.10783 
        2.65686         37.6111         3.09009 
          2.663         37.4746         3.07247 
        2.66915          37.373         3.05498 
        2.67527          37.116         3.03768 
        2.68141         36.9682         3.02049 
        2.68755         36.8676         3.00343 
        2.69368         36.6296         2.98651 
        2.69981         36.5211         2.96974 
        2.70595         36.3623         2.95307 
        2.71209         36.2765         2.93652 
        2.71823         36.0388         2.92012 
        2.72436         35.9308         2.90385 
         2.7305         35.7021          2.8877 
        2.73663         35.5269         2.87167 
        2.74276         35.4357         2.85578 
         2.7489         35.2521            2.84 
        2.75504         35.1192         2.82432 
        2.76118         35.0189         2.80876 
        2.76732         34.8585         2.79333 
        2.77345         34.6946         2.77803 
        2.77959         34.5154         2.76283 
        2.78572         34.4176         2.74776 
        2.79186         34.2526          2.7328 
        2.79798         34.1077         2.71797 
        2.80412         33.9149         2.70322 
        2.81027         33.8291         2.68856 
         2.8164         33.7289         2.67405 
        2.82253         33.4863         2.65964 
        2.82867          33.401         2.64533 
        2.83481         33.2126         2.63113 
        2.84095         33.0838         2.61703 
        2.84708         32.9151         2.60305 
        2.85322         32.7533         2.58915 
        2.85935         32.7022         2.57536 
        2.86549         32.5309         2.56168 
        2.87162           32.39          2.5481 
        2.87776         32.2468         2.53462 
        2.88389         32.0968         2.52123 
        2.89003         31.9793         2.50795 
        2.89617         31.8506         2.49475 
        2.90231         31.7397         2.48165 
        2.90844          31.605         2.46865 
        2.91458         31.4819         2.45574 
        2.92071         31.3226         2.44294 
        2.92684         31.1838         2.43022 
        2.93298         31.0036         2.41759 
         2.9391         30.9323         2.40507 
        2.94524         30.8144         2.39262 
        2.95138         30.6448         2.38026 
        2.95752         30.5073         2.36797 
        2.96367         30.4201         2.35577 
         2.9698         30.2556         2.34367 
        2.97594         30.1624         2.33165 
        2.98207         30.0045         2.31972 
        2.98821         29.9244         2.30788 
        2.99434           29.78         2.29612 
        3.00048         29.6382         2.28444 
        3.00662         29.5319         2.27284 
        3.01275         29.4573         2.26133 
        3.01888         29.2751          2.2499 
        3.02503          29.144         2.23853 
        3.03117          29.031         2.22725 
        3.03729         28.9101         2.21607 
        3.04342         28.8503         2.20496 
        3.04957         28.6684          2.1939 
         3.0557         28.5876         2.18293 
        3.06183         28.4725         2.17206 
        3.06796         28.3354         2.16125 
        3.07411         28.2323         2.15049 
        3.08025         28.1068         2.13982 
        3.08637         27.9868         2.12924 
         3.0925         27.8433         2.11872 
        3.09865         27.7688         2.10825 
         3.1048         27.6697         2.09786 
        3.11093         27.5085         2.08756 
        3.11706          27.398         2.07732 
         3.1232         27.3658         2.06715 
        3.12933         27.1987         2.05705 
        3.13547          27.062         2.04702 
        3.14159         26.9463         2.03707 
        3.14773         26.8152         2.02716 
        3.15388         26.7457         2.01731 
        3.16001         26.6279         2.00755 
        3.16614         26.5562         1.99786 
        3.17228         26.4149         1.98822 
        3.17842         26.3201         1.97864 
        3.18455         26.2171         1.96914 
        3.19068         26.0787          1.9597 
        3.19682         25.9552         1.95031 
        3.20297         25.8785         1.94097 
         3.2091         25.7616         1.93171 
        3.21524         25.6731         1.92251 
        3.22138         25.5696         1.91337 
         3.2275         25.4304          1.9043 
        3.23363         25.3871         1.89529 
        3.23977         25.2525         1.88633 
        3.24591         25.1677         1.87743 
        3.25205         25.0889         1.86857 
        3.25818         24.9688         1.85978 
        3.26432         24.8407         1.85105 
        3.27046         24.7513         1.84238 
         3.2766         24.6502         1.83376 
        3.28273         24.5717          1.8252 
        3.28887         24.4921         1.81669 
          3.295         24.3496         1.80824 
        3.30113         24.2583         1.79984 
        3.30727         24.1731          1.7915 
        3.31341         24.0493         1.78321 
        3.31954         23.9825         1.77497 
        3.32568         23.9051         1.76678 
        3.33182         23.7916         1.75865 
        3.33795         23.6972         1.75057 
        3.34409         23.6165         1.74254 
        3.35022         23.4953         1.73455 
        3.35636          23.379         1.72663 
         3.3625         23.2983         1.71874 
        3.36864         23.1949         1.71091 
        3.37477         23.1094         1.70313 
        3.38091         23.0442          1.6954 
        3.38704          22.953         1.68772 
        3.39318         22.8224         1.68008 
        3.39931         22.7671         1.67249 
        3.40545          22.679         1.66495 
        3.41158         22.5633         1.65746 
        3.41772         22.4699         1.65001 
        3.42385         22.4065         1.64262 
        3.42998         22.3209         1.63526 
        3.43612         22.2299         1.62796 
        3.44226         22.1155         1.62069 
         3.4484         22.0441         1.61346 
        3.45453         21.9598         1.60629 
        3.46066         21.8533         1.59916 
        3.46681         21.7831         1.59206 
        3.47295         21.7122         1.58501 
        3.47908         21.6163         1.57802 
        3.48521         21.5392         1.57106 
        3.49135         21.4431         1.56414 
        3.49749         21.3854         1.55726 
        3.50362          21.298         1.55043 
        3.50976         21.1603         1.54364 
        3.51589         21.0931         1.53689 
        3.52203         21.0267         1.53018 
        3.52816         20.9397         1.52351 
        3.53429         20.8832         1.51689 
        3.54043         20.7827         1.51029 
        3.54657         20.6947         1.50373 
        3.55271         20.6318         1.49722 
        3.55884         20.5642         1.49076 
        3.56498         20.4838         1.48432 
        3.57112         20.3838         1.47792 
        3.57725         20.3233         1.47156 
        3.58338         20.2451         1.46525 
        3.58952         20.1666         1.45896 
        3.59566         20.0917         1.45271 
         3.6018         19.9983          1.4465 
        3.60793         19.9372         1.44033 
        3.61407          19.846          1.4342 
        3.62021         19.7665         1.42809 
        3.62634         19.6758         1.42203 
        3.63247         19.6094           1.416 
        3.63861         19.5502         1.41001 
        3.64475         19.4843         1.40405 
        3.65089         19.3962         1.39812 
        3.65702         19.3108         1.39224 
        3.66316         19.2198         1.38638 
        3.66929         19.1714         1.38056 
        3.67543         19.0946         1.37477 
        3.68156         19.0053         1.36902 
        3.68769         18.9424          1.3633 
        3.69383         18.8843         1.35761 
        3.69997         18.8199         1.35195 
        3.70611         18.7371         1.34633 
        3.71224         18.6603         1.34074 
        3.71838         18.6101         1.33518 
        3.72451         18.5093         1.32965 
        3.73065         18.4464         1.32416 
        3.73678         18.3669          1.3187 
        3.74292         18.3287         1.31326 
        3.74906         18.2424         1.30786 
        3.75519         18.1709         1.30249 
        3.76133          18.087         1.29715 
        3.76746         18.0277         1.29184 
         3.7736         17.9812         1.28656 
        3.77974          17.907          1.2813 
        3.78588         17.8313         1.27608 
        3.79201         17.7749         1.27089 
        3.79814         17.6822         1.26573 
        3.80428         17.6342         1.26059 
        3.81042         17.5577         1.25548 
        3.81655         17.5081         1.25041 
        3.82268         17.4319         1.24536 
        3.82882         17.3595         1.24034 
        3.83496         17.3057         1.23535 
        3.84109         17.2291         1.23038 
        3.84723         17.1961         1.22544 
        3.85337         17.1146         1.22053 
        3.85951         17.0467         1.21564 
        3.86565         16.9653         1.21078 
        3.87178         16.9224         1.20596 
        3.87791         16.8535         1.20116 
        3.88405         16.7972         1.19638 
        3.89019         16.7259         1.19163 
        3.89632         16.6583         1.18691 
        3.90246         16.6223          1.1822 
         3.9086         16.5421         1.17753 
        3.91473         16.4938         1.17288 
        3.92086         16.4185         1.16827 
        3.92699         16.3613         1.16367 
        3.93313         16.3102          1.1591 
        3.93927         16.2404         1.15455 
         3.9454         16.1588         1.15003 
        3.95154         16.1267         1.14552 
        3.95768         16.0546         1.14105 
        3.96382         16.0051          1.1366 
        3.96995         15.9413         1.13217 
        3.97609         15.8823         1.12777 
        3.98222         15.8274         1.12339 
        3.98836         15.7706         1.11903 
         3.9945         15.7007          1.1147 
        4.00063         15.6411         1.11039 
        4.00677            15.6          1.1061 
        4.01291         15.5215         1.10184 
        4.01904          15.476          1.0976 
        4.02517         15.4248         1.09339 
        4.03131          15.367         1.08919 
        4.03745         15.3023         1.08501 
        4.04358         15.2349         1.08086 
        4.04972         15.1937         1.07673 
        4.05585         15.1436         1.07262 
        4.06199         15.1027         1.06853 
        4.06812         15.0421         1.06447 
        4.07426         14.9862         1.06042 
         4.0804          14.931          1.0564 
        4.08654         14.8694         1.05239 
        4.09267         14.8066         1.04842 
         4.0988         14.7757         1.04446 
        4.10494         14.7047         1.04052 
        4.11108          14.661          1.0366 
        4.11721         14.5973          1.0327 
        4.12334         14.5348         1.02882 
        4.12948         14.4951         1.02497 
        4.13561         14.4545         1.02113 
        4.14176         14.3897          1.0173 
        4.14789         14.3358          1.0135 
        4.15403         14.2858         1.00973 
        4.16016         14.2341         1.00596 
         4.1663         14.1928         1.00222 
        4.17243          14.154        0.998505 
        4.17857         14.0728        0.994801 
        4.18471         14.0306        0.991116 
        4.19084         13.9812         0.98745 
        4.19698         13.9257        0.983805 
        4.20312         13.8964        0.980175 
        4.20925         13.8222        0.976566 
        4.21538         13.7957        0.972978 
        4.22152         13.7319        0.969403 
        4.22766         13.7028        0.965846 
         4.2338         13.6362        0.962311 
        4.23993         13.5862        0.958792 
        4.24607         13.5415        0.955291 
         4.2522         13.4953        0.951806 
        4.25834         13.4555         0.94834 
        4.26447         13.3908        0.944893 
        4.27061         13.3549        0.941463 
        4.27674         13.3223        0.938048 
        4.28288         13.2634        0.934648 
        4.28902         13.2233        0.931267 
        4.29515         13.1692        0.927906 
        4.30129         13.1282        0.924558 
        4.30743         13.0582        0.921226 
        4.31356         13.0257        0.917912 
        4.31969         12.9813        0.914618 
        4.32583         12.9443        0.911339 
        4.33197         12.9093         0.90807 
         4.3381         12.8521        0.904821 
        4.34424         12.8165        0.901589 
        4.35038         12.7485        0.898369 
        4.35652         12.7153        0.895167 
        4.36265         12.6805        0.891984 
        4.36878         12.6273        0.888815 
        4.37492         12.5798        0.885659 
        4.38106         12.5543        0.882517 
        4.38719         12.5104        0.879396 
        4.39333         12.4808        0.876291 
        4.39946         12.4168        0.873197 
         4.4056         12.3837        0.870119 
        4.41173         12.3398        0.867056 
        4.41786         12.2836        0.864011 
          4.424         12.2412        0.860978 
        4.43014         12.1982        0.857955 
        4.43628         12.1665        0.854949 
        4.44241         12.1235         0.85196 
        4.44855         12.0797        0.848984 
        4.45469         12.0337         0.84602 
        4.46083         11.9925        0.843075 
        4.46696         11.9592        0.840145 
        4.47309         11.9169        0.837225 
        4.47923         11.8758        0.834318 
        4.48537         11.8363        0.831429 
         4.4915         11.7989        0.828552 
        4.49764         11.7665        0.825688 
        4.50378         11.7093        0.822836 
        4.50991         11.6702        0.820003 
        4.51604         11.6274        0.817182 
        4.52218          11.597        0.814369 
        4.52832         11.5643        0.811573 
        4.53445         11.5223        0.808792 
        4.54059         11.4894        0.806022 
        4.54673         11.4312        0.803264 
        4.55286         11.4081         0.80052 
          4.559          11.367        0.797789 
        4.56513         11.3321        0.795073 
        4.57127         11.2931        0.792367 
        4.57741           11.26        0.789673 
        4.58354         11.2118        0.786993 
        4.58968         11.1854        0.784326 
        4.59582         11.1429        0.781669 
        4.60195            11.1        0.779027 
        4.60809         11.0695        0.776398 
        4.61422         11.0333         0.77378 
        4.62036         11.0011        0.771175 
        4.62649         10.9642         0.76858 
        4.63263         10.9361        0.765998 
        4.63876         10.8887        0.763428 
         4.6449         10.8664        0.760869 
        4.65104         10.8134        0.758322 
        4.65717          10.789        0.755789 
        4.66331         10.7463        0.753266 
        4.66944         10.7175        0.750754 
        4.67558         10.6898        0.748256 
        4.68171         10.6417        0.745767 
        4.68785         10.6123        0.743288 
        4.69399         10.5779        0.740822 
        4.70012         10.5346        0.738371 
        4.70625         10.5041        0.735928 
        4.71239          10.486        0.733494 
        4.71853         10.4423        0.731073 
        4.72467         10.4027        0.728662 
         4.7308         10.3616        0.726263 
        4.73694          10.339        0.723875 
        4.74308          10.298        0.721497 
        4.74922         10.2817        0.719129 
        4.75535         10.2387        0.716774 
        4.76148         10.2019        0.714431 
        4.76762         10.1785        0.712094 
        4.77376         10.1513        0.709769 
        4.77989         10.1246        0.707457 
        4.78602         10.0744        0.705154 
        4.79216          10.041         0.70286 
         4.7983         10.0199        0.700577 
        4.80443         9.98404        0.698306 
        4.81056          9.9543        0.696044 
         4.8167         9.92991         0.69379 
        4.82284         9.89421        0.691546 
        4.82898         9.85983        0.689315 
        4.83511         9.83513        0.687093 
        4.84125         9.80308        0.684879 
        4.84739          9.7663        0.682676 
        4.85352         9.73695        0.680485 
        4.85965         9.71604        0.678301 
        4.86579         9.68528        0.676127 
        4.87193          9.6545        0.673962 
        4.87807         9.62729        0.671808 
         4.8842         9.58843        0.669663 
        4.89034         9.56307        0.667527 
        4.89647         9.53492          0.6654 
        4.90261         9.50517        0.663283 
        4.90874         9.47511        0.661177 
        4.91488         9.44861        0.659079 
        4.92102         9.41296        0.656988 
        4.92715         9.38167        0.654908 
        4.93329         9.36449        0.652837 
        4.93942         9.33233        0.650774 
        4.94556         9.31001         0.64872 
         4.9517         9.28433        0.646676 
        4.95783         9.25019         0.64464 
        4.96397         9.21812        0.642613 
        4.97011         9.19319        0.640595 
        4.97624         9.16908        0.638586 
        4.98238         9.13725        0.636586 
        4.98851         9.11088        0.634595 
        4.99465          9.0895        0.632611 
        5.00078         9.06441        0.630637 
        5.00691         9.02451        0.628672 
        5.01305         9.00491        0.626714 
        5.01919         8.98206        0.624763 
        5.02533         8.94604        0.622821 
        5.03146         8.92698        0.620889 
         5.0376         8.89324        0.618965 
        5.04374          8.8733        0.617047 
        5.04987         8.84581        0.615139 
        5.05601         8.82578        0.613239 
        5.06215         8.79028        0.611346 
        5.06829         8.76272        0.609461 
        5.07442         8.74283        0.607586 
        5.08055         8.71728         0.60572 
        5.08668         8.68997        0.603859 
        5.09282         8.67277        0.602006 
        5.09896         8.63868        0.600162 
        5.10509         8.61991        0.598327 
        5.11123         8.58452        0.596498 
        5.11736         8.56482        0.594676 
         5.1235         8.54149        0.592862 
        5.12964           8.523        0.591056 
        5.13577         8.49622        0.589257 
        5.14191          8.4732        0.587466 
        5.14804         8.44974        0.585684 
        5.15418         8.42373        0.583908 
        5.16032         8.40788        0.582139 
        5.16645         8.38159        0.580377 
        5.17259         8.36028        0.578624 
        5.17872         8.33966        0.576877 
        5.18486         8.30854        0.575137 
          5.191         8.27933        0.573404 
        5.19713         8.27066        0.571681 
        5.20327          8.2473        0.569963 
        5.20941         8.22504        0.568251 
        5.21555         8.20165        0.566546 
        5.22168         8.17256         0.56485 
        5.22781         8.15557        0.563162 
        5.23395         8.13637        0.561479 
        5.24009         8.11313        0.559803 
        5.24622         8.08489        0.558134 
        5.25236         8.06645        0.556473 
         5.2585         8.04076        0.554816 
        5.26463          8.0212        0.553168 
        5.27077         8.00057        0.551526 
         5.2769         7.98353        0.549892 
        5.28304         7.95631        0.548264 
        5.28917         7.94339        0.546643 
         5.2953         7.92342        0.545029 
        5.30144         7.89364         0.54342 
        5.30757         7.87691        0.541818 
        5.31371         7.85019        0.540222 
        5.31985         7.83452        0.538632 
        5.32599         7.81893        0.537049 
        5.33213         7.79715        0.535472 
        5.33826         7.77425        0.533902 
         5.3444         7.75054        0.532339 
        5.35053         7.74456        0.530782 
        5.35667         7.72067        0.529231 
        5.36281         7.69899        0.527685 
        5.36894         7.67141        0.526147 
        5.37507         7.65232        0.524615 
        5.38121         7.63885        0.523088 
        5.38735         7.61776        0.521568 
        5.39348         7.59127        0.520055 
        5.39961         7.58233        0.518548 
        5.40575         7.56475        0.517045 
        5.41189         7.54282        0.515548 
        5.41803         7.52743        0.514058 
        5.42416         7.50261        0.512574 
         5.4303         7.48935        0.511095 
        5.43644         7.46869        0.509623 
        5.44257          7.4553        0.508157 
        5.44871           7.435        0.506696 
        5.45484         7.41448        0.505241 
        5.46098         7.39516        0.503791 
        5.46712         7.38299        0.502347 
        5.47325         7.36444         0.50091 
        5.47938         7.34195        0.499479 
        5.48552         7.32326        0.498053 
        5.49165         7.32105        0.496632 
        5.49779         7.29665        0.495217 
        5.50393         7.27489        0.493806 
        5.51006         7.26682        0.492401 
         5.5162         7.24547        0.491002 
        5.52234         7.22351        0.489609 
        5.52847         7.21564        0.488221 
        5.53461         7.19295        0.486838 
        5.54075         7.17712        0.485461 
        5.54688           7.158         0.48409 
        5.55302         7.14849        0.482723 
        5.55915         7.13074        0.481362 
        5.56529         7.11499        0.480007 
        5.57143         7.09911        0.478656 
        5.57756         7.08327         0.47731 
         5.5837         7.06424         0.47597 
        5.58983         7.05578        0.474636 
        5.59597         7.03593        0.473306 
         5.6021         7.02334        0.471981 
        5.60824         7.00778        0.470661 
        5.61438         6.99929        0.469347 
        5.62051         6.98277        0.468037 
        5.62665         6.96704        0.466733 
        5.63278         6.94968        0.465434 
        5.63892         6.93462        0.464139 
        5.64505         6.91943         0.46285 
        5.65119          6.9112        0.461565 
        5.65733          6.8947        0.460286 
        5.66346         6.87585        0.459011 
         5.6696         6.86826        0.457741 
        5.67573         6.85412        0.456476 
        5.68187         6.83734        0.455216 
          5.688         6.82295         0.45396 
        5.69414           6.817         0.45271 
        5.70028         6.79731        0.451463 
        5.70642          6.7813        0.450221 
        5.71255         6.77599        0.448985 
        5.71869         6.75972        0.447753 
        5.72482         6.75136        0.446526 
        5.73096         6.73227        0.445303 
        5.73709         6.71336        0.444086 
        5.74322         6.71402        0.442873 
        5.74936         6.69912        0.441664 
         5.7555         6.68149        0.440458 
        5.76164         6.67343        0.439259 
        5.76777         6.65966        0.438064 
        5.77391         6.65048        0.436872 
        5.78005           6.638        0.435685 
        5.78618         6.62246        0.434504 
        5.79231         6.60882        0.433328 
        5.79845         6.60283        0.432154 
        5.80459         6.58856        0.430984 
        5.81073         6.58169         0.42982 
        5.81686         6.56696         0.42866 
          5.823         6.55164        0.427504 
        5.82914         6.54538        0.426351 
        5.83527         6.53345        0.425205 
         5.8414         6.52621        0.424062 
        5.84754         6.51146        0.422923 
        5.85368         6.49733        0.421788 
        5.85981         6.49204        0.420658 
        5.86595         6.48409        0.419532 
        5.87208         6.47128         0.41841 
        5.87822         6.46101        0.417292 
        5.88435         6.45388        0.416179 
        5.89049         6.44469        0.415068 
        5.89662         6.43441        0.413963 
        5.90276           6.426         0.41286 
         5.9089          6.4163        0.411762 
        5.91503         6.40435        0.410669 
        5.92117         6.39287        0.409579 
        5.92731         6.38256        0.408493 
        5.93344         6.37804        0.407411 
        5.93958         6.36413        0.406334 
        5.94572         6.35903         0.40526 
        5.95186         6.35142        0.404189 
        5.95799          6.3396        0.403124 
        5.96412          6.3308        0.402062 
        5.97026         6.32958        0.401003 
         5.9764         6.31896        0.399948 
        5.98253         6.31062        0.398899 
        5.98866         6.30121        0.397852 
         5.9948         6.29331        0.396808 
        6.00094         6.29219        0.395768 
        6.00707         6.27803        0.394733 
        6.01321          6.2697          0.3937 
        6.01935         6.26309        0.392672 
        6.02548         6.26152        0.391647 
        6.03162         6.25017        0.390627 
        6.03775         6.23945         0.38961 
        6.04389         6.23375        0.388596 
        6.05003         6.23262        0.387585 
        6.05617         6.22226        0.386578 
         6.0623         6.21319        0.385576 
        6.06844         6.21152        0.384576 
        6.07457          6.2065        0.383581 
         6.0807         6.19929        0.382589 
        6.08684         6.19935        0.381601 
        6.09298         6.18636        0.380615 
        6.09912         6.18541        0.379633 
        6.10525         6.18037        0.378655 
        6.11138         6.16917        0.377681 
        6.11752         6.16159        0.376709 
        6.12366         6.15947        0.375741 
        6.12979         6.15648        0.374777 
        6.13593         6.15153        0.373816 
        6.14207         6.14403        0.372858 
         6.1482         6.14171        0.371903 
        6.15434         6.13843        0.370953 
        6.16047         6.12934        0.370006 
        6.16661         6.12869        0.369061 
        6.17274         6.12538         0.36812 
        6.17887         6.12475        0.367183 
        6.18501         6.11732        0.366248 
        6.19115         6.11221        0.365317 
        6.19729         6.10603        0.364388 
        6.20342         6.11422        0.363464 
        6.20956         6.10599        0.362542 
         6.2157         6.09885        0.361623 
        6.22183         6.09533        0.360708 
        6.22797          6.0919        0.359797 
         6.2341         6.09039        0.358888 
        6.24024         6.08732        0.357982 
        6.24638          6.0862         0.35708 
        6.25251         6.08168        0.356181 
        6.25865         6.08351        0.355285 
        6.26478         6.07987        0.354391 
        6.27092         6.07462        0.353502 
        6.27705         6.07557        0.352615 
        6.28318         6.07208        0.351732 
