# k  (h/Mpc)    P(k)  (Mpc/h)^3    P_linear(k)  (Mpc/h)^3
     0.00783031         13223.8         13308.7 
       0.013688         16743.8         17217.4 
       0.019231         17961.5         18281.7 
      0.0249154         17737.5         17796.2 
      0.0312784         16054.2         16334.2 
      0.0375637         14270.5         14658.5 
      0.0433917         13046.3           13261 
      0.0492413         11807.4         12131.9 
      0.0555754         10946.4         11194.2 
      0.0619321          9878.1         10440.6 
       0.067871         9391.53         9793.02 
      0.0738098         8821.59         9125.16 
      0.0800417          8105.9         8378.18 
      0.0862327         7342.84         7616.29 
      0.0921407         6707.53         6921.56 
      0.0982031         6185.38         6291.06 
       0.104506         5590.25          5754.7 
       0.110769         5214.97         5343.02 
       0.116806         5007.81         5037.44 
       0.122832         4709.65         4786.52 
       0.129052         4465.32         4547.01 
       0.135211         4323.31         4302.18 
       0.141259         4016.38         4044.19 
       0.147318         3726.84         3773.87 
       0.153489         3529.19         3502.13 
       0.159709         3398.74         3250.23 
       0.165845         3115.88         3036.22 
       0.171974         3041.07         2860.89 
       0.178125         2954.42         2719.12 
       0.184229         2731.01         2602.22 
        0.19034         2695.53         2496.92 
       0.196428         2623.26         2393.44 
       0.202534         2475.07          2285.1 
       0.208729         2422.71         2169.74 
       0.214876         2323.57         2053.42 
       0.220989          2214.8         1941.53 
       0.227147         2158.84         1838.04 
        0.23329         2078.84         1747.28 
       0.239377         2068.82         1670.15 
       0.245482         1978.91         1603.64 
       0.251667         1907.58         1543.83 
       0.257832         1880.49         1487.91 
       0.263955         1802.24         1433.07 
       0.270079         1762.99         1377.36 
        0.27624         1690.08         1320.53 
       0.282372          1674.5         1264.47 
        0.28843         1644.35         1211.21 
       0.294538         1574.95         1161.23 
       0.300721          1548.6         1115.26 
        0.30691         1512.03         1073.98 
       0.313033         1459.98         1037.04 
       0.319153          1446.7         1002.92 
       0.325316         1429.55         970.185 
        0.33145         1401.87         938.368 
       0.337538         1359.61          907.06 
       0.343633         1330.12         876.066 
       0.349808         1308.83         845.345 
       0.355968         1282.41         815.905 
       0.362074         1249.32          788.33 
       0.368217         1245.58         762.437 
       0.374374         1226.78          738.33 
       0.380519          1187.9         715.859 
       0.386598         1184.53         694.873 
       0.392688         1155.46         674.716 
        0.39888         1133.78         654.827 
       0.405048         1114.15         635.497 
       0.411186         1108.53         616.693 
       0.417313         1107.82         598.463 
       0.423458         1073.67         580.851 
       0.429607         1046.02         563.995 
       0.435692         1039.51         548.146 
       0.441815         1020.22         533.017 
       0.447964         1011.19         518.561 
       0.454126         997.389         504.715 
       0.460267         986.511         491.445 
       0.466387         972.023         478.642 
        0.47254         954.108         466.133 
       0.478662         944.747         454.048 
       0.484765          936.29         442.366 
       0.490885         925.393         431.037 
       0.497035         910.364         420.065 
       0.503198         909.433         409.511 
       0.509342         893.104          399.41 
       0.515458         875.716         389.741 
       0.521598         875.312         380.388 
       0.527764         855.072         371.318 
       0.533884         847.414         362.602 
           0.54         841.378         354.151 
       0.546137           831.7         345.912 
       0.552299         825.251         337.887 
       0.558452         817.949         330.126 
       0.564573         811.649         322.655 
       0.570708         804.073         315.409 
       0.576825         787.991          308.42 
       0.582926         786.483         301.677 
       0.589034         777.733         295.142 
       0.595184         768.862         288.765 
       0.601379         756.985         282.535 
       0.607522         748.097         276.532 
       0.613639          747.19         270.722 
       0.619772         740.557          265.06 
       0.625918         731.146         259.549 
       0.632068         726.292         254.195 
       0.638161         716.611         249.045 
         0.6443         710.702         244.005 
       0.650464          705.77         239.089 
       0.656582         700.518         234.348 
       0.662703          691.09         229.736 
       0.668861         685.013         225.223 
       0.675024          680.73         220.829 
       0.681124         669.857         216.598 
       0.687237         670.186          212.47 
       0.693381         658.646          208.43 
       0.699536         659.189         204.489 
       0.705665         651.253         200.667 
       0.711789         649.139         196.947 
       0.717957         641.122         193.297 
        0.72409         635.701         189.761 
       0.730186         633.744         186.337 
       0.736317         626.122          182.98 
       0.742472         618.257         179.695 
       0.748622         616.392         176.494 
        0.75476         609.453         173.379 
       0.760888         606.498         170.345 
       0.767043          604.16         167.371 
       0.773185         599.984         164.475 
       0.779291         592.637         161.664 
       0.785407         588.426         158.916 
       0.791564         584.741         156.215 
       0.797719         576.501         153.578 
       0.803834         577.539          151.02 
       0.809972         569.779         148.511 
       0.816124         565.805         146.055 
       0.822261         562.623         143.661 
       0.828378         559.991         141.329 
       0.834502         551.517         139.047 
       0.840667         550.606         136.801 
       0.846816         545.481         134.612 
       0.852925         543.864         132.484 
       0.859047         538.788         130.399 
       0.865192         535.716         128.352 
       0.871341         529.333         126.348 
       0.877463         528.344         124.396 
       0.883569         522.672         122.491 
       0.889708         517.533         120.616 
       0.895864         512.877         118.776 
       0.902008         512.348         116.979 
       0.908149         507.645          115.22 
       0.914301         505.951         113.495 
       0.920448         499.784         111.807 
       0.926574           497.7         110.159 
       0.932687         496.105         108.549 
       0.938823         489.817         106.965 
       0.944975         487.315         105.409 
       0.951105         484.308         103.891 
       0.957225         477.556         102.405 
       0.963368         478.795         100.943 
       0.969511         471.377         99.5097 
       0.975621         470.545         98.1123 
       0.981748         467.438         96.7384 
       0.987916         464.844         95.3823 
        0.99406          460.63         94.0576 
        1.00019         456.118         92.7608 
        1.00632         454.788         91.4898 
        1.01246         451.401         90.2409 
        1.01859         447.381         89.0174 
        1.02471          445.56         87.8184 
        1.03085         442.508         86.6374 
        1.03698         440.634         85.4807 
        1.04314         436.889         84.3404 
        1.04929         435.134         83.2237 
        1.05541         429.072         82.1319 
        1.06154         428.495          81.057 
        1.06769         424.348              80 
        1.07382         421.576         78.9653 
        1.07993         420.493         77.9515 
        1.08607         417.272         76.9514 
        1.09222         413.755         75.9679 
        1.09836         411.421         75.0029 
        1.10449         408.069         74.0559 
        1.11063         406.171         73.1243 
        1.11677         401.825         72.2091 
         1.1229         400.862         71.3113 
        1.12903         397.368         70.4281 
        1.13518          395.45         69.5593 
        1.14131         393.709         68.7056 
        1.14745         389.028         67.8669 
        1.15359         386.506          67.042 
        1.15973           384.9         66.2307 
        1.16584         383.295         65.4365 
        1.17197         380.222         64.6543 
        1.17811         376.144         63.8825 
        1.18424          374.99         63.1256 
        1.19038         372.805         62.3789 
        1.19652         369.044         61.6447 
        1.20267         368.095         60.9223 
        1.20881         366.351         60.2117 
        1.21495         362.024         59.5136 
        1.22108         361.447         58.8268 
         1.2272         356.223         58.1525 
        1.23334         355.544         57.4872 
        1.23949         353.027         56.8309 
        1.24562         352.599         56.1867 
        1.25174         348.956         55.5534 
        1.25789         346.444         54.9281 
        1.26402          344.82         54.3135 
        1.27014         343.211         53.7099 
        1.27628          339.92         53.1136 
        1.28244         337.887         52.5254 
        1.28858         336.479         51.9468 
        1.29471         334.702         51.3783 
        1.30084         332.932         50.8189 
        1.30697         329.475          50.267 
        1.31312         327.441         49.7225 
        1.31925         325.877         49.1878 
        1.32537         324.298         48.6616 
        1.33151         321.231         48.1413 
        1.33765         319.064         47.6289 
        1.34378         317.027          47.125 
        1.34992         314.513          46.628 
        1.35606         312.872         46.1372 
         1.3622         311.454         45.6544 
        1.36833         310.271         45.1797 
        1.37445          308.61          44.712 
        1.38059         305.024         44.2495 
        1.38675         303.799         43.7925 
        1.39288         302.624         43.3438 
        1.39901         299.835         42.9016 
        1.40515         298.461         42.4647 
         1.4113         296.246          42.034 
        1.41742         293.532         41.6109 
        1.42355         293.456         41.1929 
         1.4297         291.027         40.7794 
        1.43585         287.943         40.3718 
        1.44198         287.143         39.9714 
        1.44809          285.73         39.5771 
        1.45423          283.65         39.1867 
        1.46036          282.23         38.8023 
        1.46649          280.58          38.423 
        1.47263         277.751         38.0484 
        1.47877         276.696          37.679 
        1.48491         274.474         37.3139 
        1.49104         272.629         36.9545 
        1.49718         271.397         36.5996 
        1.50333         269.125         36.2487 
        1.50947         268.427         35.9032 
         1.5156         266.025         35.5627 
        1.52172         264.456         35.2267 
        1.52787         262.629         34.8944 
          1.534         262.233         34.5667 
        1.54013         259.775         34.2436 
        1.54627         258.375         33.9241 
        1.55241         256.853         33.6086 
        1.55855         255.393         33.2976 
        1.56467         253.695         32.9914 
         1.5708         252.361         32.6882 
        1.57695         250.885         32.3884 
        1.58308         249.792          32.093 
        1.58922         247.629         31.8011 
        1.59535         245.703          31.513 
         1.6015         244.738          31.228 
        1.60764         243.135         30.9467 
        1.61376         241.221         30.6697 
        1.61989         239.789         30.3959 
        1.62604         238.169         30.1248 
        1.63218         236.787         29.8571 
        1.63831           236.2         29.5934 
        1.64444         233.968         29.3328 
        1.65059         233.251         29.0747 
        1.65673         231.263         28.8199 
        1.66285         230.123          28.569 
        1.66898         228.762          28.321 
        1.67512         227.092         28.0754 
        1.68127         226.047         27.8326 
         1.6874         224.335         27.5931 
        1.69353         223.518         27.3567 
        1.69967          221.98         27.1224 
        1.70581         220.599          26.891 
        1.71193         219.286         26.6632 
        1.71806         217.437         26.4375 
        1.72421         216.685         26.2141 
        1.73035         214.859         25.9934 
        1.73649         213.308         25.7754 
        1.74262         212.609           25.56 
        1.74876         211.275          25.347 
        1.75489         210.258         25.1368 
        1.76101         209.194         24.9291 
        1.76715         207.528         24.7235 
        1.77329         205.653         24.5199 
        1.77943         204.696         24.3185 
        1.78557         203.863         24.1198 
        1.79171         203.199         23.9232 
        1.79785           201.6         23.7287 
        1.80399          200.21         23.5365 
        1.81012         199.184         23.3467 
        1.81625          197.65          23.159 
        1.82239         196.646         22.9731 
        1.82853         195.887         22.7894 
        1.83466         194.176         22.6079 
        1.84078         193.206         22.4285 
        1.84692         192.364         22.2508 
        1.85306          190.72         22.0748 
         1.8592         190.076          21.901 
        1.86533         188.243         21.7291 
        1.87147         187.547          21.559 
        1.87761         186.409         21.3905 
        1.88375         184.954         21.2241 
        1.88988         184.251         21.0596 
        1.89601         183.772         20.8968 
        1.90215         182.227         20.7356 
        1.90829         180.949         20.5762 
        1.91442         180.156         20.4184 
        1.92056         178.602         20.2624 
         1.9267         178.087         20.1079 
        1.93284           176.9         19.9549 
        1.93897         175.699         19.8038 
        1.94509         174.991         19.6546 
        1.95123         173.759         19.5066 
        1.95737         173.203           19.36 
        1.96349         171.859         19.2153 
        1.96964         170.763         19.0716 
        1.97578         169.917         18.9293 
        1.98192         169.072         18.7888 
        1.98805         167.889         18.6497 
        1.99419         166.754          18.512 
        2.00033         166.136         18.3756 
        2.00647         164.842         18.2407 
         2.0126          163.94         18.1073 
        2.01874         163.095         17.9751 
        2.02488         162.073          17.844 
        2.03101         161.731         17.7146 
        2.03714         160.558         17.5865 
        2.04328          159.27         17.4595 
        2.04941           158.8          17.334 
        2.05554         157.796         17.2097 
        2.06167          156.74         17.0865 
        2.06781         155.975         16.9645 
        2.07396         154.851         16.8435 
        2.08009         154.279         16.7239 
        2.08622         153.184         16.6056 
        2.09237         152.224         16.4882 
        2.09851         151.606         16.3719 
        2.10464         150.836          16.257 
        2.11077         149.827         16.1432 
        2.11691          149.15         16.0304 
        2.12305         148.139         15.9186 
        2.12918         147.197         15.8081 
        2.13531         146.234         15.6987 
        2.14145         145.717           15.59 
         2.1476         144.735         15.4823 
        2.15372          143.97         15.3761 
        2.15985         143.078         15.2709 
        2.16599         142.447         15.1663 
        2.17213         141.507         15.0628 
        2.17827         140.822         14.9603 
         2.1844         139.941         14.8588 
        2.19054         139.182         14.7583 
        2.19666         138.307         14.6588 
         2.2028          137.78         14.5601 
        2.20893         137.014         14.4624 
        2.21508         135.892         14.3654 
        2.22122         135.105         14.2692 
        2.22736         134.552         14.1742 
        2.23349         133.951           14.08 
        2.23962         133.233         13.9866 
        2.24577         132.393          13.894 
         2.2519         131.489         13.8024 
        2.25802         131.206         13.7118 
        2.26417         130.265         13.6217 
        2.27031         129.458         13.5323 
        2.27644         128.786          13.444 
        2.28257         128.303         13.3565 
        2.28872         127.363         13.2696 
        2.29486         126.704         13.1835 
        2.30099         125.837         13.0984 
        2.30712         125.382         13.0139 
        2.31326         124.591         12.9301 
         2.3194         124.073          12.847 
        2.32553         123.282         12.7649 
        2.33166         122.924         12.6834 
         2.3378         122.023         12.6026 
        2.34394         120.971         12.5225 
        2.35007         120.622         12.4431 
        2.35619         119.819         12.3646 
        2.36233         119.468         12.2865 
        2.36848         118.658          12.209 
        2.37462         118.298         12.1323 
        2.38075         117.529         12.0563 
        2.38689         116.765         11.9809 
        2.39303         116.143         11.9062 
        2.39916         115.663         11.8322 
        2.40529         115.001         11.7588 
        2.41143         114.109          11.686 
        2.41757         113.465         11.6138 
         2.4237         113.127         11.5423 
        2.42983         112.499         11.4714 
        2.43598         111.731          11.401 
        2.44211         111.311         11.3312 
        2.44823         110.672         11.2622 
        2.45437         110.203         11.1936 
        2.46052         109.449         11.1255 
        2.46665          108.99         11.0581 
        2.47279         108.353         10.9912 
        2.47892         107.817         10.9249 
        2.48507         107.309          10.859 
         2.4912         106.736         10.7939 
        2.49733         106.138         10.7293 
        2.50347         105.589         10.6651 
        2.50961          104.89         10.6014 
        2.51575         104.459         10.5383 
        2.52188         103.933         10.4758 
        2.52802         103.207         10.4137 
        2.53416         102.959         10.3521 
        2.54029         102.277         10.2911 
        2.54641         101.645         10.2306 
        2.55255          101.21         10.1706 
        2.55869         100.543         10.1109 
        2.56483         100.241         10.0518 
        2.57096         99.5571         9.99323 
        2.57709         99.0518         9.93512 
        2.58323         98.5781          9.8774 
        2.58937         98.1397         9.82012 
        2.59551           97.45         9.76337 
        2.60164         96.9998         9.70708 
        2.60778         96.6329         9.65118 
        2.61392         95.9654         9.59573 
        2.62006         95.4954         9.54073 
        2.62619          94.928         9.48623 
        2.63232         94.5514         9.43215 
        2.63846         94.0021         9.37842 
        2.64459         93.5812         9.32518 
        2.65072         93.1205         9.27236 
        2.65686         92.6237         9.21994 
          2.663         92.1672         9.16783 
        2.66915         91.8323         9.11614 
        2.67527         91.1426         9.06497 
        2.68141         90.5476         9.01416 
        2.68755         90.2867         8.96369 
        2.69368         89.9847         8.91365 
        2.69981         89.3287         8.86407 
        2.70595           88.84         8.81474 
        2.71209         88.4757         8.76578 
        2.71823         87.9961         8.71727 
        2.72436         87.4991         8.66913 
         2.7305         87.1202         8.62133 
        2.73663         86.5759         8.57391 
        2.74276         86.2224         8.52688 
         2.7489         85.9183         8.48017 
        2.75504         85.3355         8.43377 
        2.76118         84.8643         8.38769 
        2.76732         84.4688         8.34203 
        2.77345         83.9194         8.29672 
        2.77959         83.5787         8.25174 
        2.78572         83.1502          8.2071 
        2.79186         82.7443          8.1628 
        2.79798         82.2788         8.11889 
        2.80412         81.9495          8.0752 
        2.81027         81.5579          8.0318 
         2.8164         81.1177          7.9888 
        2.82253         80.6487         7.94612 
        2.82867         80.3989         7.90374 
        2.83481         79.8955         7.86165 
        2.84095         79.5575         7.81987 
        2.84708          79.176         7.77844 
        2.85322          78.777         7.73726 
        2.85935          78.337          7.6964 
        2.86549         77.9578         7.65585 
        2.87162         77.5874          7.6156 
        2.87776         77.3762         7.57564 
        2.88389         76.6766         7.53594 
        2.89003         76.3895         7.49655 
        2.89617         76.0075         7.45743 
        2.90231         75.6772         7.41858 
        2.90844          75.309         7.38002 
        2.91458          74.882         7.34175 
        2.92071         74.4864         7.30378 
        2.92684         74.1926         7.26605 
        2.93298          73.896          7.2286 
         2.9391         73.4066         7.19146 
        2.94524         73.1617         7.15453 
        2.95138         72.8215         7.11785 
        2.95752          72.371         7.08139 
        2.96367          72.171         7.04518 
         2.9698         71.7732          7.0093 
        2.97594         71.4092         6.97363 
        2.98207         71.0901         6.93822 
        2.98821         70.6519         6.90308 
        2.99434         70.3237         6.86818 
        3.00048         70.0982          6.8335 
        3.00662         69.6589         6.79906 
        3.01275          69.326          6.7649 
        3.01888         69.0357         6.73097 
        3.02503         68.7081         6.69722 
        3.03117         68.3667         6.66371 
        3.03729         68.0596         6.63052 
        3.04342         67.8075         6.59752 
        3.04957         67.3441         6.56467 
         3.0557          67.101          6.5321 
        3.06183          66.784         6.49981 
        3.06796         66.4177         6.46769 
        3.07411         66.1019         6.43572 
        3.08025         65.8376         6.40403 
        3.08637          65.405         6.37261 
         3.0925         65.1917         6.34135 
        3.09865         64.8507         6.31025 
         3.1048         64.5754         6.27936 
        3.11093         64.2217         6.24874 
        3.11706         64.0277         6.21833 
         3.1232         63.6255          6.1881 
        3.12933         63.2992         6.15807 
        3.13547         63.0624         6.12825 
        3.14159         62.7073         6.09868 
        3.14773         62.4893         6.06923 
        3.15388         62.2471         6.03996 
        3.16001         61.8177         6.01093 
        3.16614         61.6136         5.98211 
        3.17228          61.212         5.95345 
        3.17842         61.0205         5.92497 
        3.18455         60.7707         5.89671 
        3.19068         60.4324         5.86864 
        3.19682         60.1384         5.84071 
        3.20297         59.8269         5.81295 
         3.2091           59.56         5.78541 
        3.21524         59.2693         5.75804 
        3.22138         59.0595         5.73085 
         3.2275         58.7788         5.70387 
        3.23363         58.4279         5.67707 
        3.23977         58.1446          5.6504 
        3.24591         57.8974         5.62391 
        3.25205         57.5456         5.59757 
        3.25818         57.3103         5.57141 
        3.26432         57.1446         5.54543 
        3.27046         56.8918         5.51961 
         3.2766         56.5733         5.49396 
        3.28273         56.2806         5.46848 
        3.28887         56.1176         5.44316 
          3.295         55.8147           5.418 
        3.30113         55.5337         5.39301 
        3.30727         55.3323         5.36816 
        3.31341          55.065         5.34349 
        3.31954         54.7418         5.31897 
        3.32568         54.5657         5.29459 
        3.33182         54.2998         5.27036 
        3.33795         54.1244         5.24631 
        3.34409          53.779         5.22238 
        3.35022         53.5168         5.19861 
        3.35636         53.2964         5.17501 
         3.3625          53.121         5.15152 
        3.36864         52.8273         5.12819 
        3.37477         52.6007         5.10502 
        3.38091         52.3665         5.08199 
        3.38704         52.1408         5.05911 
        3.39318         51.8977         5.03636 
        3.39931         51.6242         5.01375 
        3.40545         51.4464         4.99129 
        3.41158         51.2132         4.96896 
        3.41772         50.9439         4.94677 
        3.42385         50.7474         4.92474 
        3.42998         50.4861         4.90282 
        3.43612         50.3144         4.88105 
        3.44226         50.0627         4.85939 
         3.4484          49.887         4.83784 
        3.45453         49.5767         4.81646 
        3.46066         49.4013         4.79522 
        3.46681         49.1483         4.77406 
        3.47295         48.9519         4.75304 
        3.47908         48.7771         4.73219 
        3.48521          48.556         4.71146 
        3.49135         48.2801         4.69082 
        3.49749         48.1197         4.67032 
        3.50362         47.9203         4.64995 
        3.50976         47.6878          4.6297 
        3.51589         47.4797         4.60957 
        3.52203         47.2082         4.58956 
        3.52816         47.0132         4.56969 
        3.53429         46.8385         4.54993 
        3.54043          46.584         4.53025 
        3.54657         46.4334          4.5107 
        3.55271          46.241         4.49128 
        3.55884         45.9655         4.47199 
        3.56498         45.7958         4.45278 
        3.57112         45.6021         4.43369 
        3.57725         45.3679         4.41473 
        3.58338         45.1636         4.39589 
        3.58952         44.9883         4.37714 
        3.59566         44.8926         4.35848 
         3.6018         44.6469         4.33996 
        3.60793         44.4284         4.32155 
        3.61407         44.3041         4.30325 
        3.62021         44.0837         4.28504 
        3.62634         43.8613         4.26694 
        3.63247           43.65         4.24896 
        3.63861         43.4927         4.23108 
        3.64475         43.2891         4.21327 
        3.65089         43.0745         4.19559 
        3.65702         42.8848         4.17803 
        3.66316         42.7379         4.16054 
        3.66929         42.5771         4.14317 
        3.67543         42.3311          4.1259 
        3.68156         42.1853         4.10872 
        3.68769         42.0267         4.09165 
        3.69383         41.8167         4.07466 
        3.69997         41.5942         4.05777 
        3.70611         41.4407         4.04098 
        3.71224         41.2977         4.02428 
        3.71838         41.1325         4.00768 
        3.72451         40.9434         3.99118 
        3.73065          40.789         3.97478 
        3.73678         40.6066         3.95847 
        3.74292          40.413         3.94223 
        3.74906          40.251         3.92609 
        3.75519         40.0934         3.91005 
        3.76133         39.8952          3.8941 
        3.76746         39.6721         3.87824 
         3.7736         39.5714         3.86247 
        3.77974          39.389         3.84678 
        3.78588         39.2709         3.83117 
        3.79201         39.0498         3.81566 
        3.79814         38.9043         3.80024 
        3.80428         38.7604          3.7849 
        3.81042         38.5874         3.76964 
        3.81655         38.4543         3.75447 
        3.82268         38.2526          3.7394 
        3.82882         38.0993          3.7244 
        3.83496         37.9466         3.70947 
        3.84109          37.737         3.69463 
        3.84723         37.6232         3.67988 
        3.85337         37.4857         3.66519 
        3.85951         37.3388         3.65058 
        3.86565         37.1644         3.63607 
        3.87178         37.0245         3.62164 
        3.87791         36.8421         3.60729 
        3.88405         36.6473         3.59301 
        3.89019         36.5763         3.57881 
        3.89632         36.4464         3.56469 
        3.90246         36.2344         3.55064 
         3.9086         36.0668         3.53666 
        3.91473         35.9823         3.52278 
        3.92086         35.7954         3.50898 
        3.92699         35.6686         3.49523 
        3.93313         35.4969         3.48155 
        3.93927         35.3686         3.46795 
         3.9454         35.2349         3.45443 
        3.95154         35.0402         3.44097 
        3.95768         34.9092         3.42759 
        3.96382         34.7589         3.41428 
        3.96995         34.6158         3.40103 
        3.97609         34.4673         3.38787 
        3.98222         34.4172         3.37478 
        3.98836         34.2018         3.36175 
         3.9945         34.0832         3.34879 
        4.00063         33.9515         3.33591 
        4.00677         33.7967         3.32308 
        4.01291          33.642         3.31032 
        4.01904         33.5115         3.29764 
        4.02517         33.3617         3.28504 
        4.03131         33.2749         3.27247 
        4.03745         33.1521         3.25998 
        4.04358         32.9973         3.24756 
        4.04972         32.8158         3.23521 
        4.05585         32.7269         3.22292 
        4.06199         32.5663         3.21068 
        4.06812         32.4593         3.19852 
        4.07426         32.3002         3.18642 
         4.0804         32.1946         3.17438 
        4.08654          32.053         3.16239 
        4.09267         31.9003         3.15049 
         4.0988         31.8196         3.13865 
        4.10494         31.6751         3.12686 
        4.11108         31.5486         3.11513 
        4.11721          31.427         3.10346 
        4.12334         31.3026         3.09186 
        4.12948          31.206         3.08031 
        4.13561          31.034         3.06882 
        4.14176         30.9343         3.05738 
        4.14789         30.8192           3.046 
        4.15403         30.7199         3.03469 
        4.16016         30.5525         3.02344 
         4.1663         30.4717         3.01224 
        4.17243         30.3183          3.0011 
        4.17857         30.1874         2.99001 
        4.18471         30.0905         2.97898 
        4.19084         29.9918         2.96801 
        4.19698         29.8114         2.95709 
        4.20312         29.7321         2.94623 
        4.20925         29.6237         2.93542 
        4.21538          29.482         2.92468 
        4.22152         29.3859         2.91397 
        4.22766         29.2647         2.90332 
         4.2338         29.1623         2.89274 
        4.23993         29.0534          2.8822 
        4.24607         28.9418         2.87171 
         4.2522         28.8086         2.86128 
        4.25834          28.698          2.8509 
        4.26447         28.6191         2.84057 
        4.27061         28.4634          2.8303 
        4.27674         28.3835         2.82007 
        4.28288         28.2695         2.80989 
        4.28902         28.1651         2.79977 
        4.29515         28.0406          2.7897 
        4.30129         27.9233         2.77967 
        4.30743         27.8038         2.76969 
        4.31356          27.718         2.75976 
        4.31969         27.6347         2.74989 
        4.32583         27.4983         2.74007 
        4.33197          27.417         2.73028 
         4.3381         27.2797         2.72054 
        4.34424         27.1767         2.71086 
        4.35038         27.0671         2.70121 
        4.35652         26.9759         2.69162 
        4.36265         26.8946         2.68208 
        4.36878         26.7842         2.67259 
        4.37492         26.6925         2.66313 
        4.38106         26.6147         2.65372 
        4.38719         26.4507         2.64437 
        4.39333         26.3741         2.63506 
        4.39946         26.2548         2.62579 
         4.4056         26.1957         2.61657 
        4.41173         26.0603         2.60739 
        4.41786         25.9712         2.59826 
          4.424         25.8682         2.58917 
        4.43014         25.7858         2.58011 
        4.43628          25.677          2.5711 
        4.44241         25.5889         2.56214 
        4.44855         25.5086         2.55322 
        4.45469         25.4139         2.54434 
        4.46083         25.3149         2.53551 
        4.46696         25.1773         2.52673 
        4.47309         25.1089         2.51797 
        4.47923         25.0354         2.50926 
        4.48537         24.9335          2.5006 
         4.4915          24.841         2.49198 
        4.49764         24.7503         2.48339 
        4.50378         24.6531         2.47484 
        4.50991         24.5616         2.46635 
        4.51604         24.4777         2.45789 
        4.52218         24.3656         2.44946 
        4.52832          24.285         2.44107 
        4.53445         24.2011         2.43273 
        4.54059         24.1137         2.42443 
        4.54673          24.036         2.41616 
        4.55286         23.9469         2.40793 
          4.559         23.8456         2.39974 
        4.56513         23.7583          2.3916 
        4.57127         23.6822         2.38349 
        4.57741          23.605         2.37541 
        4.58354         23.4842         2.36737 
        4.58968         23.4266         2.35937 
        4.59582          23.327          2.3514 
        4.60195         23.2227         2.34348 
        4.60809          23.172          2.3356 
        4.61422         23.0762         2.32774 
        4.62036         23.0097         2.31993 
        4.62649         22.8901         2.31215 
        4.63263         22.8416          2.3044 
        4.63876         22.7425         2.29669 
         4.6449         22.6685         2.28902 
        4.65104         22.5768         2.28138 
        4.65717         22.4923         2.27378 
        4.66331         22.4181         2.26621 
        4.66944         22.3277         2.25868 
        4.67558         22.2552         2.25118 
        4.68171         22.1824         2.24372 
        4.68785         22.0898         2.23628 
        4.69399         22.0289         2.22888 
        4.70012          21.952         2.22153 
        4.70625         21.8597          2.2142 
        4.71239         21.7792          2.2069 
        4.71853         21.7044         2.19963 
        4.72467         21.6411          2.1924 
         4.7308         21.5548          2.1852 
        4.73694         21.4699         2.17803 
        4.74308         21.3858          2.1709 
        4.74922         21.3307         2.16379 
        4.75535         21.2482         2.15673 
        4.76148         21.1724          2.1497 
        4.76762         21.0984         2.14268 
        4.77376         21.0184         2.13571 
        4.77989         20.9562         2.12877 
        4.78602          20.891         2.12186 
        4.79216         20.8138         2.11497 
         4.7983         20.7433         2.10812 
        4.80443         20.6596         2.10131 
        4.81056         20.5877         2.09452 
         4.8167         20.5289         2.08775 
        4.82284          20.437         2.08102 
        4.82898         20.3844         2.07432 
        4.83511         20.3391         2.06765 
        4.84125         20.2389           2.061 
        4.84739         20.1748         2.05439 
        4.85352          20.105         2.04781 
        4.85965         20.0221         2.04126 
        4.86579         19.9716         2.03473 
        4.87193         19.8865         2.02824 
        4.87807         19.8388         2.02177 
         4.8842         19.7478         2.01533 
        4.89034         19.7125         2.00892 
        4.89647         19.6438         2.00253 
        4.90261         19.5777         1.99618 
        4.90874         19.5052         1.98985 
        4.91488         19.4334         1.98355 
        4.92102         19.3775         1.97728 
        4.92715         19.3028         1.97103 
        4.93329         19.2386         1.96481 
        4.93942         19.1704         1.95862 
        4.94556         19.1144         1.95245 
         4.9517         19.0504         1.94631 
        4.95783          18.984          1.9402 
        4.96397         18.8998         1.93412 
        4.97011         18.8475         1.92806 
        4.97624         18.7971         1.92202 
        4.98238         18.7352         1.91602 
        4.98851         18.6801         1.91004 
        4.99465         18.5907         1.90408 
        5.00078         18.5565         1.89815 
        5.00691         18.4783         1.89225 
        5.01305         18.4207         1.88637 
        5.01919         18.3517         1.88051 
        5.02533         18.3051         1.87468 
        5.03146         18.2465         1.86888 
         5.0376         18.1673          1.8631 
        5.04374         18.1333         1.85734 
        5.04987         18.0584         1.85161 
        5.05601         18.0158          1.8459 
        5.06215         17.9541         1.84022 
        5.06829         17.8895         1.83455 
        5.07442         17.8451         1.82892 
        5.08055         17.7778         1.82332 
        5.08668         17.7142         1.81773 
        5.09282         17.6835         1.81216 
        5.09896         17.6011         1.80662 
        5.10509         17.5466         1.80111 
        5.11123         17.4999         1.79561 
        5.11736         17.4503         1.79014 
         5.1235         17.3786         1.78469 
        5.12964         17.3275         1.77927 
        5.13577         17.2721         1.77386 
        5.14191         17.2228         1.76848 
        5.14804          17.169         1.76313 
        5.15418          17.115         1.75779 
        5.16032         17.0665         1.75248 
        5.16645          16.993         1.74718 
        5.17259         16.9488         1.74192 
        5.17872         16.9034         1.73667 
        5.18486         16.8369         1.73144 
          5.191         16.7837         1.72623 
        5.19713         16.7419         1.72105 
        5.20327          16.692         1.71589 
        5.20941         16.6405         1.71075 
        5.21555          16.593         1.70563 
        5.22168         16.5364         1.70053 
        5.22781         16.4745         1.69546 
        5.23395         16.4262          1.6904 
        5.24009         16.3892         1.68536 
        5.24622         16.3394         1.68035 
        5.25236          16.289         1.67536 
         5.2585         16.2399         1.67038 
        5.26463         16.1786         1.66542 
        5.27077         16.1302         1.66049 
         5.2769         16.0783         1.65558 
        5.28304          16.038         1.65069 
        5.28917         15.9887         1.64581 
         5.2953         15.9274         1.64096 
        5.30144         15.8994         1.63613 
        5.30757         15.8646         1.63131 
        5.31371         15.8112         1.62652 
        5.31985         15.7553         1.62174 
        5.32599         15.7016         1.61698 
        5.33213         15.6654         1.61224 
        5.33826         15.6088         1.60752 
         5.3444         15.5778         1.60282 
        5.35053         15.5358         1.59814 
        5.35667          15.482         1.59348 
        5.36281         15.4405         1.58884 
        5.36894          15.398         1.58421 
        5.37507         15.3523         1.57961 
        5.38121         15.3091         1.57502 
        5.38735         15.2738         1.57045 
        5.39348         15.2295          1.5659 
        5.39961         15.1717         1.56137 
        5.40575          15.141         1.55685 
        5.41189          15.082         1.55235 
        5.41803         15.0505         1.54787 
        5.42416         15.0199         1.54341 
         5.4303         14.9531         1.53896 
        5.43644         14.9319         1.53454 
        5.44257         14.8833         1.53013 
        5.44871         14.8425         1.52574 
        5.45484         14.7997         1.52136 
        5.46098         14.7575         1.51701 
        5.46712         14.7137         1.51266 
        5.47325         14.6804         1.50834 
        5.47938         14.6449         1.50404 
        5.48552         14.6085         1.49975 
        5.49165         14.5541         1.49548 
        5.49779         14.5246         1.49122 
        5.50393         14.4858         1.48698 
        5.51006         14.4388         1.48276 
         5.5162         14.4142         1.47855 
        5.52234          14.358         1.47436 
        5.52847          14.339         1.47019 
        5.53461         14.2764         1.46603 
        5.54075         14.2511         1.46189 
        5.54688         14.2179         1.45776 
        5.55302         14.1812         1.45365 
        5.55915         14.1326         1.44956 
        5.56529            14.1         1.44548 
        5.57143         14.0829         1.44142 
        5.57756         14.0246         1.43737 
         5.5837         14.0135         1.43335 
        5.58983         13.9729         1.42933 
        5.59597          13.932         1.42533 
         5.6021         13.8955         1.42135 
        5.60824         13.8713         1.41738 
        5.61438         13.8273         1.41343 
        5.62051         13.7885         1.40949 
        5.62665         13.7502         1.40556 
        5.63278         13.7194         1.40166 
        5.63892         13.6834         1.39776 
        5.64505         13.6521         1.39388 
        5.65119          13.629         1.39002 
        5.65733         13.5818         1.38617 
        5.66346         13.5557         1.38234 
         5.6696          13.519         1.37852 
        5.67573         13.4912         1.37471 
        5.68187         13.4447         1.37092 
          5.688         13.4218         1.36714 
        5.69414          13.392         1.36338 
        5.70028         13.3592         1.35963 
        5.70642         13.3369          1.3559 
        5.71255         13.3072         1.35218 
        5.71869          13.278         1.34847 
        5.72482         13.2485         1.34478 
        5.73096         13.2061          1.3411 
        5.73709         13.1877         1.33744 
        5.74322         13.1593         1.33379 
        5.74936         13.1182         1.33015 
         5.7555         13.0979         1.32653 
        5.76164         13.0641         1.32292 
        5.76777         13.0394         1.31932 
        5.77391         13.0064         1.31574 
        5.78005         12.9747         1.31216 
        5.78618         12.9492         1.30861 
        5.79231         12.9277         1.30507 
        5.79845          12.899         1.30154 
        5.80459         12.8739         1.29802 
        5.81073         12.8471         1.29452 
        5.81686         12.8106         1.29103 
          5.823          12.786         1.28755 
        5.82914         12.7643         1.28408 
        5.83527         12.7352         1.28063 
         5.8414         12.7174         1.27719 
        5.84754         12.6791         1.27376 
        5.85368         12.6704         1.27035 
        5.85981         12.6288         1.26695 
        5.86595         12.6064         1.26356 
        5.87208         12.5979         1.26018 
        5.87822         12.5645         1.25682 
        5.88435         12.5328         1.25347 
        5.89049         12.5137         1.25013 
        5.89662         12.4819          1.2468 
        5.90276         12.4618         1.24348 
         5.9089         12.4463         1.24018 
        5.91503         12.4189         1.23689 
        5.92117         12.3953         1.23361 
        5.92731         12.3763         1.23034 
        5.93344         12.3653         1.22708 
        5.93958         12.3319         1.22384 
        5.94572         12.3134         1.22061 
        5.95186         12.2843         1.21739 
        5.95799         12.2706         1.21418 
        5.96412         12.2562         1.21098 
        5.97026         12.2325          1.2078 
         5.9764         12.2194         1.20462 
        5.98253         12.1866         1.20146 
        5.98866         12.1646         1.19831 
         5.9948         12.1489         1.19517 
        6.00094         12.1311         1.19204 
        6.00707         12.1116         1.18893 
        6.01321         12.0849         1.18582 
        6.01935         12.0742         1.18272 
        6.02548         12.0497         1.17964 
        6.03162          12.028         1.17657 
        6.03775         12.0219         1.17351 
        6.04389         11.9998         1.17046 
        6.05003         11.9821         1.16742 
        6.05617         11.9718         1.16438 
         6.0623         11.9499         1.16137 
        6.06844         11.9254         1.15836 
        6.07457         11.9113         1.15536 
         6.0807         11.8967         1.15238 
        6.08684         11.8746          1.1494 
        6.09298         11.8782         1.14644 
        6.09912         11.8471         1.14348 
        6.10525         11.8335         1.14054 
        6.11138          11.829          1.1376 
        6.11752         11.8011         1.13468 
        6.12366         11.7924         1.13177 
        6.12979         11.7767         1.12886 
        6.13593         11.7594         1.12597 
        6.14207         11.7521         1.12309 
         6.1482         11.7294         1.12022 
        6.15434         11.7246         1.11735 
        6.16047         11.7222          1.1145 
        6.16661         11.6995         1.11166 
        6.17274         11.6863         1.10883 
        6.17887         11.6776         1.10601 
        6.18501         11.6585         1.10319 
        6.19115         11.6569         1.10039 
        6.19729          11.644          1.0976 
        6.20342         11.6258         1.09481 
        6.20956         11.6176         1.09204 
         6.2157         11.6133         1.08927 
        6.22183         11.5987         1.08652 
        6.22797         11.5905         1.08378 
         6.2341         11.5806         1.08104 
        6.24024         11.5695         1.07831 
        6.24638         11.5623          1.0756 
        6.25251         11.5529         1.07289 
        6.25865         11.5478         1.07019 
        6.26478         11.5404          1.0675 
        6.27092         11.5397         1.06483 
        6.27705         11.5181         1.06216 
        6.28318         11.5157          1.0595 
