#  a  GeffG(a,k)  D1(a,k)  D1mnu(a,k) ( D1_transfer(a,k) D1mnu_transfer(a,k) )  D2(a,k)  D3a(a,k)  D3b(a,k)  (source terms)  (Output for k = 0.01 h/Mpc)
       0.047619                1        0.952621     0.000207388        0.952621        0.776211       -0.388438       -0.287625        0.205446        0.995737        0.995736        0.995736        0.995736 
      0.0485219                1        0.970611     0.000481468         0.97061        0.866035       -0.403304       -0.304292        0.217352        0.995737        0.995736        0.995736        0.995736 
      0.0494419                1        0.988885      0.00125946        0.988885        0.955531       -0.418735       -0.321918        0.229942        0.995737        0.995736        0.995736        0.995736 
      0.0503793                1         1.00754      0.00254456         1.00754         1.02187        -0.43475       -0.340558        0.243255        0.995737        0.995736        0.995736        0.995736 
      0.0513344                1         1.02649      0.00434111         1.02649         1.04967       -0.451374        -0.36027        0.257335        0.995738        0.995736        0.995736        0.995736 
      0.0523077                1         1.04577      0.00665216         1.04577         1.04833        -0.46863       -0.381119        0.272226        0.995737        0.995736        0.995736        0.995736 
      0.0532995                1          1.0654      0.00948079          1.0654          1.0278       -0.486542        -0.40317        0.287976        0.995737        0.995736        0.995736        0.995736 
        0.05431                1         1.08541       0.0128296         1.08541        0.997058       -0.505135       -0.426493        0.304634        0.995737        0.995736        0.995736        0.995736 
      0.0553397                1         1.10581       0.0167011         1.10581        0.964174       -0.524435       -0.451163        0.322253        0.995737        0.995736        0.995736        0.995736 
      0.0563889                1         1.12664       0.0210972         1.12664        0.936353       -0.544471       -0.477258         0.34089        0.995737        0.995736        0.995736        0.995736 
      0.0574581                1         1.14789       0.0260201         1.14789         0.92002        -0.56527       -0.504861        0.360603        0.995737        0.995736        0.995736        0.995736 
      0.0585475                1         1.16957       0.0314713         1.16957        0.920873       -0.586861       -0.534061        0.381456        0.995737        0.995736        0.995736        0.995736 
      0.0596575                1         1.19169       0.0374524         1.19169         0.94394       -0.609275       -0.564949        0.403513        0.995737        0.995736        0.995736        0.995736 
      0.0607886                1         1.21426        0.043965         1.21426        0.993631       -0.632544       -0.597625        0.426847        0.995737        0.995736        0.995736        0.995736 
      0.0619411                1         1.23727       0.0510103         1.23727         1.07379         -0.6567       -0.632192         0.45153        0.995737        0.995736        0.995736        0.995736 
      0.0631155                1         1.26072       0.0585896         1.26072         1.18773       -0.681777        -0.66876         0.47764        0.995737        0.995736        0.995736        0.995736 
      0.0643122                1          1.2846       0.0667041          1.2846         1.33829       -0.707812       -0.707445        0.505262        0.995738        0.995736        0.995736        0.995736 
      0.0655315                1          1.3089        0.075355          1.3089         1.52786        -0.73484       -0.748371        0.534482        0.995738        0.995736        0.995736        0.995736 
       0.066774                1         1.33362       0.0845435         1.33362         1.75843       -0.762899       -0.791667        0.565394        0.995738        0.995736        0.995736        0.995736 
        0.06804                1         1.35877       0.0942707         1.35877         2.02933       -0.792029       -0.837471        0.598094        0.995738        0.995736        0.995736        0.995736 
        0.06933                1         1.38435        0.104538         1.38435         2.33284       -0.822271       -0.885928        0.632688        0.995738        0.995736        0.995736        0.995736 
      0.0706445                1         1.41042        0.115347         1.41042         2.66066       -0.853668       -0.937193        0.669285        0.995738        0.995736        0.995736        0.995736 
      0.0719839                1         1.43699        0.126698         1.43699         3.00525       -0.886264       -0.991428           0.708        0.995739        0.995736        0.995736        0.995736 
      0.0733487                1         1.46409        0.138594         1.46409         3.35981       -0.920105         -1.0488        0.748957        0.995739        0.995736        0.995736        0.995736 
      0.0747394                1         1.49172        0.151035         1.49172         3.71822       -0.955237        -1.10951        0.792286        0.995739        0.995736        0.995736        0.995736 
      0.0761564                1          1.5199        0.164024          1.5199         4.07497       -0.991711        -1.17372        0.838123        0.995739        0.995736        0.995736        0.995736 
      0.0776003                1         1.54863        0.177563         1.54863         4.42515        -1.02958        -1.24166        0.886614         0.99574        0.995736        0.995736        0.995736 
      0.0790716                1         1.57792        0.191653         1.57792         4.76436        -1.06889        -1.31354        0.937912         0.99574        0.995736        0.995736        0.995736 
      0.0805708                1         1.60775        0.206297         1.60775         5.08872        -1.10971        -1.38958        0.992181         0.99574        0.995736        0.995736        0.995736 
      0.0820984                1         1.63814        0.221497         1.63814         5.39479        -1.15208        -1.47002         1.04959         0.99574        0.995736        0.995736        0.995736 
       0.083655                1         1.66907        0.237256         1.66907         5.67959        -1.19607        -1.55512         1.11032         0.99574        0.995736        0.995736        0.995736 
       0.085241                1         1.70055        0.253577         1.70055         5.94721        -1.24174        -1.64515         1.17457         0.99574        0.995736        0.995736        0.995736 
      0.0868572                1         1.73261        0.270464         1.73261          6.2156        -1.28916         -1.7404         1.24254         0.99574        0.995736        0.995736        0.995736 
       0.088504                1         1.76527        0.287919         1.76527         6.50267        -1.33838        -1.84116         1.31444        0.995741        0.995736        0.995736        0.995736 
       0.090182                1         1.79857        0.305945         1.79857         6.82431        -1.38949        -1.94775          1.3905        0.995741        0.995736        0.995736        0.995736 
      0.0918918                1         1.83252        0.324549         1.83252         7.19461        -1.44254        -2.06052         1.47097        0.995741        0.995736        0.995736        0.995736 
      0.0936341                1         1.86712        0.343732         1.86712         7.62593        -1.49762        -2.17981         1.55608        0.995741        0.995736        0.995736        0.995736 
      0.0954093                1         1.90239          0.3635         1.90239         8.12909         -1.5548          -2.306         1.64613        0.995741        0.995736        0.995736        0.995736 
      0.0972183                1         1.93833        0.383858         1.93833          8.7135        -1.61417         -2.4395         1.74138        0.995741        0.995736        0.995736        0.995736 
      0.0990615                1         1.97494        0.404811         1.97494         9.38721         -1.6758        -2.58072         1.84214        0.995742        0.995736        0.995736        0.995736 
        0.10094                1          2.0122        0.426364          2.0122         10.1568        -1.73978        -2.73011         1.94872        0.995742        0.995736        0.995736        0.995736 
       0.102853                1         2.05015        0.448523         2.05015         11.0202         -1.8062        -2.88814         2.06147        0.995742        0.995736        0.995736        0.995736 
       0.104804                1          2.0888        0.471295          2.0888         11.9684        -1.87515        -3.05531         2.18073        0.995743        0.995736        0.995736        0.995736 
       0.106791                1          2.1282        0.494685          2.1282         12.9924        -1.94674        -3.23214         2.30689        0.995743        0.995736        0.995736        0.995736 
       0.108815                1         2.16835        0.518701         2.16835         14.0839        -2.02105        -3.41919         2.44034        0.995744        0.995736        0.995736        0.995736 
       0.110878                1         2.20927        0.543349         2.20927         15.2353        -2.09819        -3.61706         2.58149        0.995744        0.995736        0.995736        0.995736 
       0.112981                1         2.25097        0.568638         2.25097         16.4394        -2.17828        -3.82635          2.7308        0.995745        0.995736        0.995736        0.995736 
       0.115123                1         2.29346        0.594575         2.29346         17.6896        -2.26141        -4.04774         2.88873        0.995745        0.995736        0.995736        0.995736 
       0.117305                1         2.33672        0.621168         2.33672         18.9799        -2.34771        -4.28191         3.05578        0.995746        0.995736        0.995736        0.995736 
        0.11953                1         2.38077        0.648426         2.38077         20.3134         -2.4373         -4.5296         3.23248        0.995746        0.995736        0.995736        0.995736 
       0.121796                1         2.42565        0.676359         2.42565         21.7074         -2.5303        -4.79158         3.41937        0.995747        0.995736        0.995736        0.995736 
       0.124105                1         2.47138        0.704975         2.47138         23.1784        -2.62684        -5.06869         3.61704        0.995747        0.995736        0.995736        0.995736 
       0.126458                1         2.51798        0.734284         2.51798          24.741        -2.72705        -5.36178         3.82611        0.995748        0.995736        0.995736        0.995736 
       0.128856                1         2.56547        0.764297         2.56547         26.4078        -2.83107        -5.67177         4.04724        0.995748        0.995736        0.995736        0.995736 
       0.131299                1         2.61385        0.795023         2.61385         28.1895        -2.93905        -5.99963         4.28112        0.995749        0.995736        0.995736        0.995736 
       0.133788                1         2.66312        0.826475         2.66312         30.0953        -3.05113        -6.34639         4.52847        0.995749        0.995736        0.995736        0.995736 
       0.136325                1         2.71329        0.858663         2.71329         32.1431        -3.16747        -6.71313         4.79008         0.99575        0.995736        0.995736        0.995736 
       0.138909                1         2.76441          0.8916         2.76441          34.372        -3.28823        -7.10099         5.06674        0.995751        0.995736        0.995736        0.995736 
       0.141543                1         2.81648        0.925297         2.81648         36.8191        -3.41357        -7.51118         5.35934        0.995751        0.995736        0.995736        0.995736 
       0.144227                1         2.86954        0.959766         2.86954         39.5171        -3.54366        -7.94498         5.66877        0.995752        0.995736        0.995736        0.995736 
       0.146961                1          2.9236        0.995022          2.9236         42.4939        -3.67869        -8.40373         5.99601        0.995753        0.995736        0.995736        0.995736 
       0.149748                1         2.97866         1.03108         2.97866         45.7733        -3.81884        -8.88886         6.34206        0.995754        0.995736        0.995736        0.995736 
       0.152587                1         3.03473         1.06794         3.03473         49.3687         -3.9643        -9.40188         6.70799        0.995755        0.995736        0.995736        0.995736 
        0.15548                1         3.09184         1.10564         3.09184         53.2561        -4.11526        -9.94436         7.09495        0.995756        0.995736        0.995736        0.995736 
       0.158428                1         3.15002         1.14418         3.15002         57.4024        -4.27194         -10.518         7.50413        0.995757        0.995736        0.995736        0.995736 
       0.161431                1         3.20929         1.18357         3.20929         61.7764        -4.43454        -11.1246         7.93679        0.995758        0.995736        0.995736        0.995736 
       0.164492                1         3.26966         1.22384         3.26966         66.3497        -4.60329        -11.7659         8.39427        0.995759        0.995736        0.995736        0.995736 
       0.167611                1         3.33115         1.26499         3.33115         71.0961        -4.77841         -12.444         8.87797        0.995761        0.995736        0.995736        0.995736 
       0.170789                1         3.39376         1.30705         3.39376         76.0256        -4.96014         -13.161         9.38939        0.995762        0.995736        0.995736        0.995736 
       0.174027                1         3.45754         1.35002         3.45754         81.2014        -5.14872         -13.919         9.93008        0.995763        0.995736        0.995736        0.995736 
       0.177326                1          3.5225         1.39394          3.5225         86.6845        -5.34441        -14.7204         10.5017        0.995764        0.995736        0.995736        0.995736 
       0.180688                1         3.58866         1.43881         3.58866         92.5278        -5.54746        -15.5676          11.106        0.995766        0.995736        0.995736        0.995736 
       0.184114                1         3.65604         1.48465         3.65604         98.7774        -5.75815        -16.4632         11.7449        0.995767        0.995736        0.995736        0.995736 
       0.187605                1         3.72465         1.53149         3.72465         105.498        -5.97675        -17.4099         12.4202        0.995769        0.995736        0.995736        0.995736 
       0.191162                1         3.79451         1.57933         3.79451         112.797        -6.20356        -18.4106          13.134         0.99577        0.995736        0.995736        0.995736 
       0.194786                1         3.86567          1.6282         3.86567         120.774        -6.43888        -19.4683         13.8885        0.995772        0.995736        0.995736        0.995736 
       0.198479                1         3.93813         1.67811         3.93813         129.515          -6.683        -20.5863          14.686        0.995774        0.995736        0.995736        0.995736 
       0.202242                1         4.01191         1.72909         4.01191         139.089        -6.93626        -21.7679         15.5289        0.995776        0.995736        0.995736        0.995736 
       0.206077                1         4.08702         1.78116         4.08702         149.493        -7.19898        -23.0166         16.4196        0.995778        0.995736        0.995736        0.995736 
       0.209984                1          4.1635         1.83433          4.1635          160.67        -7.47149        -24.3361         17.3609         0.99578        0.995736        0.995736        0.995736 
       0.213965                1         4.24138         1.88863         4.24138          172.57        -7.75416        -25.7305         18.3556        0.995783        0.995736        0.995736        0.995736 
       0.218022                1         4.32066         1.94408         4.32066          185.14        -8.04735        -27.2038         19.4066        0.995785        0.995736        0.995736        0.995736 
       0.222156                1         4.40137         2.00069         4.40137         198.362        -8.35142        -28.7605          20.517        0.995788        0.995736        0.995736        0.995736 
       0.226368                1         4.48353         2.05849         4.48353         212.265        -8.66677        -30.4051         21.6902         0.99579        0.995736        0.995736        0.995736 
        0.23066                1         4.56718          2.1175         4.56717         226.872        -8.99378        -32.1424         22.9295        0.995793        0.995736        0.995736        0.995736 
       0.235033                1         4.65231         2.17774         4.65231         242.206        -9.33287        -33.9775         24.2386        0.995796        0.995736        0.995736        0.995736 
       0.239489                1         4.73896         2.23923         4.73896         258.406        -9.68447        -35.9158         25.6214        0.995798        0.995736        0.995736        0.995736 
        0.24403                1         4.82715           2.302         4.82715         275.749         -10.049        -37.9629         27.0817        0.995801        0.995736        0.995736        0.995736 
       0.248656                1          4.9169         2.36606          4.9169         294.491        -10.4269        -40.1247         28.6239        0.995805        0.995736        0.995736        0.995736 
       0.253371                1         5.00823         2.43144         5.00823         314.849        -10.8186        -42.4073         30.2523        0.995808        0.995736        0.995736        0.995736 
       0.258175                1         5.10117         2.49816         5.10117         336.971        -11.2247        -44.8174         31.9716        0.995812        0.995736        0.995736        0.995736 
        0.26307                1         5.19573         2.56624         5.19573         360.959        -11.6455        -47.3616         33.7867        0.995816        0.995736        0.995736        0.995736 
       0.268057                1         5.29194         2.63571         5.29194         386.897        -12.0817        -50.0473         35.7027         0.99582        0.995736        0.995736        0.995736 
        0.27314                1         5.38981         2.70658         5.38981         414.775        -12.5336        -52.8818         37.7248        0.995824        0.995736        0.995736        0.995736 
       0.278318                1         5.48937         2.77888         5.48937         444.446        -13.0018        -55.8731         39.8589        0.995829        0.995736        0.995736        0.995736 
       0.283595                1         5.59063         2.85262         5.59063         475.757        -13.4869        -59.0294         42.1107        0.995833        0.995736        0.995736        0.995736 
       0.288972                1         5.69362         2.92784         5.69361         508.627        -13.9894        -62.3593         44.4863        0.995838        0.995736        0.995736        0.995736 
       0.294451                1         5.79835         3.00455         5.79835         543.198        -14.5099        -65.8718         46.9923        0.995843        0.995736        0.995736        0.995736 
       0.300034                1         5.90484         3.08277         5.90484         579.634        -15.0489        -69.5764         49.6353        0.995848        0.995736        0.995736        0.995736 
       0.305722                1         6.01311         3.16252         6.01311          618.16         -15.607        -73.4829         52.4224        0.995854        0.995736        0.995736        0.995736 
       0.311519                1         6.12317         3.24382         6.12317         659.298        -16.1848        -77.6015         55.3609        0.995859        0.995736        0.995736        0.995736 
       0.317425                1         6.23505         3.32669         6.23505         703.584        -16.7828        -81.9431         58.4584        0.995865        0.995736        0.995736        0.995736 
       0.323443                1         6.34875         3.41115         6.34875         751.446        -17.4018        -86.5187          61.723        0.995871        0.995736        0.995736        0.995736 
       0.329576                1         6.46429         3.49722         6.46429         803.161        -18.0424        -91.3401         65.1629        0.995878        0.995736        0.995736        0.995736 
       0.335824                1         6.58168         3.58491         6.58168         858.937        -18.7051        -96.4192         68.7868        0.995885        0.995736        0.995736        0.995736 
       0.342191                1         6.70093         3.67424         6.70093         918.764        -19.3906        -101.769         72.6036        0.995893        0.995736        0.995736        0.995736 
       0.348679                1         6.82205         3.76523         6.82205         982.382        -20.0995        -107.402         76.6227          0.9959        0.995736        0.995736        0.995736 
        0.35529                1         6.94506         3.85788         6.94506         1049.53        -20.8325        -113.332         80.8537        0.995909        0.995736        0.995736        0.995736 
       0.362026                1         7.06995         3.95222         7.06995         1120.14        -21.5903        -119.572         85.3066        0.995917        0.995736        0.995736        0.995736 
        0.36889                1         7.19674         4.04825         7.19674         1194.56        -22.3735        -126.139         89.9918        0.995926        0.995736        0.995736        0.995736 
       0.375884                1         7.32543         4.14599         7.32543         1273.14        -23.1827        -133.045           94.92        0.995934        0.995736        0.995736        0.995736 
       0.383011                1         7.45601         4.24544         7.45601         1356.38        -24.0186        -140.308         100.102        0.995944        0.995736        0.995736        0.995736 
       0.390273                1         7.58849         4.34661         7.58849          1445.3        -24.8819        -147.942          105.55        0.995953        0.995736        0.995736        0.995736 
       0.397672                1         7.72287         4.44951         7.72287         1540.84        -25.7732        -155.965         111.274        0.995964        0.995736        0.995736        0.995736 
       0.405212                1         7.85913         4.55413         7.85913         1643.66        -26.6932        -164.393         117.288        0.995975        0.995736        0.995736        0.995736 
       0.412895                1         7.99728         4.66049         7.99728         1753.93        -27.6424        -173.242         123.603        0.995986        0.995736        0.995736        0.995736 
       0.420723                1          8.1373         4.76858          8.1373         1871.75        -28.6215        -182.532         130.232        0.995999        0.995736        0.995736        0.995736 
         0.4287                1         8.27918         4.87839         8.27918         1996.93        -29.6312        -192.279         137.187        0.996011        0.995736        0.995736        0.995736 
       0.436828                1         8.42291         4.98992         8.42291         2129.11        -30.6719        -202.503         144.483        0.996024        0.995736        0.995736        0.995736 
        0.44511                1         8.56846         5.10317         8.56846         2268.08        -31.7443        -213.221         152.131        0.996038        0.995736        0.995736        0.995736 
       0.453549                1         8.71582         5.21812         8.71582         2414.46         -32.849        -224.453         160.147        0.996052        0.995736        0.995736        0.995736 
       0.462148                1         8.86495         5.33476         8.86495         2569.05        -33.9863        -236.218         168.542        0.996067        0.995736        0.995736        0.995736 
       0.470911                1         9.01584         5.45308         9.01584         2733.06        -35.1569        -248.534         177.332        0.996082        0.995736        0.995736        0.995736 
       0.479839                1         9.16845         5.57305         9.16845         2908.07        -36.3612        -261.422         186.529        0.996098        0.995736        0.995736        0.995736 
       0.488937                1         9.32274         5.69465         9.32274         3095.36        -37.5996          -274.9         196.148        0.996115        0.995736        0.995736        0.995736 
       0.498207                1         9.47867         5.81786         9.47867          3295.5        -38.8724        -288.988         206.202        0.996133        0.995736        0.995736        0.995736 
       0.507653                1         9.63621         5.94264         9.63621         3508.84        -40.1802        -303.705         216.705        0.996151        0.995736        0.995736        0.995736 
       0.517278                1         9.79531         6.06897         9.79531         3735.23         -41.523         -319.07         227.671        0.996171        0.995736        0.995736        0.995736 
       0.527085                1          9.9559         6.19681          9.9559         3974.39        -42.9012        -335.102         239.113        0.996191        0.995736        0.995736        0.995736 
       0.537079                1          10.118         6.32612          10.118          4226.1        -44.3149        -351.818         251.044        0.996212        0.995736        0.995736        0.995736 
       0.547261                1         10.2814         6.45686         10.2814         4490.59        -45.7643        -369.237         263.476        0.996234        0.995736        0.995736        0.995736 
       0.557637                1         10.4462         6.58897         10.4462         4769.56        -47.2494        -387.377         276.423        0.996257        0.995736        0.995736        0.995736 
        0.56821                1         10.6122         6.72241         10.6122         5064.94        -48.7702        -406.252         289.895         0.99628        0.995736        0.995736        0.995736 
       0.578983                1         10.7794         6.85713         10.7794         5378.64        -50.3267         -425.88         303.905        0.996305        0.995736        0.995736        0.995736 
       0.589961                1         10.9478         6.99306         10.9478         5712.53        -51.9186        -446.274         318.462        0.996331        0.995736        0.995736        0.995736 
       0.601146                1         11.1171         7.13014         11.1171         6068.33        -53.5459        -467.449         333.576        0.996359        0.995736        0.995736        0.995736 
       0.612544                1         11.2875         7.26832         11.2875         6446.23        -55.2081        -489.417         349.257        0.996387        0.995736        0.995736        0.995736 
       0.624157                1         11.4587         7.40751         11.4587         6845.86        -56.9048        -512.189         365.513        0.996417        0.995736        0.995736        0.995736 
       0.635991                1         11.6307         7.54765         11.6307         7267.05        -58.6357        -535.776         382.349        0.996449        0.995736        0.995736        0.995736 
       0.648049                1         11.8034         7.68865         11.8034         7709.99        -60.4001        -560.184         399.774        0.996481        0.995736        0.995736        0.995736 
       0.660336                1         11.9766         7.83045         11.9766         8175.44        -62.1975        -585.422          417.79        0.996514        0.995736        0.995736        0.995736 
       0.672856                1         12.1504         7.97296         12.1504         8665.46         -64.027        -611.494         436.403        0.996549        0.995736        0.995736        0.995736 
       0.685613                1         12.3245         8.11609         12.3245         9183.06        -65.8879        -638.403         455.613        0.996586        0.995736        0.995736        0.995736 
       0.698612                1          12.499         8.25976          12.499         9731.66        -67.7793        -666.151         475.423        0.996624        0.995736        0.995736        0.995736 
       0.711858                1         12.6736         8.40388         12.6736         10313.6        -69.7001        -694.736         495.831        0.996664        0.995736        0.995736        0.995736 
       0.725354                1         12.8483         8.54834         12.8483         10930.7        -71.6493        -724.155         516.835        0.996706        0.995736        0.995736        0.995736 
       0.739107                1          13.023         8.69307          13.023         11584.2        -73.6258        -754.404         538.433         0.99675        0.995736        0.995736        0.995736 
        0.75312                1         13.1975         8.83797         13.1975           12274        -75.6283        -785.476         560.618        0.996796        0.995736        0.995736        0.995736 
       0.767399                1         13.3717         8.98293         13.3717         12999.9        -77.6555         -817.36         583.384        0.996845        0.995736        0.995736        0.995736 
       0.781949                1         13.5456         9.12786         13.5456         13762.2         -79.706        -850.045         606.722        0.996894        0.995736        0.995736        0.995736 
       0.796775                1          13.719         9.27266          13.719         14562.7        -81.7783        -883.518         630.624        0.996946        0.995736        0.995736        0.995736 
       0.811881                1         13.8918         9.41723         13.8918         15403.7        -83.8709         -917.76         655.076           0.997        0.995736        0.995736        0.995736 
       0.827274                1         14.0639         9.56147         14.0639         16289.9        -85.9822        -952.755         680.066        0.997057        0.995736        0.995736        0.995736 
       0.842959                1         14.2352         9.70529         14.2352         17228.2        -88.1107        -988.481         705.579        0.997116        0.995736        0.995736        0.995736 
       0.858941                1         14.4055         9.84859         14.4055           18223        -90.2545        -1024.92         731.598        0.997178        0.995736        0.995736        0.995736 
       0.875227                1         14.5748         9.99127         14.5748         19272.3        -92.4119        -1062.03         758.107        0.997244        0.995736        0.995736        0.995736 
       0.891821                1          14.743         10.1332          14.743         20372.2        -94.5813        -1099.81         785.085        0.997311        0.995736        0.995736        0.995736 
        0.90873                1         14.9099         10.2744           14.91         21528.6        -96.7607        -1138.21         812.511        0.997382        0.995736        0.995736        0.995736 
       0.925959                1         15.0756         10.4146         15.0755         22762.3        -98.9484         -1177.2         840.365        0.997457        0.995736        0.995736        0.995736 
       0.943515                1         15.2396         10.5539         15.2397         24086.1        -101.142        -1216.76         868.622        0.997538        0.995736        0.995736        0.995736 
       0.961404                1         15.4028         10.6921         15.4023         25469.6        -103.341        -1256.85         897.258        0.997621        0.995736        0.995736        0.995736 
       0.979632                1         15.5617         10.8291         15.5633         26843.4        -105.542        -1297.44         926.249        0.997702        0.995736        0.995736        0.995736 
       0.998205                1         15.7209         10.9649         15.7226         28162.7        -107.745        -1338.48         955.567        0.997778        0.995736        0.995736        0.995736 
        1.01713                1         15.7419         11.0993         15.7378         28286.7        -109.946        -1379.94         985.186        0.997785        0.995736        0.995736        0.995736 
        1.03642                1         15.7367         11.2324         15.7378         28286.7        -112.144        -1421.78         1015.08        0.997785        0.995736        0.995736        0.995736 
        1.05607                1          15.738          11.364         15.7378         28286.7        -114.338        -1463.96         1045.21        0.997785        0.995736        0.995736        0.995736 
        1.07609                1         15.7377         11.4941         15.7378         28286.7        -116.526        -1506.45         1075.57        0.997785        0.995736        0.995736        0.995736 
        1.09649                1         15.7378         11.6226         15.7378         28286.7        -118.705        -1549.19         1106.11        0.997785        0.995736        0.995736        0.995736 
        1.11728                1         15.7378         11.7494         15.7378         28286.7        -120.875        -1592.15          1136.8        0.997785        0.995736        0.995736        0.995736 
        1.13846                1         15.7378         11.8745         15.7378         28286.7        -123.033        -1635.29         1167.63        0.997785        0.995736        0.995736        0.995736 
        1.16005                1         15.7378         11.9978         15.7378         28286.7        -125.178        -1678.56         1198.55        0.997785        0.995736        0.995736        0.995736 
        1.18204                1         15.7378         12.1193         15.7378         28286.7        -127.309        -1721.93         1229.54        0.997785        0.995736        0.995736        0.995736 
        1.20445                1         15.7378          12.239         15.7378         28286.7        -129.423        -1765.36         1260.58        0.997785        0.995736        0.995736        0.995736 
        1.22729                1         15.7378         12.3568         15.7378         28286.7         -131.52        -1808.79         1291.62        0.997785        0.995736        0.995736        0.995736 
        1.25056                1         15.7378         12.4727         15.7378         28286.7        -133.599        -1852.21         1322.65        0.997785        0.995736        0.995736        0.995736 
        1.27427                1         15.7378         12.5866         15.7378         28286.7        -135.657        -1895.56         1353.64        0.997785        0.995736        0.995736        0.995736 
        1.29843                1         15.7378         12.6985         15.7378         28286.7        -137.693         -1938.8         1384.55        0.997785        0.995736        0.995736        0.995736 
        1.32305                1         15.7378         12.8084         15.7378         28286.7        -139.708        -1981.91         1415.36        0.997785        0.995736        0.995736        0.995736 
        1.34813                1         15.7378         12.9163         15.7378         28286.7        -141.699        -2024.84         1446.05        0.997785        0.995736        0.995736        0.995736 
        1.37369                1         15.7378         13.0221         15.7378         28286.7        -143.665        -2067.57         1476.59        0.997785        0.995736        0.995736        0.995736 
        1.39974                1         15.7378         13.1259         15.7378         28286.7        -145.606        -2110.05         1506.96        0.997785        0.995736        0.995736        0.995736 
        1.42628                1         15.7378         13.2277         15.7378         28286.7         -147.52        -2152.25         1537.13        0.997785        0.995736        0.995736        0.995736 
        1.45332                1         15.7378         13.3273         15.7378         28286.7        -149.407        -2194.15         1567.09        0.997785        0.995736        0.995736        0.995736 
        1.48087                1         15.7378         13.4249         15.7378         28286.7        -151.266        -2235.71          1596.8        0.997785        0.995736        0.995736        0.995736 
        1.50895                1         15.7378         13.5204         15.7378         28286.7        -153.097         -2276.9         1626.26        0.997785        0.995736        0.995736        0.995736 
        1.53756                1         15.7378         13.6139         15.7378         28286.7        -154.898         -2317.7         1655.44        0.997785        0.995736        0.995736        0.995736 
        1.56671                1         15.7378         13.7052         15.7378         28286.7         -156.67        -2358.09         1684.32        0.997785        0.995736        0.995736        0.995736 
        1.59641                1         15.7378         13.7946         15.7378         28286.7        -158.412        -2398.04         1712.88        0.997785        0.995736        0.995736        0.995736 
        1.62668                1         15.7378         13.8819         15.7378         28286.7        -160.123        -2437.52         1741.12        0.997785        0.995736        0.995736        0.995736 
        1.65752                1         15.7378         13.9671         15.7378         28286.7        -161.803        -2476.53         1769.02        0.997785        0.995736        0.995736        0.995736 
        1.68895                1         15.7378         14.0504         15.7378         28286.7        -163.452        -2515.03         1796.55        0.997785        0.995736        0.995736        0.995736 
        1.72097                1         15.7378         14.1317         15.7378         28286.7         -165.07        -2553.01         1823.72        0.997785        0.995736        0.995736        0.995736 
         1.7536                1         15.7378          14.211         15.7378         28286.7        -166.657        -2590.45          1850.5        0.997785        0.995736        0.995736        0.995736 
        1.78685                1         15.7378         14.2883         15.7378         28286.7        -168.211        -2627.35          1876.9        0.997785        0.995736        0.995736        0.995736 
        1.82073                1         15.7378         14.3637         15.7378         28286.7        -169.734        -2663.68         1902.89        0.997785        0.995736        0.995736        0.995736 
        1.85525                1         15.7378         14.4372         15.7378         28286.7        -171.226        -2699.44         1928.47        0.997785        0.995736        0.995736        0.995736 
        1.89042                1         15.7378         14.5089         15.7378         28286.7        -172.685        -2734.61         1953.63        0.997785        0.995736        0.995736        0.995736 
        1.92626                1         15.7378         14.5786         15.7378         28286.7        -174.114        -2769.19         1978.37        0.997785        0.995736        0.995736        0.995736 
        1.96279                1         15.7378         14.6466         15.7378         28286.7         -175.51        -2803.17         2002.68        0.997785        0.995736        0.995736        0.995736 
              2                1         15.7378         14.6469         15.7378         28286.7        -175.517        -2803.34          2002.8        0.997785        0.995736        0.995736        0.995736 
