# k  (h/Mpc)    Pcb(k)  (Mpc/h)^3    Pcb_linear(k)  (Mpc/h)^3
     0.00783031         1702.68         1720.33 
       0.013688         2084.49            2085 
       0.019231         2083.12         2081.91 
      0.0249154         1889.12         1901.19 
      0.0312784         1622.41         1624.12 
      0.0375637         1367.93         1363.71 
      0.0433917         1169.75         1171.71 
      0.0492413         1034.58         1032.92 
      0.0555754         926.933         931.774 
      0.0619321         866.093         861.194 
       0.067871         801.712         805.011 
      0.0738098           742.5         746.104 
      0.0800417         671.013         676.448 
      0.0862327         600.095         601.942 
      0.0921407             533         532.442 
      0.0982031         468.761         469.542 
       0.104506         421.783         417.713 
       0.110769         384.199         380.686 
       0.116806         357.389         356.324 
       0.122832         341.619         339.098 
       0.129052         323.999         324.147 
       0.135211         308.104         308.385 
       0.141259          291.53         290.053 
       0.147318         271.685         268.922 
       0.153489         248.078          246.16 
       0.159709          227.13         224.229 
       0.165845         210.537         205.479 
       0.171974         193.989         190.584 
       0.178125         183.411         179.443 
       0.184229         175.588         171.334 
        0.19034         166.807          164.92 
       0.196428         162.298         158.968 
       0.202534         157.077         152.493 
       0.208729         148.641         144.981 
       0.214876         139.649         136.721 
       0.220989         132.746         128.232 
       0.227147         123.516         120.054 
        0.23329         116.562         112.802 
       0.239377         111.284         106.785 
       0.245482         105.143         101.905 
       0.251667          102.38         97.8932 
       0.257832          98.767         94.4568 
       0.263955         95.3978         91.2277 
       0.270079         91.9755         87.9018 
        0.27624          89.272         84.3417 
       0.282372         85.5264         80.6118 
        0.28843         81.4225          76.884 
       0.294538         77.7746         73.2612 
       0.300721         75.2374         69.8896 
        0.30691         71.6291         66.9025 
       0.313033         69.1673         64.3311 
       0.319153         65.9998         62.0827 
       0.325316         64.9358         60.0346 
        0.33145         62.6084         58.1054 
       0.337538         60.9339         56.2115 
       0.343633         58.7458         54.2961 
       0.349808         56.9562          52.335 
       0.355968         55.1332         50.3909 
       0.362074         53.1795         48.5264 
       0.368217         51.4578         46.7549 
       0.374374         49.7087          45.116 
       0.380519         48.3816         43.6186 
       0.386598          47.034         42.2598 
       0.392688         45.9737         40.9936 
        0.39888         44.5911         39.7688 
       0.405048         43.4953         38.5869 
       0.411186         42.3964         37.4311 
       0.417313         40.9824          36.292 
       0.423458         39.8961         35.1732 
       0.429607         38.7486          34.087 
       0.435692         37.5316         33.0569 
       0.441815         36.7809         32.0748 
       0.447964         36.0908         31.1454 
       0.454126         34.6839         30.2667 
       0.460267         34.0394         29.4379 
       0.466387         33.0177         28.6485 
        0.47254         32.4712         27.8819 
       0.478662         31.8647         27.1406 
       0.484765          30.892         26.4213 
       0.490885         30.1664         25.7184 
       0.497035         29.7517         25.0326 
       0.503198         28.9347         24.3697 
       0.509342         28.1847         23.7356 
       0.515458         27.5584         23.1307 
       0.521598         27.0513         22.5488 
       0.527764         26.4435         21.9888 
       0.533884         25.9829         21.4545 
           0.54         25.3978         20.9389 
       0.546137         24.9597         20.4369 
       0.552299         24.5227         19.9474 
       0.558452         23.7634         19.4731 
       0.564573         23.4177         19.0153 
       0.570708         22.9954         18.5706 
       0.576825         22.4104         18.1414 
       0.582926         21.9936         17.7278 
       0.589034         21.4039          17.328 
       0.595184         21.1121         16.9394 
       0.601379         20.6797          16.561 
       0.607522         20.3323         16.1974 
       0.613639          20.094         15.8461 
       0.619772          19.559         15.5039 
       0.625918         19.4278         15.1708 
       0.632068         19.1043         14.8472 
       0.638161         18.6635         14.5357 
         0.6443         18.2843         14.2309 
       0.650464         17.9394         13.9338 
       0.656582         17.8128         13.6475 
       0.662703         17.4719         13.3695 
       0.668861         17.1371          13.098 
       0.675024         16.8147         12.8341 
       0.681124         16.5252         12.5803 
       0.687237         16.2565         12.3329 
       0.693381         16.0805          12.091 
       0.699536         15.6477          11.855 
       0.705665         15.5385         11.6262 
       0.711789         15.2314         11.4037 
       0.717957         14.9985         11.1855 
        0.72409         14.7613         10.9742 
       0.730186         14.5596         10.7699 
       0.736317         14.3931         10.5698 
       0.742472         14.1545         10.3741 
       0.748622         13.9643         10.1837 
        0.75476          13.692         9.99848 
       0.760888         13.5075          9.8182 
       0.767043         13.3417         9.64166 
       0.773185         13.0815         9.46983 
       0.779291         12.9968         9.30318 
       0.785407         12.8117         9.14032 
       0.791564         12.5941         8.98037 
       0.797719         12.3381         8.82436 
       0.803834         12.2918         8.67309 
       0.809972         12.1701         8.52488 
       0.816124         11.8973         8.37985 
       0.822261         11.7442         8.23863 
       0.828378         11.6082         8.10112 
       0.834502         11.5079         7.96667 
       0.840667         11.3164         7.83443 
       0.846816         11.1145         7.70558 
       0.852925         11.0121         7.58047 
       0.859047         10.8806         7.45788 
       0.865192         10.7813         7.33762 
       0.871341         10.6736         7.21994 
       0.877463         10.4891          7.1054 
       0.883569         10.3379         6.99364 
       0.889708         10.1711         6.88373 
       0.895864         10.0866         6.77592 
       0.902008         9.99614         6.67066 
       0.908149         9.88516          6.5677 
       0.914301         9.77015         6.46677 
       0.920448         9.60848         6.36807 
       0.926574         9.50341         6.27179 
       0.932687         9.40591         6.17771 
       0.938823         9.27845         6.08524 
       0.944975         9.16381         5.99446 
       0.951105         9.07689         5.90587 
       0.957225         9.02016         5.81924 
       0.963368          8.9082         5.73406 
       0.969511         8.81203         5.65059 
       0.975621         8.70769         5.56925 
       0.981748         8.60717         5.48931 
       0.987916         8.53817         5.41045 
        0.99406         8.40396         5.33344 
        1.00019         8.27947          5.2581 
        1.00632         8.26079         5.18429 
        1.01246         8.16302          5.1118 
        1.01859         8.04104         5.04082 
        1.02471         7.98658         4.97129 
        1.03085         7.90037         4.90284 
        1.03698         7.78819         4.83583 
        1.04314         7.73794          4.7698 
        1.04929          7.6379         4.70517 
        1.05541         7.55008           4.642 
        1.06154         7.49375         4.57984 
        1.06769         7.45628         4.51874 
        1.07382         7.33721         4.45896 
        1.07993         7.26892          4.4004 
        1.08607         7.21787         4.34266 
        1.09222          7.1456          4.2859 
        1.09836         7.06592         4.23023 
        1.10449         7.00161         4.17562 
        1.11063         6.92881         4.12191 
        1.11677         6.88794         4.06917 
         1.1229           6.831         4.01746 
        1.12903         6.74545          3.9666 
        1.13518         6.66911         3.91658 
        1.14131         6.60811         3.86746 
        1.14745         6.53898         3.81921 
        1.15359         6.50011         3.77177 
        1.15973         6.43525         3.72513 
        1.16584         6.35012         3.67949 
        1.17197         6.30381         3.63455 
        1.17811         6.27368         3.59023 
        1.18424         6.21316         3.54678 
        1.19038         6.18139         3.50392 
        1.19652         6.10824         3.46179 
        1.20267         6.04331         3.42036 
        1.20881          6.0187         3.37961 
        1.21495         5.96291          3.3396 
        1.22108         5.89483         3.30025 
         1.2272         5.85855         3.26162 
        1.23334         5.78752         3.22353 
        1.23949         5.73785         3.18596 
        1.24562          5.7092         3.14909 
        1.25174          5.6537         3.11287 
        1.25789         5.61346         3.07711 
        1.26402           5.576         3.04198 
        1.27014         5.52608         3.00748 
        1.27628         5.46954         2.97342 
        1.28244          5.4105         2.93983 
        1.28858          5.4022          2.9068 
        1.29471         5.33632         2.87436 
        1.30084         5.28604         2.84244 
        1.30697         5.28553         2.81096 
        1.31312         5.19078         2.77992 
        1.31925         5.16215         2.74944 
        1.32537         5.12269         2.71946 
        1.33151         5.10379         2.68981 
        1.33765         5.04122         2.66063 
        1.34378         5.00774         2.63194 
        1.34992         4.98042         2.60366 
        1.35606         4.92382         2.57573 
         1.3622         4.90166         2.54826 
        1.36833         4.85995         2.52125 
        1.37445         4.82585         2.49466 
        1.38059          4.8097         2.46836 
        1.38675         4.76807         2.44239 
        1.39288          4.7347         2.41689 
        1.39901         4.67948         2.39177 
        1.40515         4.65423         2.36695 
         1.4113         4.62255          2.3425 
        1.41742         4.59036         2.31848 
        1.42355         4.54893         2.29476 
         1.4297         4.51895          2.2713 
        1.43585          4.4995         2.24817 
        1.44198         4.47678         2.22546 
        1.44809         4.43077         2.20311 
        1.45423         4.39633         2.18098 
        1.46036         4.36034         2.15919 
        1.46649         4.33431          2.1377 
        1.47263         4.29891         2.11648 
        1.47877         4.26841         2.09556 
        1.48491         4.24303          2.0749 
        1.49104          4.2174         2.05455 
        1.49718          4.1897         2.03446 
        1.50333         4.16615         2.01462 
        1.50947         4.13004         1.99507 
         1.5156         4.10515         1.97582 
        1.52172         4.08065         1.95682 
        1.52787         4.05656         1.93804 
          1.534         4.02102         1.91952 
        1.54013         4.00426         1.90127 
        1.54627         3.96633         1.88322 
        1.55241         3.94159          1.8654 
        1.55855          3.9256         1.84784 
        1.56467          3.8976         1.83056 
         1.5708          3.8733         1.81345 
        1.57695         3.84004         1.79653 
        1.58308         3.81137         1.77987 
        1.58922         3.80304         1.76341 
        1.59535         3.77878         1.74716 
         1.6015         3.74725         1.73109 
        1.60764         3.72349         1.71524 
        1.61376         3.70518         1.69963 
        1.61989         3.68214          1.6842 
        1.62604         3.65498         1.66893 
        1.63218         3.64673         1.65386 
        1.63831         3.61647         1.63901 
        1.64444         3.59577         1.62433 
        1.65059         3.56154         1.60981 
        1.65673         3.55657         1.59547 
        1.66285         3.52274         1.58135 
        1.66898         3.50529          1.5674 
        1.67512         3.48146         1.55359 
        1.68127         3.46188         1.53993 
         1.6874          3.4514         1.52647 
        1.69353         3.41485         1.51318 
        1.69967         3.40324         1.50001 
        1.70581         3.38713         1.48701 
        1.71193         3.36407         1.47421 
        1.71806         3.34893         1.46153 
        1.72421           3.327         1.44898 
        1.73035         3.31277         1.43659 
        1.73649         3.28973         1.42435 
        1.74262         3.26838         1.41226 
        1.74876         3.25811          1.4003 
        1.75489         3.23709         1.38851 
        1.76101         3.21033         1.37686 
        1.76715         3.20148         1.36532 
        1.77329         3.18653          1.3539 
        1.77943         3.15381         1.34261 
        1.78557         3.14594         1.33147 
        1.79171         3.12976         1.32045 
        1.79785            3.11         1.30955 
        1.80399         3.09231         1.29878 
        1.81012          3.0779         1.28814 
        1.81625         3.06111         1.27763 
        1.82239         3.04333         1.26722 
        1.82853         3.02273         1.25693 
        1.83466         3.01533         1.24677 
        1.84078         2.99927         1.23673 
        1.84692         2.98735         1.22678 
        1.85306         2.96099         1.21693 
         1.8592         2.94362         1.20721 
        1.86533         2.93071         1.19759 
        1.87147          2.9206         1.18807 
        1.87761         2.90088         1.17865 
        1.88375         2.88626         1.16935 
        1.88988         2.87033         1.16015 
        1.89601         2.85581         1.15105 
        1.90215         2.84001         1.14204 
        1.90829         2.82194         1.13313 
        1.91442         2.81408         1.12432 
        1.92056         2.79484          1.1156 
         1.9267         2.78246         1.10697 
        1.93284         2.77227         1.09843 
        1.93897         2.75813         1.08999 
        1.94509         2.73991         1.08166 
        1.95123         2.72573          1.0734 
        1.95737         2.70852         1.06521 
        1.96349         2.70198         1.05714 
        1.96964         2.69263         1.04912 
        1.97578         2.66936         1.04118 
        1.98192         2.66207         1.03334 
        1.98805         2.65029         1.02558 
        1.99419         2.63654          1.0179 
        2.00033         2.62739          1.0103 
        2.00647         2.61045         1.00278 
         2.0126         2.60231        0.995341 
        2.01874         2.58027         0.98797 
        2.02488           2.575        0.980667 
        2.03101          2.5541        0.973452 
        2.03714          2.5461        0.966316 
        2.04328         2.53465        0.959244 
        2.04941         2.51616        0.952249 
        2.05554         2.51061        0.945328 
        2.06167         2.50098        0.938467 
        2.06781          2.4887        0.931673 
        2.07396         2.47882        0.924937 
        2.08009         2.46589         0.91828 
        2.08622         2.45184        0.911695 
        2.09237         2.44114        0.905162 
        2.09851         2.43097        0.898692 
        2.10464         2.42405        0.892296 
        2.11077         2.40816        0.885971 
        2.11691         2.39767        0.879692 
        2.12305         2.38961        0.873474 
        2.12918         2.38144        0.867332 
        2.13531         2.36858        0.861248 
        2.14145         2.35742        0.855209 
         2.1476          2.3428         0.84922 
        2.15372         2.33303        0.843319 
        2.15985         2.32548        0.837468 
        2.16599         2.31485        0.831656 
        2.17213         2.29912        0.825906 
        2.17827         2.29416        0.820212 
         2.1844         2.28339        0.814576 
        2.19054         2.27541        0.808991 
        2.19666         2.26251        0.803467 
         2.2028         2.25174         0.79799 
        2.20893         2.24404        0.792561 
        2.21508         2.23261        0.787176 
        2.22122         2.22177         0.78184 
        2.22736         2.21343        0.776565 
        2.23349         2.20612        0.771339 
        2.23962         2.19345        0.766159 
        2.24577         2.18735        0.761022 
         2.2519         2.17751        0.755939 
        2.25802         2.16987         0.75091 
        2.26417         2.16189        0.745914 
        2.27031         2.14983        0.740958 
        2.27644         2.14162        0.736062 
        2.28257         2.12973        0.731211 
        2.28872         2.12561        0.726394 
        2.29486         2.11214        0.721621 
        2.30099         2.10346        0.716901 
        2.30712         2.09375        0.712222 
        2.31326         2.08711        0.707576 
         2.3194         2.07963        0.702974 
        2.32553         2.07144        0.698421 
        2.33166          2.0633        0.693911 
         2.3378         2.05442        0.689434 
        2.34394         2.04506        0.684996 
        2.35007         2.03661        0.680602 
        2.35619         2.03109        0.676253 
        2.36233          2.0213        0.671931 
        2.36848         2.01187        0.667639 
        2.37462          2.0066        0.663393 
        2.38075         1.99618        0.659188 
        2.38689         1.99154        0.655015 
        2.39303         1.98091         0.65088 
        2.39916         1.97409        0.646785 
        2.40529         1.96632        0.642725 
        2.41143         1.95714        0.638698 
        2.41757         1.94988        0.634703 
         2.4237         1.94519        0.630749 
        2.42983         1.93064         0.62683 
        2.43598         1.93062        0.622933 
        2.44211         1.91835        0.619076 
        2.44823         1.91385        0.615261 
        2.45437         1.90476        0.611467 
        2.46052         1.90029        0.607702 
        2.46665         1.89208        0.603976 
        2.47279         1.88292        0.600282 
        2.47892         1.87759        0.596616 
        2.48507         1.87064        0.592978 
         2.4912         1.85837        0.589377 
        2.49733           1.858        0.585808 
        2.50347         1.85013        0.582262 
        2.50961         1.84352        0.578745 
        2.51575         1.83579        0.575259 
        2.52188         1.82824        0.571807 
        2.52802         1.82326        0.568379 
        2.53416         1.81494        0.564978 
        2.54029         1.80668         0.56161 
        2.54641         1.80225        0.558272 
        2.55255         1.79755        0.554957 
        2.55869         1.78685        0.551664 
        2.56483         1.78363        0.548402 
        2.57096         1.77497         0.54517 
        2.57709         1.76915        0.541963 
        2.58323         1.76191        0.538779 
        2.58937         1.75584        0.535619 
        2.59551         1.75174        0.532488 
        2.60164         1.74331        0.529383 
        2.60778         1.73839          0.5263 
        2.61392         1.72877        0.523242 
        2.62006         1.72786        0.520209 
        2.62619         1.72058        0.517204 
        2.63232         1.71263        0.514222 
        2.63846         1.70799         0.51126 
        2.64459         1.70281        0.508325 
        2.65072         1.69845        0.505414 
        2.65686         1.69256        0.502524 
          2.663         1.68496        0.499653 
        2.66915         1.67873        0.496804 
        2.67527         1.67418        0.493985 
        2.68141         1.66906        0.491185 
        2.68755         1.66295        0.488405 
        2.69368         1.65592        0.485648 
        2.69981         1.65137        0.482917 
        2.70595          1.6423          0.4802 
        2.71209         1.64201        0.477503 
        2.71823         1.63431        0.474832 
        2.72436         1.62561        0.472181 
         2.7305          1.6236        0.469549 
        2.73663         1.61673        0.466938 
        2.74276          1.6127         0.46435 
         2.7489         1.60941        0.461778 
        2.75504         1.60261        0.459224 
        2.76118         1.59741        0.456688 
        2.76732         1.59268        0.454175 
        2.77345         1.58707        0.451682 
        2.77959          1.5818        0.449206 
        2.78572         1.57699         0.44675 
        2.79186         1.57242        0.444313 
        2.79798         1.56626        0.441897 
        2.80412         1.56337        0.439494 
        2.81027         1.55855        0.437107 
         2.8164         1.55224        0.434742 
        2.82253         1.54688        0.432395 
        2.82867         1.54424        0.430064 
        2.83481         1.53825        0.427749 
        2.84095          1.5335        0.425452 
        2.84708         1.52827        0.423174 
        2.85322         1.52227        0.420911 
        2.85935         1.52077        0.418664 
        2.86549         1.51673        0.416436 
        2.87162         1.51383        0.414223 
        2.87776         1.50441        0.412027 
        2.88389         1.50211        0.409845 
        2.89003         1.49739        0.407681 
        2.89617         1.49152        0.405531 
        2.90231         1.48834        0.403397 
        2.90844         1.48374        0.401279 
        2.91458         1.47842        0.399176 
        2.92071         1.47576        0.397091 
        2.92684         1.47115        0.395018 
        2.93298         1.46596        0.392961 
         2.9391         1.46268        0.390922 
        2.94524         1.45748        0.388893 
        2.95138         1.45426        0.386879 
        2.95752         1.44831        0.384877 
        2.96367          1.4477        0.382889 
         2.9698         1.44159        0.380919 
        2.97594         1.43627        0.378961 
        2.98207         1.43369        0.377017 
        2.98821         1.43023        0.375088 
        2.99434          1.4255        0.373173 
        3.00048         1.42244         0.37127 
        3.00662         1.41708         0.36938 
        3.01275         1.41496        0.367506 
        3.01888         1.40945        0.365644 
        3.02503         1.40651        0.363792 
        3.03117         1.40092        0.361954 
        3.03729         1.39664        0.360133 
        3.04342         1.39509        0.358323 
        3.04957         1.39128        0.356521 
         3.0557         1.38685        0.354734 
        3.06183         1.38561        0.352963 
        3.06796         1.38219        0.351202 
        3.07411          1.3789        0.349449 
        3.08025         1.37364        0.347711 
        3.08637          1.3709        0.345989 
         3.0925         1.36974        0.344275 
        3.09865         1.36378         0.34257 
         3.1048         1.35978        0.340877 
        3.11093         1.35626        0.339198 
        3.11706         1.35505        0.337531 
         3.1232         1.35063        0.335875 
        3.12933          1.3479        0.334228 
        3.13547         1.34504        0.332595 
        3.14159         1.34168        0.330974 
        3.14773         1.33998        0.329361 
        3.15388         1.33571        0.327757 
        3.16001         1.33062        0.326166 
        3.16614          1.3274        0.324587 
        3.17228         1.32425        0.323017 
        3.17842         1.32211        0.321458 
        3.18455         1.32062        0.319909 
        3.19068         1.31569        0.318372 
        3.19682         1.31218        0.316842 
        3.20297         1.31132        0.315322 
         3.2091         1.31048        0.313814 
        3.21524           1.304        0.312315 
        3.22138         1.30117        0.310826 
         3.2275         1.29913         0.30935 
        3.23363         1.29819        0.307882 
        3.23977         1.29443        0.306422 
        3.24591         1.29142        0.304972 
        3.25205         1.28943         0.30353 
        3.25818         1.28404        0.302099 
        3.26432         1.28489        0.300677 
        3.27046         1.28151        0.299264 
         3.2766         1.28026         0.29786 
        3.28273         1.27521        0.296465 
        3.28887         1.27563         0.29508 
          3.295         1.27312        0.293704 
        3.30113         1.26739        0.292336 
        3.30727         1.26716        0.290977 
        3.31341         1.26246        0.289627 
        3.31954         1.26171        0.288286 
        3.32568         1.25919        0.286952 
        3.33182         1.25768        0.285627 
        3.33795         1.25461        0.284312 
        3.34409         1.25327        0.283003 
        3.35022         1.25023        0.281703 
        3.35636         1.24766        0.280412 
         3.3625         1.24458        0.279128 
        3.36864         1.24488        0.277853 
        3.37477         1.24156        0.276586 
        3.38091         1.24108        0.275327 
        3.38704         1.23796        0.274076 
        3.39318          1.2359        0.272832 
        3.39931          1.2351        0.271596 
        3.40545         1.23318        0.270369 
        3.41158         1.23161        0.269148 
        3.41772         1.22879        0.267936 
        3.42385         1.22778        0.266731 
        3.42998         1.22612        0.265534 
        3.43612         1.22326        0.264344 
        3.44226          1.2222         0.26316 
         3.4484         1.21951        0.261983 
        3.45453         1.21821        0.260815 
        3.46066         1.21705        0.259655 
        3.46681          1.2162        0.258499 
        3.47295         1.21141         0.25735 
        3.47908         1.21168        0.256212 
        3.48521          1.2102        0.255079 
        3.49135         1.20892        0.253952 
        3.49749         1.20699        0.252832 
        3.50362         1.20617         0.25172 
        3.50976         1.20514        0.250614 
        3.51589         1.20261        0.249515 
        3.52203         1.20339        0.248422 
        3.52816          1.1994        0.247337 
        3.53429         1.19901        0.246258 
        3.54043         1.19711        0.245184 
        3.54657         1.19618        0.244116 
        3.55271         1.19561        0.243057 
        3.55884         1.19508        0.242004 
        3.56498          1.1909        0.240955 
        3.57112         1.19273        0.239913 
        3.57725         1.19156        0.238878 
        3.58338         1.19116         0.23785 
        3.58952         1.18897        0.236827 
        3.59566         1.18872        0.235809 
         3.6018         1.18542        0.234798 
        3.60793         1.18624        0.233793 
        3.61407         1.18411        0.232795 
        3.62021         1.18351        0.231801 
        3.62634         1.18236        0.230814 
        3.63247         1.18237        0.229833 
        3.63861         1.18074        0.228857 
        3.64475         1.18148        0.227886 
        3.65089         1.18001        0.226921 
        3.65702         1.17833        0.225964 
        3.66316         1.17883         0.22501 
        3.66929         1.17826        0.224063 
        3.67543         1.17668        0.223121 
        3.68156         1.17697        0.222184 
        3.68769         1.17557        0.221253 
        3.69383         1.17608        0.220326 
        3.69997         1.17395        0.219405 
        3.70611         1.17577         0.21849 
        3.71224         1.17349         0.21758 
        3.71838         1.17463        0.216675 
        3.72451         1.17417        0.215775 
        3.73065         1.17272        0.214881 
        3.73678          1.1726        0.213992 
        3.74292         1.17062        0.213107 
        3.74906         1.17296        0.212227 
        3.75519         1.17205        0.211353 
        3.76133         1.17187        0.210483 
        3.76746         1.16975        0.209619 
         3.7736            1.17         0.20876 
        3.77974         1.17028        0.207905 
        3.78588         1.17138        0.207054 
        3.79201         1.16896        0.206209 
        3.79814         1.16997        0.205369 
        3.80428         1.16967        0.204533 
        3.81042         1.17032        0.203702 
        3.81655         1.17074        0.202875 
        3.82268         1.17234        0.202054 
        3.82882          1.1704        0.201238 
        3.83496         1.17088        0.200424 
        3.84109         1.16993        0.199616 
        3.84723         1.17129        0.198813 
        3.85337         1.17067        0.198012 
        3.85951         1.17262        0.197217 
        3.86565         1.17158        0.196426 
        3.87178         1.17273        0.195641 
        3.87791         1.17252         0.19486 
        3.88405         1.17361        0.194082 
        3.89019         1.17483        0.193309 
        3.89632         1.17498         0.19254 
        3.90246         1.17379        0.191775 
         3.9086         1.17415        0.191014 
        3.91473         1.17476        0.190258 
        3.92086         1.17606        0.189507 
        3.92699         1.17615        0.188759 
        3.93313         1.17566        0.188014 
        3.93927         1.17704        0.187274 
         3.9454         1.17893        0.186538 
        3.95154         1.17796        0.185805 
        3.95768         1.17977        0.185077 
        3.96382         1.17843        0.184352 
        3.96995         1.18078        0.183632 
        3.97609         1.18065        0.182915 
        3.98222          1.1812        0.182203 
        3.98836         1.18381        0.181494 
         3.9945         1.18452        0.180789 
        4.00063         1.18514        0.180088 
        4.00677         1.18566         0.17939 
        4.01291         1.18654        0.178696 
        4.01904          1.1882        0.178007 
        4.02517         1.18856        0.177321 
        4.03131         1.18891        0.176637 
        4.03745         1.19095        0.175957 
        4.04358         1.19046        0.175282 
        4.04972         1.19248         0.17461 
        4.05585         1.19449        0.173942 
        4.06199         1.19582        0.173277 
        4.06812         1.19543        0.172615 
        4.07426          1.1972        0.171957 
         4.0804         1.19836        0.171302 
        4.08654         1.19962         0.17065 
        4.09267         1.20104        0.170003 
         4.0988         1.20161         0.16936 
        4.10494         1.20544        0.168719 
        4.11108         1.20347         0.16808 
        4.11721         1.20601        0.167446 
        4.12334         1.20671        0.166816 
        4.12948         1.20993        0.166188 
        4.13561         1.20878        0.165563 
        4.14176         1.21306        0.164941 
        4.14789         1.21251        0.164323 
        4.15403         1.21537        0.163708 
        4.16016         1.21611        0.163096 
         4.1663         1.21907        0.162488 
        4.17243          1.2192        0.161882 
        4.17857          1.2208         0.16128 
        4.18471         1.22155         0.16068 
        4.19084         1.22439        0.160084 
        4.19698         1.22281        0.159491 
        4.20312         1.22604          0.1589 
        4.20925         1.22897        0.158313 
        4.21538         1.22976         0.15773 
        4.22152         1.23064        0.157148 
        4.22766         1.23599        0.156569 
         4.2338         1.23655        0.155994 
        4.23993         1.23675        0.155422 
        4.24607         1.23894        0.154852 
         4.2522         1.24233        0.154285 
        4.25834         1.24386        0.153721 
        4.26447         1.24579        0.153161 
        4.27061         1.24707        0.152603 
        4.27674         1.24827        0.152047 
        4.28288         1.25156        0.151494 
        4.28902         1.25548        0.150944 
        4.29515         1.25575        0.150398 
        4.30129         1.25423        0.149853 
        4.30743         1.25882        0.149311 
        4.31356         1.26302        0.148772 
        4.31969         1.26112        0.148236 
        4.32583         1.26515        0.147703 
        4.33197         1.26583        0.147171 
         4.3381         1.26898        0.146643 
        4.34424         1.27148        0.146117 
        4.35038         1.27175        0.145593 
        4.35652         1.27469        0.145072 
        4.36265         1.27832        0.144555 
        4.36878         1.27936        0.144039 
        4.37492         1.28146        0.143526 
        4.38106         1.28325        0.143015 
        4.38719         1.28718        0.142507 
        4.39333         1.28799        0.142002 
        4.39946         1.29059        0.141499 
         4.4056           1.294        0.140998 
        4.41173          1.2963          0.1405 
        4.41786         1.29742        0.140005 
          4.424         1.29831        0.139512 
        4.43014         1.30186         0.13902 
        4.43628         1.30367        0.138531 
        4.44241          1.3065        0.138045 
        4.44855          1.3088        0.137561 
        4.45469          1.3114        0.137079 
        4.46083          1.3124          0.1366 
        4.46696         1.31656        0.136124 
        4.47309         1.31626        0.135649 
        4.47923         1.32129        0.135176 
        4.48537         1.32293        0.134706 
         4.4915         1.32462        0.134238 
        4.49764         1.32521        0.133772 
        4.50378         1.33104        0.133309 
        4.50991         1.33055        0.132848 
        4.51604          1.3347        0.132389 
        4.52218         1.33737        0.131932 
        4.52832          1.3394        0.131477 
        4.53445         1.34197        0.131025 
        4.54059         1.34364        0.130575 
        4.54673         1.34688        0.130126 
        4.55286         1.35069         0.12968 
          4.559         1.35135        0.129236 
        4.56513         1.35271        0.128794 
        4.57127         1.35731        0.128354 
        4.57741         1.36101        0.127916 
        4.58354         1.36045        0.127481 
        4.58968         1.36296        0.127047 
        4.59582         1.36818        0.126615 
        4.60195         1.36957        0.126185 
        4.60809         1.37255        0.125758 
        4.61422         1.37373        0.125332 
        4.62036         1.37548        0.124908 
        4.62649         1.37978        0.124487 
        4.63263         1.38235        0.124067 
        4.63876          1.3816        0.123649 
         4.6449         1.38633        0.123233 
        4.65104         1.39002        0.122819 
        4.65717         1.39044        0.122407 
        4.66331         1.39362        0.121997 
        4.66944         1.39508        0.121588 
        4.67558          1.3997        0.121182 
        4.68171         1.39864        0.120778 
        4.68785          1.4045        0.120375 
        4.69399         1.40695        0.119974 
        4.70012         1.41014        0.119575 
        4.70625         1.40816        0.119178 
        4.71239         1.41373        0.118782 
        4.71853         1.41789        0.118389 
        4.72467         1.41708        0.117997 
         4.7308         1.42036        0.117607 
        4.73694         1.42237        0.117219 
        4.74308          1.4246        0.116832 
        4.74922         1.42937        0.116447 
        4.75535         1.43047        0.116064 
        4.76148         1.43447        0.115684 
        4.76762         1.43355        0.115304 
        4.77376         1.43861        0.114926 
        4.77989         1.44071         0.11455 
        4.78602         1.44348        0.114176 
        4.79216         1.44581        0.113803 
         4.7983         1.44889        0.113432 
        4.80443         1.45084        0.113062 
        4.81056         1.45437        0.112695 
         4.8167         1.45496        0.112328 
        4.82284         1.45787        0.111964 
        4.82898         1.45989        0.111601 
        4.83511         1.46231         0.11124 
        4.84125         1.46277         0.11088 
        4.84739         1.46665        0.110522 
        4.85352         1.47174        0.110166 
        4.85965         1.46902        0.109811 
        4.86579         1.47351        0.109458 
        4.87193         1.47768        0.109106 
        4.87807         1.47949        0.108755 
         4.8842         1.48125        0.108407 
        4.89034         1.48245         0.10806 
        4.89647         1.48864        0.107714 
        4.90261         1.48826         0.10737 
        4.90874         1.49224        0.107028 
        4.91488         1.49365        0.106687 
        4.92102         1.49397        0.106347 
        4.92715         1.49883        0.106009 
        4.93329         1.49908        0.105672 
        4.93942         1.50024        0.105337 
        4.94556         1.50372        0.105003 
         4.9517         1.50427        0.104671 
        4.95783         1.50852         0.10434 
        4.96397         1.50932        0.104011 
        4.97011         1.51277        0.103683 
        4.97624         1.51345        0.103356 
        4.98238         1.51621        0.103031 
        4.98851         1.51827        0.102708 
        4.99465         1.52112        0.102386 
        5.00078         1.52328        0.102065 
        5.00691          1.5257        0.101745 
        5.01305         1.52717        0.101427 
        5.01919         1.52893         0.10111 
        5.02533         1.53359        0.100795 
        5.03146         1.53329        0.100481 
         5.0376         1.53768        0.100168 
        5.04374         1.53924       0.0998565 
        5.04987           1.539       0.0995464 
        5.05601         1.54257       0.0992378 
        5.06215          1.5454       0.0989302 
        5.06829         1.54591       0.0986238 
        5.07442         1.54791       0.0983192 
        5.08055          1.5514        0.098016 
        5.08668         1.55282       0.0977137 
        5.09282         1.55425       0.0974125 
        5.09896         1.55505        0.097113 
        5.10509         1.55682       0.0968147 
        5.11123         1.55907       0.0965176 
        5.11736         1.56167       0.0962216 
         5.1235         1.56374       0.0959269 
        5.12964         1.56739       0.0956335 
        5.13577         1.56778       0.0953412 
        5.14191         1.56917       0.0950502 
        5.14804         1.57026       0.0947607 
        5.15418         1.56989       0.0944722 
        5.16032         1.57443       0.0941848 
        5.16645         1.57687       0.0938986 
        5.17259          1.5798       0.0936137 
        5.17872         1.57768         0.09333 
        5.18486         1.57975       0.0930473 
          5.191          1.5835       0.0927658 
        5.19713         1.58569       0.0924858 
        5.20327          1.5855       0.0922068 
        5.20941         1.58893       0.0919287 
        5.21555         1.58889       0.0916517 
        5.22168         1.59143       0.0913762 
        5.22781         1.59047       0.0911019 
        5.23395         1.59574       0.0908286 
        5.24009         1.59661       0.0905563 
        5.24622         1.59799       0.0902852 
        5.25236         1.59853       0.0900154 
         5.2585         1.60126       0.0897463 
        5.26463         1.60306       0.0894785 
        5.27077         1.60234       0.0892119 
         5.2769         1.60554       0.0889465 
        5.28304         1.60713        0.088682 
        5.28917         1.60808       0.0884187 
         5.2953         1.60921       0.0881565 
        5.30144         1.61208       0.0878953 
        5.30757         1.61482       0.0876351 
        5.31371         1.61219       0.0873758 
        5.31985         1.61671       0.0871176 
        5.32599         1.61683       0.0868604 
        5.33213         1.62042       0.0866043 
        5.33826         1.62246       0.0863494 
         5.3444         1.62008       0.0860955 
        5.35053         1.62346       0.0858426 
        5.35667         1.62344       0.0855907 
        5.36281         1.62591       0.0853397 
        5.36894         1.62671       0.0850899 
        5.37507         1.62893       0.0848411 
        5.38121         1.62952       0.0845932 
        5.38735         1.63327       0.0843462 
        5.39348          1.6335       0.0841005 
        5.39961         1.63354       0.0838558 
        5.40575         1.63412       0.0836117 
        5.41189         1.63856       0.0833687 
        5.41803         1.63912       0.0831266 
        5.42416          1.6395       0.0828857 
         5.4303         1.64107       0.0826455 
        5.43644         1.64052       0.0824064 
        5.44257         1.64434       0.0821684 
        5.44871         1.64393       0.0819311 
        5.45484         1.64573       0.0816948 
        5.46098         1.64648       0.0814595 
        5.46712         1.65035        0.081225 
        5.47325         1.64886       0.0809915 
        5.47938         1.65029       0.0807592 
        5.48552          1.6498       0.0805277 
        5.49165          1.6518       0.0802969 
        5.49779         1.65455       0.0800671 
        5.50393         1.65357       0.0798381 
        5.51006         1.65709         0.07961 
         5.5162         1.65835       0.0793829 
        5.52234         1.65765       0.0791566 
        5.52847         1.65957       0.0789312 
        5.53461         1.66189       0.0787067 
        5.54075         1.66317       0.0784832 
        5.54688         1.66491       0.0782605 
        5.55302         1.66597       0.0780386 
        5.55915         1.66577       0.0778176 
        5.56529         1.66738       0.0775975 
        5.57143         1.66863       0.0773782 
        5.57756         1.67037       0.0771597 
         5.5837         1.66935       0.0769421 
        5.58983         1.67092       0.0767255 
        5.59597         1.67336       0.0765097 
         5.6021         1.67435       0.0762946 
        5.60824         1.67635       0.0760802 
        5.61438         1.67434       0.0758669 
        5.62051         1.67941       0.0756543 
        5.62665         1.67896       0.0754425 
        5.63278         1.68106       0.0752316 
        5.63892         1.67991       0.0750214 
        5.64505         1.68196       0.0748121 
        5.65119         1.68215       0.0746036 
        5.65733         1.68386       0.0743958 
        5.66346         1.68615       0.0741889 
         5.6696          1.6868       0.0739827 
        5.67573         1.68655       0.0737774 
        5.68187         1.68759       0.0735728 
          5.688         1.69135        0.073369 
        5.69414         1.69021        0.073166 
        5.70028         1.69338       0.0729636 
        5.70642         1.69361        0.072762 
        5.71255         1.69613       0.0725613 
        5.71869         1.69578       0.0723614 
        5.72482         1.69696       0.0721622 
        5.73096         1.69782       0.0719637 
        5.73709         1.69841       0.0717661 
        5.74322         1.70066       0.0715693 
        5.74936         1.70085       0.0713729 
         5.7555         1.70245       0.0711773 
        5.76164         1.70558       0.0709825 
        5.76777         1.70426       0.0707886 
        5.77391         1.70755       0.0705952 
        5.78005          1.7078       0.0704025 
        5.78618         1.70915       0.0702108 
        5.79231         1.71042       0.0700198 
        5.79845         1.71062       0.0698293 
        5.80459         1.71432       0.0696394 
        5.81073         1.71374       0.0694505 
        5.81686         1.71567       0.0692623 
          5.823         1.71618       0.0690746 
        5.82914         1.71843       0.0688876 
        5.83527         1.71889       0.0687016 
         5.8414         1.72173       0.0685161 
        5.84754         1.72092       0.0683311 
        5.85368         1.72299       0.0681469 
        5.85981         1.72449       0.0679635 
        5.86595         1.72614       0.0677807 
        5.87208         1.72767       0.0675986 
        5.87822         1.72847       0.0674173 
        5.88435         1.72932       0.0672366 
        5.89049          1.7325       0.0670564 
        5.89662         1.73295        0.066877 
        5.90276         1.73465       0.0666981 
         5.9089         1.73567       0.0665199 
        5.91503          1.7353       0.0663425 
        5.92117         1.73938       0.0661657 
        5.92731         1.74065       0.0659894 
        5.93344         1.74202       0.0658139 
        5.93958         1.74301        0.065639 
        5.94572          1.7442       0.0654647 
        5.95186         1.74846        0.065291 
        5.95799         1.74801       0.0651181 
        5.96412         1.74999       0.0649458 
        5.97026          1.7519        0.064774 
         5.9764         1.75181       0.0646029 
        5.98253         1.75321       0.0644326 
        5.98866          1.7579       0.0642627 
         5.9948         1.75981       0.0640933 
        6.00094         1.76195       0.0639247 
        6.00707         1.76134       0.0637566 
        6.01321         1.76596       0.0635892 
        6.01935         1.76578       0.0634223 
        6.02548         1.76769       0.0632561 
        6.03162          1.7704       0.0630905 
        6.03775         1.77279       0.0629256 
        6.04389         1.77242       0.0627611 
        6.05003         1.77539       0.0625971 
        6.05617         1.77765       0.0624338 
         6.0623         1.77973       0.0622711 
        6.06844         1.78399        0.062109 
        6.07457         1.78377       0.0619475 
         6.0807         1.78683       0.0617866 
        6.08684         1.78771       0.0616264 
        6.09298         1.79163       0.0614665 
        6.09912          1.7938       0.0613072 
        6.10525         1.79657       0.0611486 
        6.11138         1.79748       0.0609905 
        6.11752         1.79842       0.0608329 
        6.12366         1.80236       0.0606759 
        6.12979         1.80504       0.0605195 
        6.13593         1.80527       0.0603637 
        6.14207         1.80888       0.0602083 
         6.1482         1.81172       0.0600535 
        6.15434         1.81496       0.0598993 
        6.16047         1.81666       0.0597457 
        6.16661         1.82041       0.0595925 
        6.17274         1.82306       0.0594399 
        6.17887         1.82273       0.0592879 
        6.18501         1.82773       0.0591363 
        6.19115         1.83064       0.0589853 
        6.19729         1.83171       0.0588347 
        6.20342         1.83528       0.0586848 
        6.20956         1.83858       0.0585354 
         6.2157         1.83951       0.0583863 
        6.22183         1.84458       0.0582379 
        6.22797         1.84601       0.0580902 
         6.2341         1.85027       0.0579428 
        6.24024         1.85429       0.0577959 
        6.24638         1.85754       0.0576495 
        6.25251         1.85758       0.0575038 
        6.25865         1.86202       0.0573585 
        6.26478         1.86453       0.0572136 
        6.27092         1.86758       0.0570694 
        6.27705         1.87325       0.0569256 
        6.28318          1.8725       0.0567823 
