# k  (h/Mpc)    P(k)  (Mpc/h)^3    P_linear(k)  (Mpc/h)^3
     0.00783031         4658.16         4692.21 
       0.013688         6029.07         6139.62 
       0.019231         6453.73         6517.53 
      0.0249154         6287.51         6289.89 
      0.0312784         5633.93         5670.13 
      0.0375637         4917.47         4971.19 
      0.0433917         4386.88         4398.96 
      0.0492413         3918.74         3953.27 
      0.0555754         3601.56         3610.33 
      0.0619321         3288.97          3367.3 
       0.067871          3139.6         3180.41 
      0.0738098         2961.64         2991.29 
      0.0800417         2746.27         2766.88 
      0.0862327         2488.31         2517.56 
      0.0921407         2249.24         2272.02 
      0.0982031         2034.97         2035.68 
       0.104506         1810.41         1827.42 
       0.110769          1660.1         1668.35 
       0.116806         1574.67         1558.31 
       0.122832         1479.92         1480.64 
       0.129052         1421.75         1419.09 
       0.135211         1377.11         1361.57 
       0.141259         1298.45         1297.71 
       0.147318         1209.59         1222.24 
       0.153489         1136.07         1135.93 
       0.159709         1066.96         1046.45 
       0.165845         968.605         963.941 
       0.171974         929.025         893.587 
       0.178125         880.258         837.934 
       0.184229         822.043         796.749 
        0.19034         803.346         766.026 
       0.196428         778.994         740.979 
       0.202534         736.076         716.572 
       0.208729         722.128         688.917 
       0.214876         695.163         657.152 
       0.220989          648.17         622.053 
       0.227147         629.687         585.494 
        0.23329         601.466         550.643 
       0.239377         582.316         519.995 
       0.245482         551.269         494.348 
       0.251667         528.471         473.579 
       0.257832         522.428         457.026 
       0.263955         496.105          443.02 
       0.270079         480.963         429.721 
        0.27624          461.74         415.675 
       0.282372         450.478         400.377 
        0.28843         446.332         384.057 
       0.294538         424.093         367.025 
       0.300721          407.37         350.166 
        0.30691         399.958         334.541 
       0.313033         382.676         320.913 
       0.319153          375.68         309.219 
       0.325316         365.282         299.176 
        0.33145         356.399         290.357 
       0.337538         345.076         282.187 
       0.343633         334.927         274.047 
       0.349808         325.983         265.533 
       0.355968         318.657         256.675 
       0.362074         311.011         247.698 
       0.368217         305.833         238.758 
       0.374374         298.781         230.189 
       0.380519         286.451         222.297 
       0.386598         281.529         215.226 
       0.392688         274.803         208.864 
        0.39888         268.786         202.994 
       0.405048         263.851         197.527 
       0.411186         260.683         192.277 
       0.417313          255.12          187.07 
       0.423458         248.603         181.797 
       0.429607         243.589         176.505 
       0.435692         239.053         171.312 
       0.441815         233.819         166.227 
       0.447964         227.442         161.369 
       0.454126         223.624         156.811 
       0.460267         221.433         152.575 
       0.466387         216.983         148.648 
        0.47254         214.516          144.93 
       0.478662         207.816         141.382 
       0.484765         205.252         137.931 
       0.490885         201.832         134.529 
       0.497035         199.999         131.148 
       0.503198         196.442         127.801 
       0.509342         191.334         124.539 
       0.515458         189.438         121.404 
       0.521598         185.007         118.391 
       0.527764         183.018         115.504 
       0.533884         182.331          112.78 
           0.54          177.72          110.19 
       0.546137         173.777         107.698 
       0.552299         172.115         105.274 
       0.558452         169.074          102.91 
       0.564573         168.312         100.608 
       0.570708         164.005         98.3515 
       0.576825         162.083         96.1543 
       0.582926         160.382         94.0187 
       0.589034         158.086         91.9438 
       0.595184         156.599         89.9262 
       0.601379          152.88         87.9732 
       0.607522         150.692         86.1122 
       0.613639         149.444         84.3238 
       0.619772          147.44         82.5858 
       0.625918         146.218         80.8904 
       0.632068         143.339         79.2357 
       0.638161         141.354          77.637 
         0.6443         140.747         76.0668 
       0.650464         138.169         74.5312 
       0.656582         137.548         73.0472 
       0.662703         135.954         71.6028 
       0.668861         133.178         70.1906 
       0.675024         133.219         68.8183 
       0.681124         131.048         67.5011 
       0.687237         128.741         66.2203 
       0.693381         128.208         64.9697 
       0.699536         126.596         63.7506 
       0.705665         124.781         62.5677 
       0.711789           123.3         61.4139 
       0.717957         121.978         60.2785 
        0.72409         121.231         59.1762 
       0.730186         120.419         58.1071 
       0.736317         118.272         57.0587 
       0.742472         117.026         56.0331 
       0.748622         115.308         55.0355 
        0.75476         114.917         54.0663 
       0.760888         114.208         53.1234 
       0.767043         112.211         52.2003 
       0.773185          110.98         51.3016 
       0.779291         109.787         50.4293 
       0.785407         108.463         49.5756 
       0.791564         108.346         48.7358 
       0.797719         107.127         47.9154 
       0.803834         106.166         47.1188 
       0.809972         105.549         46.3374 
       0.816124         104.309         45.5721 
       0.822261         103.003         44.8264 
       0.828378         102.768         44.1001 
       0.834502         101.161         43.3897 
       0.840667         100.703         42.6908 
       0.846816         99.7494         42.0097 
       0.852925         98.7675         41.3481 
       0.859047         98.3312         40.6995 
       0.865192         96.9709          40.063 
       0.871341         95.9577         39.4399 
       0.877463         95.4358         38.8328 
       0.883569         95.1524         38.2402 
       0.889708         94.3212          37.657 
       0.895864         93.4341         37.0844 
       0.902008         92.6434         36.5251 
       0.908149         91.6015         35.9777 
       0.914301         91.3318         35.4408 
       0.920448         90.8482         34.9154 
       0.926574         89.1858         34.4026 
       0.932687          88.908         33.9013 
       0.938823         88.1862         33.4083 
       0.944975         87.2154         32.9241 
       0.951105         86.5494         32.4513 
       0.957225         86.4865         31.9887 
       0.963368         85.5491         31.5337 
       0.969511         84.8005         31.0876 
       0.975621         84.2428         30.6526 
       0.981748         83.4281         30.2249 
       0.987916         82.8504         29.8027 
        0.99406         82.4568         29.3903 
        1.00019          81.559         28.9865 
        1.00632         81.0692         28.5908 
        1.01246         80.5026          28.202 
        1.01859         80.1747          27.821 
        1.02471         79.2584         27.4477 
        1.03085         78.7806         27.0799 
        1.03698         78.3053         26.7198 
        1.04314         77.7852         26.3647 
        1.04929         77.2176          26.017 
        1.05541         76.7382          25.677 
        1.06154         76.3413         25.3423 
        1.06769         75.4197         25.0131 
        1.07382         75.0304         24.6908 
        1.07993         74.6952         24.3751 
        1.08607         74.0806         24.0636 
        1.09222         73.8384         23.7572 
        1.09836         73.1565         23.4567 
        1.10449         72.7506         23.1617 
        1.11063         72.1478         22.8715 
        1.11677         71.9823         22.5864 
         1.1229         71.2396         22.3067 
        1.12903         71.0919         22.0316 
        1.13518         70.8452         21.7609 
        1.14131         70.0951          21.495 
        1.14745         69.4575         21.2336 
        1.15359         68.8627         20.9767 
        1.15973         68.7671         20.7239 
        1.16584         68.2961         20.4764 
        1.17197         67.5639         20.2326 
        1.17811          67.337         19.9921 
        1.18424         66.5793         19.7563 
        1.19038         66.5108         19.5236 
        1.19652         66.2157         19.2948 
        1.20267         65.7266         19.0696 
        1.20881         65.2704         18.8482 
        1.21495         65.0297         18.6306 
        1.22108         64.7132         18.4165 
         1.2272         64.1803         18.2063 
        1.23334         63.8334         17.9989 
        1.23949         63.4754         17.7943 
        1.24562         62.9839         17.5935 
        1.25174         62.6141         17.3961 
        1.25789         62.6585         17.2011 
        1.26402          62.075         17.0095 
        1.27014         61.7295         16.8213 
        1.27628         61.1877         16.6354 
        1.28244         61.0376          16.452 
        1.28858         60.6405         16.2716 
        1.29471         60.3823         16.0943 
        1.30084          59.856         15.9199 
        1.30697         59.7854         15.7478 
        1.31312         59.2231          15.578 
        1.31925         58.8327         15.4113 
        1.32537         58.6011         15.2471 
        1.33151         58.2608         15.0848 
        1.33765          57.977          14.925 
        1.34378         57.7717         14.7678 
        1.34992         57.3473         14.6128 
        1.35606         57.0042         14.4597 
         1.3622          56.649         14.3091 
        1.36833         56.3502          14.161 
        1.37445         55.9364         14.0151 
        1.38059         55.8277         13.8708 
        1.38675         55.2353         13.7282 
        1.39288         55.2455         13.5882 
        1.39901         54.8126         13.4503 
        1.40515         54.5766         13.3139 
         1.4113           54.53         13.1795 
        1.41742         54.1546         13.0475 
        1.42355           53.67         12.9171 
         1.4297         53.4039          12.788 
        1.43585           53.05         12.6608 
        1.44198         52.7904         12.5358 
        1.44809         52.5359         12.4128 
        1.45423         52.3578         12.2909 
        1.46036         52.0752         12.1709 
        1.46649         51.8863         12.0525 
        1.47263         51.5015         11.9356 
        1.47877         51.3345         11.8203 
        1.48491         51.1368         11.7063 
        1.49104          50.709         11.5941 
        1.49718         50.5107         11.4833 
        1.50333         50.3632         11.3738 
        1.50947         49.9619         11.2659 
         1.5156         49.7733         11.1596 
        1.52172         49.4013         11.0547 
        1.52787         49.2072         10.9509 
          1.534         48.9952         10.8486 
        1.54013         48.8317         10.7477 
        1.54627         48.3969         10.6479 
        1.55241         48.2048         10.5494 
        1.55855         48.0935         10.4522 
        1.56467         47.8284         10.3566 
         1.5708         47.6331         10.2619 
        1.57695         47.3571         10.1682 
        1.58308         46.9747         10.0759 
        1.58922         46.7932         9.98477 
        1.59535         46.6541         9.89476 
         1.6015         46.5329         9.80574 
        1.60764         46.2643         9.71786 
        1.61376         45.9506         9.63131 
        1.61989         45.7052         9.54575 
        1.62604         45.5213         9.46104 
        1.63218         45.2708         9.37742 
        1.63831         45.1848         9.29501 
        1.64444         44.8784         9.21357 
        1.65059         44.6863         9.13291 
        1.65673         44.4081         9.05331 
        1.66285         44.3491         8.97489 
        1.66898          43.929         8.89737 
        1.67512          43.876         8.82063 
        1.68127         43.6307         8.74472 
         1.6874         43.4022         8.66989 
        1.69353         43.2844         8.59598 
        1.69967         43.1052         8.52276 
        1.70581         42.7001         8.45043 
        1.71193         42.5369         8.37921 
        1.71806         42.4312         8.30867 
        1.72421          42.249         8.23881 
        1.73035         41.9981         8.16983 
        1.73649         41.7166         8.10166 
        1.74262         41.4752         8.03433 
        1.74876         41.3239         7.96772 
        1.75489          41.172           7.902 
        1.76101         41.0376         7.83705 
        1.76715         40.8728         7.77274 
        1.77329         40.5612         7.70908 
        1.77943         40.5442         7.64611 
        1.78557         40.2835         7.58394 
        1.79171         40.1388         7.52244 
        1.79785         39.9067         7.46163 
        1.80399         39.7508          7.4015 
        1.81012         39.6039         7.34212 
        1.81625         39.2771         7.28342 
        1.82239          39.153         7.22527 
        1.82853         39.0225          7.1678 
        1.83466         38.8063           7.111 
        1.84078         38.6074         7.05489 
        1.84692         38.4586         6.99929 
        1.85306         38.2175         6.94422 
         1.8592          38.138         6.88984 
        1.86533         37.9442         6.83608 
        1.87147         37.7657         6.78282 
        1.87761         37.5538         6.73012 
        1.88375         37.5105         6.67804 
        1.88988         37.2502         6.62657 
        1.89601         37.0456         6.57561 
        1.90215         36.9444         6.52515 
        1.90829         36.7826         6.47525 
        1.91442         36.5574         6.42587 
        1.92056         36.4269         6.37705 
         1.9267         36.3184         6.32869 
        1.93284         36.1092         6.28081 
        1.93897         35.9745         6.23351 
        1.94509         35.8216         6.18681 
        1.95123         35.6731         6.14047 
        1.95737         35.4832         6.09457 
        1.96349         35.3148         6.04926 
        1.96964         35.2798         6.00428 
        1.97578         34.9969         5.95975 
        1.98192         34.8563         5.91575 
        1.98805          34.626          5.8722 
        1.99419            34.6         5.82909 
        2.00033         34.3904         5.78639 
        2.00647         34.2869         5.74413 
         2.0126         34.0831         5.70236 
        2.01874         33.9108         5.66095 
        2.02488         33.8089         5.61991 
        2.03101         33.5917         5.57936 
        2.03714         33.4931         5.53925 
        2.04328         33.3669         5.49949 
        2.04941         33.1864         5.46015 
        2.05554          33.107         5.42123 
        2.06167         32.9017         5.38263 
        2.06781         32.8063         5.34441 
        2.07396         32.7046         5.30651 
        2.08009         32.5208         5.26903 
        2.08622         32.3505         5.23197 
        2.09237         32.2651         5.19519 
        2.09851         32.0138         5.15876 
        2.10464           31.89         5.12274 
        2.11077          31.871         5.08711 
        2.11691         31.6685         5.05175 
        2.12305         31.5328         5.01671 
        2.12918         31.3951          4.9821 
        2.13531         31.2821         4.94781 
        2.14145         31.1309         4.91376 
         2.1476          30.945            4.88 
        2.15372         30.8377         4.84673 
        2.15985         30.7415         4.81373 
        2.16599         30.5621         4.78095 
        2.17213         30.4989         4.74851 
        2.17827          30.295         4.71637 
         2.1844         30.2099         4.68457 
        2.19054         30.1224         4.65305 
        2.19666         29.9321         4.62186 
         2.2028         29.8691         4.59094 
        2.20893         29.6676         4.56028 
        2.21508          29.581         4.52987 
        2.22122         29.4305         4.49972 
        2.22736         29.3264         4.46992 
        2.23349         29.1557         4.44039 
        2.23962         29.1194         4.41112 
        2.24577         28.9448         4.38209 
         2.2519         28.8521         4.35335 
        2.25802         28.6677         4.32493 
        2.26417         28.5431         4.29668 
        2.27031         28.4919         4.26865 
        2.27644         28.4226         4.24096 
        2.28257         28.2622         4.21352 
        2.28872         28.1515         4.18626 
        2.29486         28.0046         4.15926 
        2.30099          27.855         4.13255 
        2.30712         27.8039         4.10606 
        2.31326         27.6291         4.07977 
         2.3194         27.5599         4.05371 
        2.32553         27.4298         4.02794 
        2.33166         27.2871         4.00239 
         2.3378         27.2551         3.97703 
        2.34394          27.095         3.95189 
        2.35007         27.0229           3.927 
        2.35619         26.8724         3.90235 
        2.36233         26.7549         3.87786 
        2.36848         26.6238         3.85353 
        2.37462         26.5416         3.82946 
        2.38075         26.4098         3.80562 
        2.38689          26.289         3.78196 
        2.39303         26.2531         3.75851 
        2.39916         26.0812         3.73529 
        2.40529         25.9474         3.71226 
        2.41143          25.898         3.68941 
        2.41757         25.7283         3.66674 
         2.4237         25.6456         3.64431 
        2.42983         25.5672         3.62206 
        2.43598         25.4477         3.59995 
        2.44211         25.3677         3.57805 
        2.44823         25.2504         3.55639 
        2.45437         25.1765         3.53485 
        2.46052         25.0254         3.51347 
        2.46665         24.9783          3.4923 
        2.47279         24.8028         3.47132 
        2.47892         24.7378         3.45049 
        2.48507          24.648         3.42982 
         2.4912         24.5565         3.40936 
        2.49733         24.4771         3.38907 
        2.50347         24.3559         3.36892 
        2.50961         24.2833         3.34892 
        2.51575         24.1124         3.32911 
        2.52188         24.0156         3.30947 
        2.52802         23.9346         3.28998 
        2.53416         23.8309         3.27063 
        2.54029          23.719         3.25148 
        2.54641          23.658         3.23248 
        2.55255         23.5857         3.21362 
        2.55869         23.4811         3.19488 
        2.56483         23.3628         3.17631 
        2.57096         23.2476         3.15792 
        2.57709          23.202         3.13966 
        2.58323         23.0825         3.12153 
        2.58937         22.9797         3.10354 
        2.59551         22.9056         3.08571 
        2.60164         22.8187         3.06803 
        2.60778         22.7059         3.05047 
        2.61392         22.6022         3.03305 
        2.62006         22.5194         3.01577 
        2.62619         22.4885         2.99864 
        2.63232         22.3249         2.98165 
        2.63846         22.2693         2.96477 
        2.64459         22.1883         2.94804 
        2.65072         22.0748         2.93144 
        2.65686         21.9771         2.91497 
          2.663         21.9002          2.8986 
        2.66915          21.827         2.88235 
        2.67527          21.745         2.86627 
        2.68141         21.6364          2.8503 
        2.68755         21.5715         2.83444 
        2.69368         21.4828         2.81871 
        2.69981          21.396         2.80313 
        2.70595         21.3122         2.78762 
        2.71209         21.2213         2.77223 
        2.71823         21.1032         2.75698 
        2.72436         21.0704         2.74185 
         2.7305         20.9657         2.72682 
        2.73663         20.9201         2.71191 
        2.74276         20.8434         2.69713 
         2.7489          20.736         2.68245 
        2.75504         20.6093         2.66786 
        2.76118          20.543         2.65337 
        2.76732         20.4971         2.63901 
        2.77345         20.4084         2.62477 
        2.77959         20.3214         2.61062 
        2.78572         20.2298         2.59658 
        2.79186         20.1604         2.58266 
        2.79798          20.091         2.56884 
        2.80412         19.9893         2.55511 
        2.81027         19.9344         2.54146 
         2.8164          19.829         2.52794 
        2.82253         19.7877         2.51451 
        2.82867         19.6891         2.50118 
        2.83481         19.6129         2.48795 
        2.84095         19.5507          2.4748 
        2.84708         19.4402         2.46177 
        2.85322         19.4023         2.44882 
        2.85935         19.3063         2.43597 
        2.86549         19.2169         2.42321 
        2.87162         19.1391         2.41055 
        2.87776         19.0778         2.39798 
        2.88389         18.9927         2.38549 
        2.89003         18.9479          2.3731 
        2.89617         18.8429         2.36079 
        2.90231         18.7845         2.34857 
        2.90844         18.7168         2.33644 
        2.91458         18.6242         2.32439 
        2.92071         18.5775         2.31245 
        2.92684         18.5122         2.30058 
        2.93298         18.4553         2.28879 
         2.9391         18.3742          2.2771 
        2.94524         18.3145         2.26548 
        2.95138         18.2393         2.25394 
        2.95752         18.1613         2.24246 
        2.96367         18.0972         2.23107 
         2.9698         17.9781         2.21977 
        2.97594         17.9345         2.20855 
        2.98207         17.8683          2.1974 
        2.98821         17.7957         2.18634 
        2.99434         17.7405         2.17536 
        3.00048         17.6727         2.16444 
        3.00662         17.6046          2.1536 
        3.01275         17.5325         2.14285 
        3.01888         17.4429         2.13217 
        3.02503         17.4031         2.12154 
        3.03117         17.3427           2.111 
        3.03729         17.2558         2.10055 
        3.04342          17.205         2.09016 
        3.04957         17.1299         2.07981 
         3.0557         17.0637         2.06956 
        3.06183         17.0025         2.05939 
        3.06796         16.9546         2.04928 
        3.07411           16.86         2.03922 
        3.08025          16.835         2.02924 
        3.08637         16.7403         2.01934 
         3.0925         16.6822          2.0095 
        3.09865         16.6208          1.9997 
         3.1048          16.566         1.98998 
        3.11093         16.5041         1.98034 
        3.11706         16.4405         1.97076 
         3.1232         16.3546         1.96124 
        3.12933         16.3257         1.95178 
        3.13547         16.2205         1.94239 
        3.14159          16.172         1.93307 
        3.14773         16.1271          1.9238 
        3.15388         16.0779         1.91457 
        3.16001         16.0067         1.90543 
        3.16614         15.9362         1.89635 
        3.17228         15.8975         1.88732 
        3.17842         15.8359         1.87835 
        3.18455         15.7651         1.86945 
        3.19068         15.7072          1.8606 
        3.19682         15.6695          1.8518 
        3.20297         15.5832         1.84306 
         3.2091         15.5308         1.83438 
        3.21524         15.5019         1.82576 
        3.22138         15.4034         1.81719 
         3.2275         15.3654         1.80869 
        3.23363         15.2848         1.80024 
        3.23977         15.2585         1.79184 
        3.24591         15.2094         1.78349 
        3.25205         15.1403         1.77519 
        3.25818         15.1011         1.76695 
        3.26432         15.0326         1.75876 
        3.27046         14.9681         1.75063 
         3.2766         14.9184         1.74254 
        3.28273          14.864         1.73451 
        3.28887         14.8288         1.72653 
          3.295         14.7469          1.7186 
        3.30113         14.7014         1.71072 
        3.30727         14.6481         1.70289 
        3.31341         14.5957         1.69512 
        3.31954         14.5337         1.68739 
        3.32568         14.4953          1.6797 
        3.33182         14.4621         1.67206 
        3.33795         14.3685         1.66448 
        3.34409         14.3227         1.65694 
        3.35022         14.2726         1.64944 
        3.35636         14.2253           1.642 
         3.3625          14.167          1.6346 
        3.36864         14.1164         1.62724 
        3.37477         14.0591         1.61993 
        3.38091         14.0136         1.61268 
        3.38704         13.9701         1.60546 
        3.39318          13.918         1.59829 
        3.39931         13.8633         1.59116 
        3.40545         13.8064         1.58407 
        3.41158         13.7646         1.57703 
        3.41772         13.7009         1.57003 
        3.42385         13.6501         1.56308 
        3.42998         13.6158         1.55617 
        3.43612         13.5624         1.54931 
        3.44226         13.5108         1.54247 
         3.4484         13.4641         1.53568 
        3.45453         13.4085         1.52894 
        3.46066         13.3606         1.52224 
        3.46681         13.3122         1.51556 
        3.47295          13.262         1.50893 
        3.47908           13.23         1.50236 
        3.48521         13.1693         1.49582 
        3.49135         13.1225          1.4893 
        3.49749         13.0738         1.48284 
        3.50362         13.0288         1.47641 
        3.50976         12.9722         1.47002 
        3.51589         12.9361         1.46367 
        3.52203         12.8981         1.45736 
        3.52816         12.8517         1.45109 
        3.53429         12.8058         1.44485 
        3.54043         12.7604         1.43865 
        3.54657         12.7079         1.43248 
        3.55271          12.649         1.42635 
        3.55884          12.616         1.42027 
        3.56498         12.5664          1.4142 
        3.57112         12.5315         1.40818 
        3.57725         12.4837         1.40219 
        3.58338         12.4264         1.39625 
        3.58952         12.3893         1.39033 
        3.59566         12.3459         1.38445 
         3.6018         12.2894          1.3786 
        3.60793         12.2629         1.37279 
        3.61407         12.2154         1.36701 
        3.62021         12.1693         1.36126 
        3.62634         12.1211         1.35555 
        3.63247         12.0988         1.34988 
        3.63861         12.0324         1.34423 
        3.64475         12.0169         1.33861 
        3.65089          11.962         1.33303 
        3.65702         11.9165         1.32748 
        3.66316         11.8668         1.32196 
        3.66929         11.8188         1.31648 
        3.67543          11.792         1.31103 
        3.68156         11.7434         1.30561 
        3.68769         11.7074         1.30021 
        3.69383         11.6585         1.29485 
        3.69997          11.623         1.28952 
        3.70611         11.5877         1.28422 
        3.71224         11.5426         1.27894 
        3.71838         11.4913          1.2737 
        3.72451         11.4576         1.26849 
        3.73065         11.4175         1.26331 
        3.73678         11.3819         1.25816 
        3.74292         11.3283         1.25303 
        3.74906         11.3041         1.24794 
        3.75519         11.2653         1.24287 
        3.76133         11.2201         1.23783 
        3.76746          11.178         1.23283 
         3.7736         11.1388         1.22785 
        3.77974         11.1082         1.22289 
        3.78588         11.0592         1.21796 
        3.79201         11.0322         1.21306 
        3.79814         10.9914         1.20819 
        3.80428         10.9517         1.20335 
        3.81042         10.9192         1.19853 
        3.81655         10.8727         1.19374 
        3.82268         10.8327         1.18897 
        3.82882         10.7948         1.18424 
        3.83496         10.7599         1.17952 
        3.84109         10.7304         1.17483 
        3.84723         10.6994         1.17017 
        3.85337         10.6411         1.16553 
        3.85951         10.6162         1.16092 
        3.86565         10.5794         1.15633 
        3.87178         10.5442         1.15177 
        3.87791         10.5092         1.14724 
        3.88405         10.4729         1.14273 
        3.89019         10.4493         1.13824 
        3.89632         10.4014         1.13378 
        3.90246         10.3631         1.12934 
         3.9086         10.3229         1.12492 
        3.91473         10.2913         1.12053 
        3.92086         10.2568         1.11617 
        3.92699         10.2265         1.11183 
        3.93313         10.1958          1.1075 
        3.93927         10.1572         1.10321 
         3.9454         10.1161         1.09893 
        3.95154         10.0916         1.09468 
        3.95768          10.046         1.09045 
        3.96382          10.019         1.08624 
        3.96995         9.98391         1.08206 
        3.97609         9.95495          1.0779 
        3.98222         9.91702         1.07376 
        3.98836         9.88026         1.06964 
         3.9945         9.85676         1.06554 
        4.00063         9.82726         1.06147 
        4.00677         9.77317         1.05742 
        4.01291         9.74494         1.05338 
        4.01904         9.71684         1.04938 
        4.02517         9.67139         1.04539 
        4.03131          9.6447         1.04142 
        4.03745          9.6199         1.03747 
        4.04358         9.59333         1.03354 
        4.04972         9.56013         1.02964 
        4.05585         9.51662         1.02575 
        4.06199          9.4928         1.02188 
        4.06812         9.44639         1.01804 
        4.07426         9.43118         1.01421 
         4.0804         9.39718          1.0104 
        4.08654         9.37207         1.00661 
        4.09267         9.33108         1.00285 
         4.0988         9.29966        0.999108 
        4.10494         9.26314        0.995379 
        4.11108         9.23649        0.991668 
        4.11721         9.21188        0.987979 
        4.12334         9.19395         0.98431 
        4.12948         9.14546        0.980659 
        4.13561         9.11596        0.977024 
        4.14176         9.08847        0.973405 
        4.14789         9.06453        0.969807 
        4.15403         9.03526         0.96623 
        4.16016         9.00076        0.962669 
         4.1663         8.96903        0.959126 
        4.17243         8.93846        0.955604 
        4.17857         8.92111        0.952097 
        4.18471         8.88328        0.948607 
        4.19084         8.84608        0.945136 
        4.19698         8.82787        0.941683 
        4.20312          8.8068        0.938245 
        4.20925         8.77078        0.934826 
        4.21538          8.7365        0.931427 
        4.22152         8.70936        0.928041 
        4.22766         8.68351        0.924671 
         4.2338         8.64858        0.921322 
        4.23993         8.62152        0.917988 
        4.24607         8.60619         0.91467 
         4.2522         8.56616        0.911368 
        4.25834         8.52931        0.908083 
        4.26447         8.52063        0.904817 
        4.27061         8.47986        0.901566 
        4.27674         8.46147         0.89833 
        4.28288         8.42716        0.895107 
        4.28902         8.39866        0.891903 
        4.29515         8.37861        0.888717 
        4.30129         8.35376        0.885544 
        4.30743         8.32926        0.882385 
        4.31356         8.28882        0.879243 
        4.31969         8.26876        0.876121 
        4.32583         8.23796        0.873011 
        4.33197         8.21701        0.869912 
         4.3381         8.19053        0.866832 
        4.34424         8.15973        0.863767 
        4.35038         8.13446        0.860713 
        4.35652         8.11476        0.857677 
        4.36265         8.08299        0.854658 
        4.36878         8.06744        0.851653 
        4.37492         8.03167        0.848659 
        4.38106         8.00707         0.84568 
        4.38719         7.98362         0.84272 
        4.39333         7.95623        0.839773 
        4.39946         7.93658        0.836839 
         4.4056         7.90563        0.833919 
        4.41173          7.8833        0.831013 
        4.41786          7.8618        0.828124 
          4.424         7.83118        0.825246 
        4.43014         7.80477        0.822378 
        4.43628         7.78428        0.819525 
        4.44241         7.75475        0.816689 
        4.44855         7.73787        0.813864 
        4.45469         7.71332        0.811051 
        4.46083         7.69139        0.808256 
        4.46696         7.66988        0.805475 
        4.47309          7.6465        0.802703 
        4.47923         7.61955        0.799944 
        4.48537         7.59503        0.797201 
         4.4915         7.57413         0.79447 
        4.49764         7.54217         0.79175 
        4.50378         7.52593        0.789043 
        4.50991         7.50357        0.786353 
        4.51604         7.47875        0.783674 
        4.52218         7.46246        0.781003 
        4.52832         7.43386        0.778348 
        4.53445         7.40813        0.775707 
        4.54059         7.38599        0.773076 
        4.54673         7.36436        0.770457 
        4.55286         7.33392         0.76785 
          4.559         7.31992        0.765256 
        4.56513         7.29608        0.762676 
        4.57127          7.2779        0.760106 
        4.57741         7.25298        0.757547 
        4.58354         7.22809        0.755001 
        4.58968         7.19953        0.752467 
        4.59582         7.18904        0.749943 
        4.60195         7.16498        0.747433 
        4.60809         7.13606        0.744935 
        4.61422         7.11622        0.742447 
        4.62036         7.10064        0.739971 
        4.62649         7.08165        0.737506 
        4.63263         7.05559        0.735053 
        4.63876         7.04109         0.73261 
         4.6449          7.0156        0.730178 
        4.65104         6.99425        0.727758 
        4.65717         6.97276         0.72535 
        4.66331         6.94624        0.722952 
        4.66944         6.92611        0.720564 
        4.67558         6.90948         0.71819 
        4.68171         6.89612        0.715823 
        4.68785         6.86499        0.713467 
        4.69399         6.85013        0.711122 
        4.70012          6.8266        0.708792 
        4.70625         6.80378        0.706469 
        4.71239         6.79182        0.704155 
        4.71853         6.76732        0.701853 
        4.72467         6.75279         0.69956 
         4.7308         6.72318        0.697279 
        4.73694         6.70806        0.695008 
        4.74308         6.68659        0.692746 
        4.74922         6.66949        0.690494 
        4.75535         6.64837        0.688255 
        4.76148           6.632        0.686026 
        4.76762         6.60775        0.683803 
        4.77376         6.59097        0.681591 
        4.77989         6.57433        0.679392 
        4.78602         6.55687        0.677201 
        4.79216         6.53083        0.675018 
         4.7983         6.51558        0.672846 
        4.80443         6.49455        0.670686 
        4.81056         6.48087        0.668534 
         4.8167         6.45888        0.666389 
        4.82284         6.44295        0.664253 
        4.82898         6.42224         0.66213 
        4.83511          6.4069        0.660016 
        4.84125         6.39329        0.657908 
        4.84739         6.37048        0.655812 
        4.85352         6.35311        0.653726 
        4.85965          6.3285        0.651648 
        4.86579         6.31626        0.649579 
        4.87193         6.29604        0.647518 
        4.87807         6.28357        0.645466 
         4.8842         6.26042        0.643425 
        4.89034         6.24803        0.641391 
        4.89647          6.2248        0.639366 
        4.90261         6.21475        0.637351 
        4.90874          6.1945        0.635345 
        4.91488         6.17617        0.633348 
        4.92102         6.15497        0.631357 
        4.92715         6.14304        0.629376 
        4.93329         6.12612        0.627405 
        4.93942         6.10928         0.62544 
        4.94556         6.09035        0.623484 
         4.9517         6.07095        0.621537 
        4.95783         6.05682        0.619598 
        4.96397         6.03913        0.617668 
        4.97011         6.02085        0.615745 
        4.97624         6.00777        0.613832 
        4.98238         5.99218        0.611927 
        4.98851         5.97332         0.61003 
        4.99465         5.96024        0.608141 
        5.00078         5.94315         0.60626 
        5.00691         5.92896        0.604388 
        5.01305          5.9113        0.602523 
        5.01919         5.89668        0.600663 
        5.02533         5.87991        0.598813 
        5.03146         5.86351        0.596973 
         5.0376         5.84707        0.595139 
        5.04374         5.83787        0.593312 
        5.04987         5.81988        0.591493 
        5.05601         5.80636        0.589684 
        5.06215         5.78657         0.58788 
        5.06829         5.76881        0.586083 
        5.07442         5.76371        0.584296 
        5.08055         5.74158        0.582517 
        5.08668         5.72897        0.580744 
        5.09282          5.7148        0.578977 
        5.09896         5.69869         0.57722 
        5.10509         5.68348         0.57547 
        5.11123           5.664        0.573727 
        5.11736         5.65725         0.57199 
         5.1235         5.64199         0.57026 
        5.12964         5.62817        0.568539 
        5.13577         5.61322        0.566823 
        5.14191         5.60054        0.565116 
        5.14804         5.57916        0.563417 
        5.15418         5.57748        0.561723 
        5.16032         5.55667        0.560036 
        5.16645         5.54083        0.558356 
        5.17259         5.52337        0.556684 
        5.17872           5.512        0.555019 
        5.18486         5.50168        0.553359 
          5.191          5.4903        0.551706 
        5.19713         5.46719        0.550062 
        5.20327         5.45771        0.548424 
        5.20941         5.44489        0.546791 
        5.21555         5.43413        0.545164 
        5.22168         5.41903        0.543547 
        5.22781         5.40585        0.541936 
        5.23395         5.39689        0.540331 
        5.24009         5.38391        0.538731 
        5.24622         5.36744        0.537139 
        5.25236         5.35477        0.535554 
         5.2585          5.3405        0.533974 
        5.26463          5.3295        0.532401 
        5.27077         5.31801        0.530834 
         5.2769         5.30528        0.529275 
        5.28304         5.29344        0.527721 
        5.28917         5.28479        0.526174 
         5.2953         5.26665        0.524634 
        5.30144         5.25546        0.523099 
        5.30757         5.24149         0.52157 
        5.31371         5.23347        0.520047 
        5.31985         5.22114        0.518529 
        5.32599         5.20712        0.517018 
        5.33213         5.19813        0.515513 
        5.33826         5.18316        0.514015 
         5.3444         5.17081        0.512523 
        5.35053         5.15478        0.511036 
        5.35667         5.14647        0.509555 
        5.36281         5.13756         0.50808 
        5.36894         5.12649        0.506611 
        5.37507          5.1114        0.505149 
        5.38121         5.10201        0.503692 
        5.38735         5.08724         0.50224 
        5.39348         5.07669        0.500795 
        5.39961          5.0721        0.499356 
        5.40575         5.05804        0.497921 
        5.41189          5.0448        0.496492 
        5.41803         5.03413        0.495069 
        5.42416         5.02672        0.493652 
         5.4303         5.01363         0.49224 
        5.43644         5.00495        0.490834 
        5.44257         4.99567        0.489434 
        5.44871         4.98357        0.488038 
        5.45484         4.96998        0.486648 
        5.46098         4.95927        0.485264 
        5.46712         4.95316        0.483885 
        5.47325         4.93601        0.482511 
        5.47938         4.92964        0.481145 
        5.48552         4.91692        0.479783 
        5.49165         4.91231        0.478425 
        5.49779         4.90177        0.477073 
        5.50393         4.89436        0.475726 
        5.51006         4.88437        0.474383 
         5.5162         4.87123        0.473047 
        5.52234         4.85897        0.471716 
        5.52847         4.84965        0.470389 
        5.53461         4.83958        0.469068 
        5.54075         4.82902        0.467752 
        5.54688         4.82211        0.466441 
        5.55302         4.81078        0.465135 
        5.55915         4.80133        0.463835 
        5.56529         4.79882        0.462539 
        5.57143         4.78816        0.461248 
        5.57756         4.77407        0.459962 
         5.5837         4.76941        0.458681 
        5.58983         4.75637        0.457406 
        5.59597         4.74981        0.456135 
         5.6021         4.74563        0.454868 
        5.60824         4.73002        0.453606 
        5.61438         4.72579         0.45235 
        5.62051         4.71444        0.451098 
        5.62665         4.70908        0.449851 
        5.63278         4.69977        0.448609 
        5.63892         4.69143        0.447371 
        5.64505         4.68599        0.446138 
        5.65119         4.67656         0.44491 
        5.65733         4.66834        0.443686 
        5.66346         4.65816        0.442468 
         5.6696         4.65087        0.441253 
        5.67573          4.6414        0.440043 
        5.68187         4.63516        0.438838 
          5.688         4.62651        0.437638 
        5.69414         4.62173        0.436442 
        5.70028         4.60584        0.435249 
        5.70642         4.60419        0.434062 
        5.71255         4.59575        0.432879 
        5.71869         4.58762        0.431701 
        5.72482          4.5813        0.430528 
        5.73096          4.5739        0.429358 
        5.73709         4.56789        0.428194 
        5.74322         4.56156        0.427033 
        5.74936         4.55354        0.425876 
         5.7555         4.54475        0.424723 
        5.76164         4.53922        0.423576 
        5.76777         4.53113        0.422433 
        5.77391         4.52543        0.421293 
        5.78005         4.51545        0.420157 
        5.78618         4.51009        0.419027 
        5.79231         4.50089        0.417901 
        5.79845         4.49517        0.416778 
        5.80459         4.49623        0.415658 
        5.81073         4.48411        0.414545 
        5.81686         4.47781        0.413435 
          5.823          4.4739        0.412328 
        5.82914         4.46451        0.411226 
        5.83527         4.46232        0.410129 
         5.8414         4.45565        0.409035 
        5.84754         4.44892        0.407945 
        5.85368         4.44251        0.406859 
        5.85981         4.43674        0.405777 
        5.86595         4.43097        0.404699 
        5.87208         4.42867        0.403625 
        5.87822         4.42022        0.402555 
        5.88435          4.4177         0.40149 
        5.89049         4.40926        0.400427 
        5.89662         4.40272        0.399368 
        5.90276         4.40004        0.398313 
         5.9089         4.39457        0.397262 
        5.91503         4.39125        0.396216 
        5.92117         4.38685        0.395172 
        5.92731         4.38132        0.394132 
        5.93344         4.37437        0.393097 
        5.93958          4.3694        0.392065 
        5.94572         4.36188        0.391036 
        5.95186         4.36212        0.390011 
        5.95799          4.3567        0.388991 
        5.96412          4.3538        0.387974 
        5.97026         4.34447         0.38696 
         5.9764         4.34489        0.385951 
        5.98253         4.33944        0.384945 
        5.98866         4.33536        0.383943 
         5.9948         4.33092        0.382943 
        6.00094          4.3305        0.381948 
        6.00707         4.32465        0.380956 
        6.01321         4.31949        0.379967 
        6.01935         4.31329        0.378982 
        6.02548         4.30662        0.378001 
        6.03162         4.30776        0.377023 
        6.03775         4.30524        0.376049 
        6.04389         4.29981        0.375078 
        6.05003         4.29874         0.37411 
        6.05617         4.29643        0.373146 
         6.0623         4.29028        0.372185 
        6.06844         4.28536        0.371228 
        6.07457          4.2859        0.370274 
         6.0807         4.28091        0.369324 
        6.08684         4.28108        0.368378 
        6.09298         4.27923        0.367433 
        6.09912         4.27282        0.366492 
        6.10525         4.26984        0.365556 
        6.11138         4.26845        0.364622 
        6.11752         4.26589        0.363691 
        6.12366         4.26579        0.362764 
        6.12979         4.26378         0.36184 
        6.13593         4.25925         0.36092 
        6.14207         4.25767        0.360001 
         6.1482         4.25414        0.359087 
        6.15434         4.25417        0.358176 
        6.16047         4.25455        0.357268 
        6.16661         4.24918        0.356363 
        6.17274         4.24755        0.355462 
        6.17887         4.24646        0.354564 
        6.18501          4.2457        0.353668 
        6.19115         4.24523        0.352776 
        6.19729         4.24117        0.351886 
        6.20342         4.24235           0.351 
        6.20956         4.24002        0.350117 
         6.2157         4.23804        0.349236 
        6.22183         4.24034        0.348359 
        6.22797          4.2379        0.347486 
         6.2341          4.2371        0.346615 
        6.24024         4.23933        0.345747 
        6.24638         4.23642        0.344881 
        6.25251         4.23609         0.34402 
        6.25865         4.23605        0.343161 
        6.26478         4.23664        0.342305 
        6.27092         4.23407        0.341452 
        6.27705         4.23331        0.340602 
        6.28318         4.23192        0.339755 
