# k  (h/Mpc)    P(k)  (Mpc/h)^3    P_linear(k)  (Mpc/h)^3
     0.00783031         281.789         284.655 
       0.013688         351.459         352.811 
       0.019231         356.308         356.571 
      0.0249154         327.439         328.524 
      0.0312784          283.88         283.791 
      0.0375637         242.784         242.169 
      0.0433917         212.381         212.229 
      0.0492413         191.389         191.037 
      0.0555754         175.131         175.356 
      0.0619321          163.64         163.176 
       0.067871         151.704         151.903 
      0.0738098         139.013         139.234 
      0.0800417         124.264         124.586 
      0.0862327         110.015         110.022 
      0.0921407         97.7213         97.6072 
      0.0982031         87.3898         87.3819 
       0.104506           80.02         79.6903 
       0.110769         74.7281         74.4944 
       0.116806         70.8323         70.8783 
       0.122832         67.7712         67.6711 
       0.129052         63.9304         64.0253 
       0.135211         59.6641         59.7683 
       0.141259         55.1825         55.1131 
       0.147318         50.6238         50.4092 
       0.153489         46.1949         46.0597 
       0.159709         42.6131         42.4636 
       0.165845         40.1033         39.7766 
       0.171974         37.9223         37.8101 
       0.178125         36.4196         36.2825 
       0.184229         35.0862         34.9066 
        0.19034         33.4427         33.4347 
       0.196428         31.8881         31.7687 
       0.202534         30.1942         29.9282 
       0.208729         28.2013         28.0156 
       0.214876         26.3483         26.2279 
       0.220989          24.945         24.6768 
       0.227147          23.519         23.3924 
        0.23329         22.4922         22.3651 
       0.239377          21.676         21.5239 
       0.245482         20.8461         20.7648 
       0.251667         20.1829         19.9995 
       0.257832         19.3379          19.192 
       0.263955         18.5132         18.3423 
       0.270079         17.6546          17.473 
        0.27624         16.8814         16.6242 
       0.282372         16.1037         15.8467 
        0.28843         15.3696         15.1669 
       0.294538         14.7768         14.5735 
       0.300721         14.3097         14.0489 
        0.30691         13.7634         13.5733 
       0.313033         13.3221         13.1233 
       0.319153         12.7843         12.6751 
       0.325316         12.4533         12.2165 
        0.33145         11.9764          11.758 
       0.337538         11.5282         11.3107 
       0.343633         11.0756         10.8843 
       0.349808         10.7045         10.4832 
       0.355968         10.3413         10.1184 
       0.362074         9.99642         9.78881 
       0.368217         9.69593         9.48241 
       0.374374         9.36908         9.19236 
       0.380519         9.11974         8.91169 
       0.386598         8.86085         8.63876 
       0.392688         8.60943         8.36894 
        0.39888         8.32509         8.09985 
       0.405048         8.07489         7.84104 
       0.411186         7.83654          7.5956 
       0.417313         7.58069         7.36438 
       0.423458         7.37999         7.14712 
       0.429607         7.15395          6.9424 
       0.435692         6.95779         6.74995 
       0.441815         6.77762         6.56416 
       0.447964         6.62472         6.38342 
       0.454126         6.41275         6.20669 
       0.460267         6.24525         6.03525 
       0.466387         6.06298         5.86958 
        0.47254         5.91706         5.70883 
       0.478662         5.77421         5.55534 
       0.484765         5.61037         5.40929 
       0.490885         5.47194          5.2695 
       0.497035         5.37228         5.13492 
       0.503198         5.22276         5.00528 
       0.509342         5.10265         4.88054 
       0.515458         4.97158         4.76031 
       0.521598          4.8581         4.64303 
       0.527764         4.72944         4.52865 
       0.533884         4.64096         4.41868 
           0.54         4.52663         4.31253 
       0.546137         4.42904         4.20981 
       0.552299         4.32901         4.11034 
       0.558452         4.21411         4.01455 
       0.564573          4.1355         3.92256 
       0.570708         4.04494         3.83343 
       0.576825         3.94745         3.74738 
       0.582926         3.87481         3.66412 
       0.589034          3.7678          3.5831 
       0.595184         3.69691         3.50387 
       0.601379         3.61657         3.42647 
       0.607522         3.55504         3.35208 
       0.613639         3.49466         3.28033 
       0.619772         3.40217         3.21062 
       0.625918         3.34454         3.14289 
       0.632068         3.28707         3.07714 
       0.638161         3.21104         3.01388 
         0.6443          3.1461         2.95195 
       0.650464         3.07625         2.89155 
       0.656582         3.03011         2.83328 
       0.662703         2.97196         2.77661 
       0.668861         2.92404         2.72118 
       0.675024         2.86016         2.66723 
       0.681124         2.80059         2.61531 
       0.687237          2.7592         2.56468 
       0.693381         2.70964         2.51518 
       0.699536         2.64192         2.46693 
       0.705665         2.59939         2.42018 
       0.711789         2.55842          2.3747 
       0.717957         2.50766          2.3301 
        0.72409         2.46547         2.28691 
       0.730186         2.42066         2.24509 
       0.736317         2.39332          2.2041 
       0.742472         2.34919         2.16399 
       0.748622         2.30338         2.12493 
        0.75476         2.25814         2.08693 
       0.760888          2.2208         2.04992 
       0.767043          2.1962         2.01367 
       0.773185         2.14996         1.97839 
       0.779291         2.11875         1.94416 
       0.785407         2.08342          1.9107 
       0.791564         2.05152         1.87783 
       0.797719         2.02184         1.84576 
       0.803834         1.99161         1.81465 
       0.809972         1.95866         1.78415 
       0.816124         1.92337          1.7543 
       0.822261         1.88954         1.72522 
       0.828378         1.86538         1.69689 
       0.834502         1.84236         1.66919 
       0.840667         1.80342         1.64193 
       0.846816         1.77703         1.61536 
       0.852925          1.7589         1.58956 
       0.859047         1.73177         1.56427 
       0.865192         1.70345         1.53945 
       0.871341         1.67899         1.51517 
       0.877463         1.65984         1.49152 
       0.883569         1.62947         1.46844 
       0.889708         1.60522         1.44574 
       0.895864         1.58343         1.42346 
       0.902008         1.55733         1.40171 
       0.908149         1.53738         1.38043 
       0.914301         1.50804         1.35956 
       0.920448         1.49034         1.33915 
       0.926574         1.46851         1.31923 
       0.932687         1.44851         1.29976 
       0.938823         1.43491         1.28063 
       0.944975         1.41313         1.26183 
       0.951105          1.3956         1.24349 
       0.957225         1.38088         1.22554 
       0.963368         1.36018          1.2079 
       0.969511         1.33921          1.1906 
       0.975621         1.31844         1.17374 
       0.981748         1.30707         1.15716 
       0.987916         1.28793         1.14081 
        0.99406         1.26846         1.12483 
        1.00019         1.25679          1.1092 
        1.00632         1.23584         1.09387 
        1.01246         1.22059         1.07882 
        1.01859          1.2074         1.06408 
        1.02471         1.19021         1.04964 
        1.03085         1.17933         1.03541 
        1.03698          1.1611         1.02148 
        1.04314         1.14857         1.00775 
        1.04929         1.13222        0.994312 
        1.05541         1.12077        0.981171 
        1.06154         1.10516        0.968238 
        1.06769         1.09123         0.95552 
        1.07382         1.07907        0.943075 
        1.07993         1.06274        0.930881 
        1.08607         1.05601        0.918854 
        1.09222         1.04007         0.90703 
        1.09836         1.03216        0.895429 
        1.10449         1.01933        0.884047 
        1.11063         1.00381        0.872852 
        1.11677        0.990964        0.861857 
         1.1229        0.981166        0.851072 
        1.12903         0.96852        0.840464 
        1.13518        0.960162        0.830029 
        1.14131        0.946978        0.819779 
        1.14745        0.931095         0.80971 
        1.15359        0.925432        0.799809 
        1.15973        0.911342        0.790071 
        1.16584         0.90707        0.780541 
        1.17197        0.895038        0.771156 
        1.17811        0.886075        0.761897 
        1.18424        0.878776        0.752819 
        1.19038        0.866059        0.743864 
        1.19652        0.854741        0.735059 
        1.20267        0.849322        0.726398 
        1.20881         0.83722         0.71788 
        1.21495        0.831071        0.709512 
        1.22108         0.82155        0.701281 
         1.2272         0.81452          0.6932 
        1.23334        0.804179        0.685229 
        1.23949        0.795565        0.677365 
        1.24562        0.787916        0.669647 
        1.25174        0.780168        0.662062 
        1.25789        0.772637        0.654572 
        1.26402        0.761956        0.647213 
        1.27014        0.754671        0.639985 
        1.27628        0.749855        0.632847 
        1.28244        0.738441        0.625805 
        1.28858        0.732287        0.618881 
        1.29471        0.726655        0.612077 
        1.30084        0.717498        0.605383 
        1.30697        0.710517        0.598779 
        1.31312        0.700591        0.592265 
        1.31925        0.695927         0.58587 
        1.32537        0.690092        0.579575 
        1.33151        0.684271        0.573351 
        1.33765        0.676765        0.567223 
        1.34378        0.668085        0.561198 
        1.34992        0.663929        0.555256 
        1.35606        0.656227        0.549388 
         1.3622        0.650542        0.543616 
        1.36833        0.644058        0.537942 
        1.37445        0.635879        0.532352 
        1.38059        0.630593        0.526824 
        1.38675        0.628899        0.521363 
        1.39288        0.620289        0.516001 
        1.39901        0.614806        0.510718 
        1.40515        0.609554        0.505498 
         1.4113        0.602483        0.500353 
        1.41742        0.597111          0.4953 
        1.42355        0.594423        0.490307 
         1.4297        0.586399        0.485369 
        1.43585        0.581473        0.480501 
        1.44198         0.57883        0.475719 
        1.44809        0.571106        0.471012 
        1.45423        0.566377        0.466352 
        1.46036        0.561354        0.461763 
        1.46649        0.556976        0.457235 
        1.47263        0.551232        0.452764 
        1.47877        0.545555        0.448356 
        1.48491        0.541471           0.444 
        1.49104        0.535535        0.439711 
        1.49718        0.532054        0.435476 
        1.50333        0.527683         0.43129 
        1.50947        0.523209        0.427169 
         1.5156        0.517903        0.423107 
        1.52172        0.513831        0.419099 
        1.52787        0.508987        0.415135 
          1.534        0.505211        0.411227 
        1.54013        0.499709        0.407373 
        1.54627        0.496345        0.403563 
        1.55241        0.491541        0.399801 
        1.55855         0.48679        0.396092 
        1.56467        0.485282        0.392441 
         1.5708        0.479673        0.388826 
        1.57695        0.476313        0.385251 
        1.58308        0.472008         0.38173 
        1.58922        0.468335         0.37825 
        1.59535        0.464064        0.374816 
         1.6015        0.460424         0.37142 
        1.60764        0.457076        0.368067 
        1.61376        0.451969        0.364766 
        1.61989         0.44956        0.361503 
        1.62604        0.445788        0.358272 
        1.63218        0.442813        0.355083 
        1.63831        0.438999        0.351941 
        1.64444        0.435134        0.348836 
        1.65059        0.432017        0.345761 
        1.65673        0.428222        0.342727 
        1.66285        0.425328        0.339737 
        1.66898        0.422464        0.336783 
        1.67512        0.418029        0.333858 
        1.68127        0.414536        0.330966 
         1.6874        0.412768        0.328115 
        1.69353        0.408647        0.325299 
        1.69967        0.406042        0.322509 
        1.70581        0.402287        0.319754 
        1.71193        0.399557        0.317042 
        1.71806        0.396107        0.314355 
        1.72421        0.393605        0.311695 
        1.73035        0.390015        0.309068 
        1.73649        0.387996        0.306473 
        1.74262        0.384809        0.303909 
        1.74876        0.381574        0.301373 
        1.75489        0.379006        0.298872 
        1.76101         0.37568          0.2964 
        1.76715        0.373046        0.293952 
        1.77329        0.370198        0.291529 
        1.77943        0.367358        0.289133 
        1.78557        0.365263        0.286767 
        1.79171        0.362562        0.284428 
        1.79785        0.359699        0.282114 
        1.80399        0.356958        0.279826 
        1.81012        0.354833        0.277568 
        1.81625        0.351975        0.275335 
        1.82239        0.349906        0.273123 
        1.82853        0.346252        0.270937 
        1.83466        0.344403        0.268777 
        1.84078        0.341586        0.266644 
        1.84692        0.339533         0.26453 
        1.85306        0.337543        0.262436 
         1.8592        0.334903        0.260369 
        1.86533        0.332917        0.258325 
        1.87147        0.330366        0.256301 
        1.87761        0.328471        0.254297 
        1.88375         0.32519        0.252318 
        1.88988        0.323458        0.250362 
        1.89601        0.320911        0.248425 
        1.90215        0.319082        0.246508 
        1.90829        0.316529        0.244612 
        1.91442        0.314834        0.242736 
        1.92056        0.312345        0.240881 
         1.9267        0.310001        0.239044 
        1.93284        0.307997        0.237225 
        1.93897        0.306102        0.235429 
        1.94509        0.304361        0.233655 
        1.95123         0.30174        0.231895 
        1.95737        0.300371        0.230152 
        1.96349        0.297973        0.228431 
        1.96964        0.295842        0.226724 
        1.97578        0.293807        0.225033 
        1.98192        0.292446        0.223362 
        1.98805        0.290583        0.221709 
        1.99419        0.288202        0.220072 
        2.00033        0.286473        0.218451 
        2.00647        0.285069        0.216847 
         2.0126        0.282684        0.215262 
        2.01874        0.281196        0.213691 
        2.02488         0.27948        0.212133 
        2.03101        0.277318        0.210595 
        2.03714        0.275513        0.209073 
        2.04328        0.274026        0.207564 
        2.04941        0.272179        0.206072 
        2.05554        0.270613        0.204595 
        2.06167        0.269174        0.203131 
        2.06781        0.266451        0.201681 
        2.07396         0.26498        0.200243 
        2.08009        0.263397        0.198822 
        2.08622        0.262084        0.197416 
        2.09237        0.260879        0.196021 
        2.09851        0.259179         0.19464 
        2.10464        0.257403        0.193274 
        2.11077        0.255613        0.191923 
        2.11691        0.254061        0.190582 
        2.12305        0.252548        0.189254 
        2.12918        0.251122        0.187942 
        2.13531        0.249392        0.186642 
        2.14145        0.247844        0.185351 
         2.1476        0.246544        0.184071 
        2.15372        0.245436         0.18281 
        2.15985        0.243474        0.181559 
        2.16599        0.241731        0.180317 
        2.17213          0.2408        0.179088 
        2.17827        0.239279         0.17787 
         2.1844        0.238068        0.176665 
        2.19054        0.236462         0.17547 
        2.19666        0.234531        0.174289 
         2.2028        0.233735        0.173117 
        2.20893        0.232614        0.171955 
        2.21508         0.23058        0.170803 
        2.22122         0.22926        0.169662 
        2.22736        0.228289        0.168533 
        2.23349        0.226864        0.167414 
        2.23962        0.225866        0.166305 
        2.24577        0.224021        0.165206 
         2.2519        0.223257        0.164117 
        2.25802        0.221561        0.163041 
        2.26417        0.220393        0.161971 
        2.27031        0.219007         0.16091 
        2.27644         0.21795        0.159861 
        2.28257        0.216644        0.158822 
        2.28872        0.215478         0.15779 
        2.29486        0.214253        0.156768 
        2.30099        0.213148        0.155757 
        2.30712        0.211996        0.154754 
        2.31326        0.210344        0.153758 
         2.3194        0.210235        0.152772 
        2.32553        0.208941        0.151797 
        2.33166        0.207733         0.15083 
         2.3378         0.20651         0.14987 
        2.34394        0.205015        0.148918 
        2.35007        0.204073        0.147976 
        2.35619        0.202736        0.147044 
        2.36233        0.201416        0.146117 
        2.36848        0.200714        0.145196 
        2.37462        0.199339        0.144285 
        2.38075        0.198762        0.143383 
        2.38689         0.19743        0.142488 
        2.39303        0.196869        0.141601 
        2.39916        0.195117        0.140722 
        2.40529         0.19432        0.139851 
        2.41143        0.193353        0.138987 
        2.41757         0.19218        0.138129 
         2.4237         0.19132        0.137281 
        2.42983         0.19014        0.136439 
        2.43598        0.189666        0.135603 
        2.44211        0.188394        0.134775 
        2.44823         0.18776        0.133956 
        2.45437        0.186153        0.133141 
        2.46052        0.185538        0.132332 
        2.46665        0.184442        0.131532 
        2.47279        0.183404        0.130739 
        2.47892        0.182412        0.129951 
        2.48507        0.181401         0.12917 
         2.4912        0.180752        0.128396 
        2.49733         0.18019        0.127629 
        2.50347        0.178982        0.126867 
        2.50961        0.177964        0.126111 
        2.51575        0.176986        0.125362 
        2.52188        0.176267         0.12462 
        2.52802        0.175251        0.123883 
        2.53416        0.174461        0.123152 
        2.54029        0.173432        0.122428 
        2.54641        0.172928         0.12171 
        2.55255        0.171801        0.120997 
        2.55869        0.171139        0.120289 
        2.56483        0.170041        0.119587 
        2.57096        0.169615        0.118892 
        2.57709        0.168752        0.118202 
        2.58323        0.167909        0.117517 
        2.58937        0.166669        0.116837 
        2.59551        0.166431        0.116163 
        2.60164        0.165126        0.115495 
        2.60778        0.164706        0.114832 
        2.61392        0.163654        0.114174 
        2.62006        0.163064        0.113521 
        2.62619        0.162232        0.112874 
        2.63232        0.161314        0.112232 
        2.63846        0.160737        0.111594 
        2.64459         0.16028        0.110962 
        2.65072        0.159162        0.110336 
        2.65686         0.15869        0.109713 
          2.663        0.157865        0.109095 
        2.66915        0.157165        0.108481 
        2.67527        0.156369        0.107874 
        2.68141        0.155751        0.107271 
        2.68755        0.154617        0.106672 
        2.69368        0.154208        0.106078 
        2.69981          0.1536         0.10549 
        2.70595        0.152868        0.104904 
        2.71209        0.152322        0.104323 
        2.71823        0.151295        0.103747 
        2.72436        0.150759        0.103176 
         2.7305        0.150378        0.102608 
        2.73663        0.149745        0.102045 
        2.74276        0.148766        0.101487 
         2.7489        0.148298        0.100933 
        2.75504        0.147563        0.100382 
        2.76118        0.147109       0.0998352 
        2.76732        0.146285       0.0992932 
        2.77345        0.145673       0.0987554 
        2.77959        0.145162       0.0982215 
        2.78572        0.144399       0.0976917 
        2.79186        0.143856       0.0971659 
        2.79798        0.143493       0.0966447 
        2.80412        0.142669       0.0961262 
        2.81027        0.142026        0.095611 
         2.8164         0.14149       0.0951007 
        2.82253        0.140519       0.0945942 
        2.82867        0.140312       0.0940911 
        2.83481        0.139702       0.0935916 
        2.84095         0.13894       0.0930957 
        2.84708         0.13844        0.092604 
        2.85322        0.138211       0.0921153 
        2.85935        0.137318       0.0916303 
        2.86549        0.136829        0.091149 
        2.87162        0.136215       0.0906713 
        2.87776        0.135865        0.090197 
        2.88389        0.135142       0.0897258 
        2.89003         0.13477       0.0892583 
        2.89617        0.134083       0.0887939 
        2.90231         0.13382       0.0883329 
        2.90844        0.133148       0.0878752 
        2.91458         0.13274       0.0874209 
        2.92071        0.132245       0.0869703 
        2.92684        0.131486       0.0865224 
        2.93298        0.131093       0.0860779 
         2.9391        0.130606       0.0856371 
        2.94524        0.130025       0.0851988 
        2.95138        0.129673       0.0847634 
        2.95752        0.129068       0.0843306 
        2.96367        0.128608       0.0839008 
         2.9698        0.128188       0.0834748 
        2.97594        0.127662       0.0830515 
        2.98207        0.127111       0.0826311 
        2.98821        0.126528        0.082214 
        2.99434        0.126293       0.0817998 
        3.00048         0.12572       0.0813882 
        3.00662        0.125235       0.0809794 
        3.01275        0.124916        0.080574 
        3.01888        0.124447       0.0801712 
        3.02503        0.124004       0.0797706 
        3.03117        0.123576       0.0793729 
        3.03729        0.123021       0.0789789 
        3.04342        0.122554       0.0785872 
        3.04957        0.122155       0.0781973 
         3.0557        0.121787       0.0778107 
        3.06183        0.121144       0.0774274 
        3.06796        0.121001       0.0770462 
        3.07411        0.120659       0.0766668 
        3.08025         0.12027       0.0762906 
        3.08637        0.119662       0.0759176 
         3.0925        0.119446       0.0755466 
        3.09865        0.119012       0.0751774 
         3.1048        0.118558       0.0748108 
        3.11093        0.118009       0.0744473 
        3.11706        0.117769       0.0740863 
         3.1232        0.117386       0.0737275 
        3.12933        0.116991       0.0733709 
        3.13547        0.116638        0.073017 
        3.14159        0.116016       0.0726659 
        3.14773        0.115901       0.0723164 
        3.15388        0.115478       0.0719689 
        3.16001        0.115418       0.0716243 
        3.16614        0.114805       0.0712821 
        3.17228        0.114256       0.0709419 
        3.17842        0.114136       0.0706039 
        3.18455        0.113693       0.0702683 
        3.19068        0.113236        0.069935 
        3.19682        0.113062       0.0696035 
        3.20297        0.112836        0.069274 
         3.2091        0.112278        0.068947 
        3.21524        0.112119       0.0686221 
        3.22138        0.111605       0.0682993 
         3.2275        0.111437       0.0679791 
        3.23363        0.111182       0.0676608 
        3.23977        0.110635       0.0673442 
        3.24591        0.110552       0.0670298 
        3.25205        0.110202        0.066717 
        3.25818        0.109905       0.0664065 
        3.26432        0.109617       0.0660981 
        3.27046        0.109402       0.0657916 
         3.2766        0.109065        0.065487 
        3.28273        0.108706       0.0651845 
        3.28887         0.10842       0.0648839 
          3.295        0.108189       0.0645853 
        3.30113         0.10803       0.0642885 
        3.30727        0.107549       0.0639936 
        3.31341        0.107414       0.0637006 
        3.31954        0.107157       0.0634096 
        3.32568         0.10702         0.06312 
        3.33182        0.106811       0.0628324 
        3.33795        0.106592       0.0625469 
        3.34409        0.106275       0.0622628 
        3.35022        0.106088       0.0619805 
        3.35636        0.105878       0.0617003 
         3.3625        0.105717       0.0614215 
        3.36864        0.105692       0.0611445 
        3.37477        0.105291       0.0608693 
        3.38091        0.105088       0.0605959 
        3.38704        0.104766       0.0603242 
        3.39318        0.104773       0.0600541 
        3.39931        0.104768       0.0597856 
        3.40545        0.104419       0.0595189 
        3.41158        0.104253       0.0592538 
        3.41772        0.104209       0.0589903 
        3.42385        0.103987       0.0587286 
        3.42998        0.104126       0.0584684 
        3.43612        0.103792       0.0582098 
        3.44226        0.103829       0.0579526 
         3.4484        0.103539       0.0576967 
        3.45453        0.103397       0.0574429 
        3.46066        0.103354       0.0571907 
        3.46681        0.103281       0.0569393 
        3.47295        0.103299       0.0566897 
        3.47908        0.103117       0.0564422 
        3.48521        0.102985        0.056196 
        3.49135        0.102972       0.0559509 
        3.49749        0.102784       0.0557074 
        3.50362         0.10283       0.0554655 
        3.50976        0.102803       0.0552251 
        3.51589        0.102786        0.054986 
        3.52203        0.102468       0.0547484 
        3.52816        0.102592       0.0545125 
        3.53429        0.102545       0.0542777 
        3.54043        0.102617        0.054044 
        3.54657        0.102536       0.0538118 
        3.55271        0.102483       0.0535813 
        3.55884        0.102645       0.0533522 
        3.56498        0.102433       0.0531241 
        3.57112        0.102674       0.0528973 
        3.57725        0.102601       0.0526721 
        3.58338        0.102556       0.0524484 
        3.58952        0.102667       0.0522257 
        3.59566        0.102644       0.0520041 
         3.6018        0.102653       0.0517841 
        3.60793        0.102674       0.0515654 
        3.61407        0.102846       0.0513481 
        3.62021        0.102822       0.0511318 
        3.62634         0.10302       0.0509168 
        3.63247         0.10311       0.0507033 
        3.63861        0.103212       0.0504908 
        3.64475        0.103254       0.0502793 
        3.65089        0.103397       0.0500693 
        3.65702        0.103326       0.0498607 
        3.66316        0.103532        0.049653 
        3.66929        0.103624       0.0494466 
        3.67543        0.103925       0.0492415 
        3.68156         0.10389       0.0490375 
        3.68769        0.104055       0.0488346 
        3.69383        0.104239       0.0486328 
        3.69997        0.104433       0.0484321 
        3.70611        0.104686       0.0482327 
        3.71224        0.104759       0.0480344 
        3.71838        0.104802       0.0478371 
        3.72451        0.105148       0.0476412 
        3.73065        0.105372       0.0474464 
        3.73678         0.10556       0.0472526 
        3.74292         0.10556       0.0470596 
        3.74906           0.106       0.0468679 
        3.75519        0.106189       0.0466774 
        3.76133        0.106322       0.0464878 
        3.76746        0.106654       0.0462994 
         3.7736        0.106831       0.0461121 
        3.77974        0.107183       0.0459257 
        3.78588        0.107362       0.0457402 
        3.79201        0.107682        0.045556 
        3.79814        0.108017       0.0453728 
        3.80428        0.108399       0.0451906 
        3.81042        0.108819       0.0450092 
        3.81655        0.108912        0.044829 
        3.82268        0.109407       0.0446499 
        3.82882        0.109661       0.0444718 
        3.83496        0.109971       0.0442944 
        3.84109        0.110253       0.0441181 
        3.84723        0.110727       0.0439428 
        3.85337        0.110903       0.0437682 
        3.85951        0.111297       0.0435946 
        3.86565        0.111578       0.0434222 
        3.87178        0.112196       0.0432508 
        3.87791         0.11236       0.0430803 
        3.88405        0.112996       0.0429106 
        3.89019        0.113172       0.0427418 
        3.89632        0.113743       0.0425741 
        3.90246        0.114372       0.0424071 
         3.9086        0.114657        0.042241 
        3.91473        0.115181        0.042076 
        3.92086        0.115443        0.041912 
        3.92699        0.116083       0.0417487 
        3.93313        0.116432       0.0415861 
        3.93927        0.117096       0.0414245 
         3.9454        0.117551       0.0412638 
        3.95154        0.118231       0.0411038 
        3.95768        0.118432       0.0409448 
        3.96382        0.118978       0.0407866 
        3.96995        0.119701       0.0406292 
        3.97609        0.120368       0.0404727 
        3.98222        0.120861       0.0403172 
        3.98836        0.121276       0.0401623 
         3.9945        0.121717       0.0400083 
        4.00063        0.122574       0.0398552 
        4.00677        0.123068       0.0397027 
        4.01291         0.12391        0.039551 
        4.01904        0.124306       0.0394004 
        4.02517        0.125022       0.0392506 
        4.03131        0.125723       0.0391012 
        4.03745        0.126263       0.0389527 
        4.04358        0.126892       0.0388051 
        4.04972        0.127647       0.0386583 
        4.05585        0.128458       0.0385122 
        4.06199        0.129292       0.0383668 
        4.06812        0.129745       0.0382223 
        4.07426        0.130426       0.0380785 
         4.0804        0.131137       0.0379353 
        4.08654        0.131762       0.0377928 
        4.09267        0.132758       0.0376513 
         4.0988        0.133514       0.0375106 
        4.10494        0.134766       0.0373705 
        4.11108        0.135148        0.037231 
        4.11721        0.135914       0.0370923 
        4.12334         0.13671       0.0369544 
        4.12948        0.137735       0.0368172 
        4.13561        0.138358       0.0366805 
        4.14176        0.139365       0.0365445 
        4.14789        0.140555       0.0364093 
        4.15403        0.141257       0.0362748 
        4.16016        0.142127        0.036141 
         4.1663        0.143156       0.0360078 
        4.17243        0.143866       0.0358754 
        4.17857        0.144837       0.0357436 
        4.18471        0.145956       0.0356124 
        4.19084        0.147054        0.035482 
        4.19698        0.147859       0.0353522 
        4.20312        0.148906        0.035223 
        4.20925        0.150044       0.0350945 
        4.21538         0.15083       0.0349668 
        4.22152        0.152064       0.0348395 
        4.22766        0.153094       0.0347129 
         4.2338        0.154105        0.034587 
        4.23993        0.155152       0.0344617 
        4.24607        0.156477        0.034337 
         4.2522        0.157526       0.0342129 
        4.25834        0.158855       0.0340895 
        4.26447        0.159805       0.0339667 
        4.27061        0.161453       0.0338445 
        4.27674        0.162359       0.0337229 
        4.28288        0.163675       0.0336018 
        4.28902        0.164899       0.0334814 
        4.29515        0.165942       0.0333617 
        4.30129        0.167134       0.0332425 
        4.30743        0.168864       0.0331237 
        4.31356        0.170456       0.0330057 
        4.31969        0.170996       0.0328883 
        4.32583        0.172391       0.0327715 
        4.33197        0.173613       0.0326551 
         4.3381        0.175544       0.0325393 
        4.34424        0.176568       0.0324242 
        4.35038        0.178012       0.0323094 
        4.35652        0.179439       0.0321953 
        4.36265        0.180962       0.0320819 
        4.36878        0.182357        0.031969 
        4.37492        0.183877       0.0318565 
        4.38106        0.185353       0.0317445 
        4.38719        0.187289       0.0316333 
        4.39333        0.188529       0.0315226 
        4.39946        0.190312       0.0314124 
         4.4056        0.191746       0.0313027 
        4.41173        0.193152       0.0311935 
        4.41786        0.195045       0.0310849 
          4.424        0.196475       0.0309768 
        4.43014        0.198354       0.0308691 
        4.43628        0.199652       0.0307619 
        4.44241        0.202265       0.0306553 
        4.44855        0.203927       0.0305492 
        4.45469        0.205032       0.0304435 
        4.46083        0.207169       0.0303385 
        4.46696        0.209369        0.030234 
        4.47309        0.210212       0.0301299 
        4.47923        0.212831       0.0300263 
        4.48537        0.214774       0.0299232 
         4.4915        0.216746       0.0298206 
        4.49764        0.218517       0.0297185 
        4.50378        0.220139       0.0296167 
        4.50991        0.222558       0.0295157 
        4.51604        0.224479       0.0294151 
        4.52218        0.226874       0.0293147 
        4.52832        0.229211        0.029215 
        4.53445        0.231028       0.0291158 
        4.54059        0.233026        0.029017 
        4.54673        0.234859       0.0289186 
        4.55286         0.23755       0.0288206 
          4.559        0.239195       0.0287232 
        4.56513        0.241891       0.0286263 
        4.57127        0.244339       0.0285298 
        4.57741        0.246336       0.0284336 
        4.58354        0.248386        0.028338 
        4.58968        0.250518       0.0282428 
        4.59582        0.253536        0.028148 
        4.60195        0.255681       0.0280537 
        4.60809        0.258482       0.0279599 
        4.61422        0.260275       0.0278665 
        4.62036        0.263115       0.0277735 
        4.62649        0.265878       0.0276809 
        4.63263        0.267804       0.0275887 
        4.63876        0.270579        0.027497 
         4.6449        0.272607       0.0274056 
        4.65104        0.275575       0.0273147 
        4.65717        0.278203       0.0272243 
        4.66331        0.281677       0.0271342 
        4.66944        0.284683       0.0270446 
        4.67558        0.287603       0.0269554 
        4.68171        0.290682       0.0268665 
        4.68785        0.292581        0.026778 
        4.69399        0.295883         0.02669 
        4.70012        0.299934       0.0266024 
        4.70625         0.30256       0.0265152 
        4.71239        0.304813       0.0264283 
        4.71853        0.307608       0.0263418 
        4.72467        0.311077       0.0262557 
         4.7308        0.313943       0.0261701 
        4.73694        0.317636       0.0260848 
        4.74308        0.320158       0.0259998 
        4.74922        0.324114       0.0259153 
        4.75535        0.327005       0.0258312 
        4.76148        0.330942       0.0257475 
        4.76762        0.333387        0.025664 
        4.77376        0.337199       0.0255809 
        4.77989        0.341152       0.0254984 
        4.78602        0.343624       0.0254161 
        4.79216         0.34754       0.0253341 
         4.7983        0.351921       0.0252525 
        4.80443        0.355924       0.0251714 
        4.81056        0.357837       0.0250906 
         4.8167        0.362101       0.0250101 
        4.82284        0.366266       0.0249299 
        4.82898        0.369861       0.0248501 
        4.83511        0.373638       0.0247708 
        4.84125        0.377017       0.0246916 
        4.84739        0.382161       0.0246129 
        4.85352        0.386436       0.0245346 
        4.85965        0.390154       0.0244565 
        4.86579        0.393689       0.0243788 
        4.87193        0.398425       0.0243015 
        4.87807        0.402971       0.0242244 
         4.8842        0.407232       0.0241478 
        4.89034        0.410334       0.0240714 
        4.89647        0.415889       0.0239954 
        4.90261        0.419782       0.0239197 
        4.90874        0.424223       0.0238444 
        4.91488        0.428226       0.0237694 
        4.92102          0.4326       0.0236947 
        4.92715        0.437367       0.0236203 
        4.93329        0.441944       0.0235463 
        4.93942        0.448036       0.0234725 
        4.94556        0.451256        0.023399 
         4.9517        0.457694       0.0233259 
        4.95783        0.461305       0.0232532 
        4.96397        0.467747       0.0231807 
        4.97011        0.471689       0.0231085 
        4.97624        0.477998       0.0230367 
        4.98238        0.481801       0.0229651 
        4.98851        0.487326       0.0228939 
        4.99465        0.492882        0.022823 
        5.00078        0.497939       0.0227524 
        5.00691        0.504029       0.0226821 
        5.01305        0.509137       0.0226121 
        5.01919         0.51424       0.0225423 
        5.02533         0.51845       0.0224728 
        5.03146        0.524903       0.0224037 
         5.0376        0.531023       0.0223349 
        5.04374        0.538347       0.0222663 
        5.04987        0.542761        0.022198 
        5.05601        0.549749       0.0221301 
        5.06215        0.557859       0.0220623 
        5.06829         0.56236       0.0219949 
        5.07442         0.56853       0.0219278 
        5.08055        0.575255        0.021861 
        5.08668        0.578008       0.0217945 
        5.09282        0.587795       0.0217281 
        5.09896        0.593265       0.0216622 
        5.10509        0.599606       0.0215965 
        5.11123        0.606031        0.021531 
        5.11736        0.613582       0.0214658 
         5.1235        0.620833       0.0214009 
        5.12964        0.625623       0.0213363 
        5.13577        0.632735       0.0212719 
        5.14191         0.64008       0.0212078 
        5.14804         0.64721        0.021144 
        5.15418        0.653962       0.0210805 
        5.16032        0.661768       0.0210171 
        5.16645        0.666723       0.0209541 
        5.17259        0.677213       0.0208913 
        5.17872        0.686037       0.0208288 
        5.18486         0.69482       0.0207665 
          5.191        0.697319       0.0207044 
        5.19713        0.707755       0.0206427 
        5.20327        0.714847       0.0205812 
        5.20941        0.724636       0.0205199 
        5.21555        0.732773       0.0204589 
        5.22168        0.738443       0.0203982 
        5.22781         0.74709       0.0203377 
        5.23395        0.755568       0.0202775 
        5.24009        0.762943       0.0202174 
        5.24622         0.77479       0.0201577 
        5.25236         0.78015       0.0200982 
         5.2585         0.78965       0.0200388 
        5.26463        0.799854       0.0199798 
        5.27077        0.806705        0.019921 
         5.2769        0.815326       0.0198625 
        5.28304        0.825157       0.0198042 
        5.28917        0.834373       0.0197461 
         5.2953        0.841786       0.0196883 
        5.30144         0.85185       0.0196307 
        5.30757        0.863459       0.0195733 
        5.31371        0.870507       0.0195161 
        5.31985        0.883911       0.0194592 
        5.32599        0.891888       0.0194024 
        5.33213        0.899618       0.0193459 
        5.33826        0.909402       0.0192897 
         5.3444        0.918396       0.0192337 
        5.35053         0.92769       0.0191779 
        5.35667        0.941049       0.0191223 
        5.36281        0.950598        0.019067 
        5.36894         0.96417       0.0190118 
        5.37507        0.973094        0.018957 
        5.38121        0.982544       0.0189023 
        5.38735        0.992313       0.0188478 
        5.39348         1.00612       0.0187936 
        5.39961         1.01333       0.0187396 
        5.40575         1.02302       0.0186857 
        5.41189         1.03997       0.0186321 
        5.41803         1.04498       0.0185787 
        5.42416         1.06031       0.0185255 
         5.4303         1.06925       0.0184725 
        5.43644         1.08388       0.0184197 
        5.44257          1.0928       0.0183672 
        5.44871          1.1083       0.0183148 
        5.45484         1.11889       0.0182626 
        5.46098         1.12619       0.0182107 
        5.46712          1.1387       0.0181589 
        5.47325         1.15669       0.0181074 
        5.47938         1.16355       0.0180561 
        5.48552         1.17706        0.018005 
        5.49165         1.18804        0.017954 
        5.49779         1.19843       0.0179033 
        5.50393         1.21672       0.0178527 
        5.51006         1.23119       0.0178023 
         5.5162         1.23931       0.0177522 
        5.52234         1.25739       0.0177022 
        5.52847         1.26843       0.0176525 
        5.53461         1.28031       0.0176029 
        5.54075         1.29601       0.0175535 
        5.54688         1.30432       0.0175043 
        5.55302         1.31831       0.0174553 
        5.55915         1.33124       0.0174065 
        5.56529         1.34691       0.0173579 
        5.57143         1.35386       0.0173094 
        5.57756          1.3714       0.0172612 
         5.5837         1.40006       0.0172131 
        5.58983         1.39642       0.0171653 
        5.59597         1.41272       0.0171176 
         5.6021         1.43451         0.01707 
        5.60824         1.44329       0.0170227 
        5.61438         1.45648       0.0169755 
        5.62051         1.47212       0.0169286 
        5.62665         1.48678       0.0168818 
        5.63278         1.50166       0.0168351 
        5.63892         1.51472       0.0167887 
        5.64505         1.53275       0.0167424 
        5.65119         1.54303       0.0166964 
        5.65733         1.56205       0.0166504 
        5.66346         1.58185       0.0166047 
         5.6696         1.58615       0.0165591 
        5.67573         1.61117       0.0165137 
        5.68187          1.6168       0.0164685 
          5.688         1.64035       0.0164235 
        5.69414         1.64738       0.0163786 
        5.70028         1.67208       0.0163338 
        5.70642          1.6878       0.0162893 
        5.71255         1.70207       0.0162449 
        5.71869         1.71725       0.0162007 
        5.72482         1.73198       0.0161567 
        5.73096         1.74739       0.0161128 
        5.73709           1.759       0.0160691 
        5.74322         1.78216       0.0160256 
        5.74936         1.78493       0.0159821 
         5.7555         1.80904       0.0159389 
        5.76164         1.82553       0.0158958 
        5.76777         1.83271       0.0158529 
        5.77391         1.85243       0.0158102 
        5.78005         1.87586       0.0157675 
        5.78618         1.88574       0.0157251 
        5.79231         1.90127       0.0156829 
        5.79845         1.91913       0.0156408 
        5.80459         1.94245       0.0155988 
        5.81073         1.95444        0.015557 
        5.81686         1.97559       0.0155153 
          5.823         1.97835       0.0154738 
        5.82914          2.0041       0.0154324 
        5.83527         2.00606       0.0153913 
         5.8414         2.02921       0.0153503 
        5.84754         2.03662       0.0153093 
        5.85368         2.06711       0.0152686 
        5.85981         2.07264        0.015228 
        5.86595         2.08545       0.0151876 
        5.87208         2.10345       0.0151473 
        5.87822         2.12922       0.0151071 
        5.88435         2.13547       0.0150672 
        5.89049         2.15683       0.0150273 
        5.89662         2.16622       0.0149876 
        5.90276          2.1799        0.014948 
         5.9089         2.19683       0.0149085 
        5.91503         2.22926       0.0148693 
        5.92117         2.23281       0.0148301 
        5.92731         2.25513       0.0147911 
        5.93344         2.25617       0.0147523 
        5.93958         2.28669       0.0147136 
        5.94572         2.29147        0.014675 
        5.95186         2.30939       0.0146365 
        5.95799         2.32456       0.0145983 
        5.96412          2.3289       0.0145601 
        5.97026         2.33683       0.0145221 
         5.9764         2.36711       0.0144842 
        5.98253         2.38104       0.0144465 
        5.98866         2.38784       0.0144089 
         5.9948         2.40788       0.0143714 
        6.00094          2.4299        0.014334 
        6.00707         2.43195       0.0142968 
        6.01321         2.44146       0.0142597 
        6.01935         2.47047       0.0142228 
        6.02548         2.47602       0.0141859 
        6.03162         2.48896       0.0141493 
        6.03775         2.49343       0.0141127 
        6.04389         2.51972       0.0140763 
        6.05003         2.53363         0.01404 
        6.05617         2.55159       0.0140038 
         6.0623         2.55342       0.0139678 
        6.06844         2.56671       0.0139319 
        6.07457         2.58535       0.0138961 
         6.0807         2.58377       0.0138605 
        6.08684         2.61424       0.0138249 
        6.09298         2.61831       0.0137895 
        6.09912         2.63286       0.0137542 
        6.10525         2.63721       0.0137191 
        6.11138         2.65383       0.0136841 
        6.11752          2.6696       0.0136491 
        6.12366         2.67369       0.0136143 
        6.12979         2.68925       0.0135797 
        6.13593         2.68899       0.0135452 
        6.14207         2.69882       0.0135107 
         6.1482         2.70942       0.0134764 
        6.15434         2.71501       0.0134422 
        6.16047         2.73417       0.0134082 
        6.16661         2.74752       0.0133743 
        6.17274         2.76455       0.0133404 
        6.17887         2.75427       0.0133067 
        6.18501         2.76031       0.0132731 
        6.19115         2.78494       0.0132397 
        6.19729         2.77945       0.0132063 
        6.20342          2.7924       0.0131731 
        6.20956          2.8001       0.0131399 
         6.2157          2.8147       0.0131069 
        6.22183         2.81357        0.013074 
        6.22797         2.82772       0.0130412 
         6.2341         2.82669       0.0130086 
        6.24024         2.82188        0.012976 
        6.24638         2.82515       0.0129435 
        6.25251         2.84694       0.0129112 
        6.25865         2.83316        0.012879 
        6.26478         2.84774       0.0128469 
        6.27092         2.84391       0.0128149 
        6.27705         2.86342        0.012783 
        6.28318         2.61584       0.0127512 
