# k  (h/Mpc)    Pcb(k)  (Mpc/h)^3    Pcb_linear(k)  (Mpc/h)^3
     0.00783031         8554.51         8591.41 
       0.013688         11058.1         11300.6 
       0.019231         11977.1         12132.6 
      0.0249154         11910.6           11929 
      0.0312784         10918.7         11054.3 
      0.0375637          9789.6         9987.91 
      0.0433917         8968.78         9066.21 
      0.0492413         8135.31         8301.72 
      0.0555754         7545.16          7657.6 
      0.0619321         6843.41         7144.47 
       0.067871         6514.81         6716.73 
      0.0738098         6128.91         6286.98 
      0.0800417          5670.8         5809.21 
      0.0862327         5163.33         5315.03 
      0.0921407         4724.36         4852.48 
      0.0982031         4350.13         4418.89 
       0.104506         3928.81         4036.91 
       0.110769         3649.43         3734.84 
       0.116806         3491.56         3508.45 
       0.122832         3273.03         3327.26 
       0.129052            3117         3164.02 
       0.135211         3012.24         3005.99 
       0.141259         2814.03         2842.81 
       0.147318         2613.18         2669.72 
       0.153489         2474.76         2489.87 
       0.159709         2367.24         2315.67 
       0.165845         2165.76         2160.68 
       0.171974         2109.51         2028.51 
       0.178125         2032.05         1919.33 
       0.184229         1883.93         1830.49 
        0.19034         1850.79         1754.56 
       0.196428         1796.26         1684.89 
       0.202534         1690.19         1615.41 
       0.208729         1657.87         1542.28 
       0.214876          1593.5         1467.06 
       0.220989         1503.17         1391.83 
       0.227147         1468.94         1318.91 
        0.23329         1414.24         1252.01 
       0.239377         1395.65         1193.22 
       0.245482         1329.19         1141.98 
       0.251667         1280.18         1096.81 
       0.257832         1265.78         1056.54 
       0.263955         1205.56         1019.09 
       0.270079         1173.19         982.423 
        0.27624         1125.17         945.395 
       0.282372         1108.15         908.282 
        0.28843         1096.86         871.958 
       0.294538         1044.11          836.55 
       0.300721         1018.44         802.863 
        0.30691         1000.59          771.85 
       0.313033         961.473         743.977 
       0.319153          948.55         718.606 
       0.325316         935.016         695.009 
        0.33145         917.417         672.817 
       0.337538         886.462         651.535 
       0.343633          863.59         630.616 
       0.349808         845.216         609.754 
       0.355968         830.462         589.354 
       0.362074          806.12         569.794 
       0.368217         802.295         551.001 
       0.374374         789.594         533.232 
       0.380519         761.249         516.619 
       0.386598         754.697         501.205 
       0.392688         740.257         486.654 
        0.39888          721.05         472.561 
       0.405048         710.376         459.052 
       0.411186         707.301         446.017 
       0.417313         702.158         433.334 
       0.423458          680.47         420.962 
       0.429607         663.201         408.975 
       0.435692         655.219         397.551 
       0.441815         644.959         386.539 
       0.447964         634.158         375.997 
       0.454126         626.483         365.921 
       0.460267         617.252          356.33 
       0.466387         608.971         347.167 
        0.47254         598.978         338.288 
       0.478662          588.12         329.736 
       0.484765         583.153         321.469 
       0.490885         577.086         313.427 
       0.497035         566.878         305.589 
       0.503198          566.23         297.994 
       0.509342         553.627         290.689 
       0.515458         544.761         283.686 
       0.521598         537.996         276.913 
       0.527764         529.073         270.358 
       0.533884         527.125         264.083 
           0.54         520.361         258.023 
       0.546137         510.951         252.132 
       0.552299         510.061         246.392 
       0.558452         503.054         240.832 
       0.564573         497.091         235.464 
       0.570708         492.986         230.246 
       0.576825         483.824         225.203 
       0.582926         480.696         220.328 
       0.589034         474.536         215.599 
       0.595184         471.127         210.986 
       0.601379         463.494         206.486 
       0.607522           456.6         202.158 
       0.613639         454.606         197.974 
       0.619772         452.601         193.896 
       0.625918         445.611         189.925 
       0.632068         440.688         186.062 
       0.638161         436.522         182.341 
         0.6443         433.262         178.697 
       0.650464         427.977          175.14 
       0.656582         424.156         171.707 
       0.662703         420.944         168.367 
       0.668861          415.53           165.1 
       0.675024         412.457         161.919 
       0.681124         408.286         158.856 
       0.687237         405.166         155.868 
       0.693381         401.116         152.943 
       0.699536         397.185         150.089 
       0.705665         393.451          147.32 
       0.711789         392.144         144.624 
       0.717957         386.449         141.978 
        0.72409         383.288         139.413 
       0.730186          384.95         136.928 
       0.736317         378.012         134.492 
       0.742472         373.679         132.107 
       0.748622         370.124         129.783 
        0.75476         369.493         127.521 
       0.760888         365.832         125.318 
       0.767043          362.78         123.158 
       0.773185         361.054         121.054 
       0.779291         355.275         119.012 
       0.785407         354.418         117.014 
       0.791564         350.603          115.05 
       0.797719         345.774         113.133 
       0.803834         348.463         111.273 
       0.809972         343.688         109.448 
       0.816124         340.004          107.66 
       0.822261         336.447         105.918 
       0.828378         336.425         104.221 
       0.834502         331.268         102.559 
       0.840667         331.022         100.924 
       0.846816         326.155         99.3289 
       0.852925         325.547          97.779 
       0.859047         322.162         96.2593 
       0.865192         321.939         94.7673 
       0.871341         317.384         93.3062 
       0.877463         314.457         91.8829 
       0.883569         313.497         90.4933 
       0.889708         311.067         89.1255 
       0.895864         308.812         87.7829 
       0.902008         306.606          86.471 
       0.908149         304.201          85.187 
       0.914301         302.696         83.9273 
       0.920448         300.726         82.6945 
       0.926574         298.697          81.491 
       0.932687          296.48         80.3144 
       0.938823         294.019          79.157 
       0.944975         292.425           78.02 
       0.951105         290.016         76.9097 
       0.957225         287.588         75.8231 
       0.963368         286.972         74.7541 
       0.969511         282.312         73.7059 
       0.975621          281.88         72.6837 
       0.981748         279.936         71.6785 
       0.987916         278.623         70.6861 
        0.99406         276.209         69.7165 
        1.00019         274.328         68.7672 
        1.00632         273.776         67.8367 
        1.01246         271.771         66.9222 
        1.01859         268.604         66.0262 
        1.02471         266.598         65.1479 
        1.03085         266.113         64.2827 
        1.03698         263.845         63.4352 
        1.04314         263.521         62.5996 
        1.04929         261.363         61.7811 
        1.05541         259.177         60.9807 
        1.06154         257.662         60.1927 
        1.06769         255.016         59.4176 
        1.07382          255.13         58.6587 
        1.07993         252.282          57.915 
        1.08607         250.172         57.1813 
        1.09222         249.447         56.4596 
        1.09836         248.048         55.7513 
        1.10449          245.79         55.0561 
        1.11063         244.174         54.3721 
        1.11677         243.294         53.7001 
         1.1229         241.299         53.0406 
        1.12903         240.638         52.3918 
        1.13518         238.811         51.7534 
        1.14131         237.746         51.1261 
        1.14745          235.05         50.5096 
        1.15359         233.093         49.9032 
        1.15973         232.686         49.3067 
        1.16584           231.9         48.7227 
        1.17197         230.092         48.1474 
        1.17811         228.037         47.5797 
        1.18424         226.745         47.0228 
        1.19038         225.367         46.4734 
        1.19652         223.427          45.933 
        1.20267         222.765         45.4013 
        1.20881          221.01         44.8782 
        1.21495         220.601         44.3643 
        1.22108           218.8         43.8585 
         1.2272         216.989         43.3619 
        1.23334         216.191          42.872 
        1.23949         215.536         42.3885 
        1.24562          213.77         41.9139 
        1.25174         212.204         41.4473 
        1.25789         210.799         40.9864 
        1.26402          210.41         40.5335 
        1.27014         209.068         40.0886 
        1.27628          206.62          39.649 
        1.28244         206.152         39.2153 
        1.28858          204.88         38.7887 
        1.29471         203.772         38.3695 
        1.30084         202.476         37.9568 
        1.30697         201.195         37.5497 
        1.31312         199.954          37.148 
        1.31925         198.467         36.7535 
        1.32537         198.059         36.3652 
        1.33151         196.583         35.9811 
        1.33765         194.844         35.6029 
        1.34378         194.508         35.2309 
        1.34992          193.38          34.864 
        1.35606         192.128         34.5015 
         1.3622         191.371         34.1449 
        1.36833         189.253         33.7942 
        1.37445         189.084         33.4486 
        1.38059         187.539         33.1069 
        1.38675         186.539         32.7691 
        1.39288          185.38         32.4374 
        1.39901         184.287         32.1105 
        1.40515         183.336         31.7874 
         1.4113         182.351         31.4689 
        1.41742         180.778          31.156 
        1.42355         180.879         30.8468 
         1.4297         179.148          30.541 
        1.43585         177.986         30.2394 
        1.44198         176.393          29.943 
        1.44809         175.442         29.6513 
        1.45423         175.238         29.3623 
        1.46036         173.899         29.0778 
        1.46649         172.736          28.797 
        1.47263         172.165         28.5197 
        1.47877         170.908         28.2462 
        1.48491         169.562         27.9758 
        1.49104         167.914         27.7096 
        1.49718         167.974         27.4467 
        1.50333         166.938         27.1869 
        1.50947         165.966         26.9309 
         1.5156         164.888         26.6787 
        1.52172         163.946         26.4297 
        1.52787         163.191         26.1834 
          1.534         162.346         25.9405 
        1.54013         161.421          25.701 
        1.54627          160.38         25.4642 
        1.55241         159.418         25.2302 
        1.55855         158.649         24.9996 
        1.56467         157.372         24.7725 
         1.5708         156.558         24.5476 
        1.57695         155.957         24.3252 
        1.58308         155.014         24.1061 
        1.58922         154.397         23.8895 
        1.59535         153.531         23.6757 
         1.6015         151.889         23.4642 
        1.60764         151.271         23.2554 
        1.61376          150.47         23.0498 
        1.61989         149.737         22.8464 
        1.62604         148.789         22.6451 
        1.63218          148.18         22.4464 
        1.63831         147.007         22.2505 
        1.64444         146.203         22.0569 
        1.65059         145.362         21.8652 
        1.65673         144.742         21.6759 
        1.66285         144.298         21.4895 
        1.66898         142.893         21.3052 
        1.67512         142.364         21.1227 
        1.68127         141.331         20.9422 
         1.6874         140.624         20.7642 
        1.69353          139.78         20.5884 
        1.69967         139.137         20.4142 
        1.70581          138.57         20.2422 
        1.71193         137.462         20.0728 
        1.71806         136.717          19.905 
        1.72421         136.092         19.7387 
        1.73035          135.38         19.5746 
        1.73649         134.317         19.4124 
        1.74262         133.811         19.2522 
        1.74876          132.87         19.0937 
        1.75489         132.304         18.9373 
        1.76101         131.586         18.7827 
        1.76715         130.507         18.6296 
        1.77329         130.155         18.4781 
        1.77943         128.965         18.3282 
        1.78557         128.569         18.1802 
        1.79171         127.914         18.0338 
        1.79785         126.887          17.889 
        1.80399         126.536         17.7459 
        1.81012         125.537         17.6045 
        1.81625         125.099         17.4647 
        1.82239         124.458         17.3262 
        1.82853         123.918         17.1893 
        1.83466         122.797          17.054 
        1.84078         122.147         16.9204 
        1.84692          121.94         16.7879 
        1.85306         120.999         16.6567 
         1.8592         120.443         16.5272 
        1.86533         119.577         16.3991 
        1.87147         118.996         16.2722 
        1.87761         118.322         16.1466 
        1.88375         117.519         16.0225 
        1.88988         116.632         15.8998 
        1.89601         116.472         15.7783 
        1.90215         115.782         15.6581 
        1.90829         114.864         15.5391 
        1.91442          114.34         15.4214 
        1.92056          113.79          15.305 
         1.9267         113.132         15.1897 
        1.93284         112.511         15.0756 
        1.93897         112.037         14.9628 
        1.94509          111.16         14.8514 
        1.95123         110.709         14.7409 
        1.95737         110.155         14.6315 
        1.96349          109.57         14.5234 
        1.96964         108.933         14.4161 
        1.97578         108.353         14.3099 
        1.98192         107.712         14.2049 
        1.98805         107.194          14.101 
        1.99419         106.539         13.9982 
        2.00033         105.761         13.8963 
        2.00647          105.48         13.7955 
         2.0126         104.914         13.6958 
        2.01874         104.464          13.597 
        2.02488          103.66         13.4991 
        2.03101         103.349         13.4023 
        2.03714         102.627         13.3066 
        2.04328         102.014         13.2117 
        2.04941         101.373         13.1178 
        2.05554         101.109         13.0249 
        2.06167          100.21         12.9328 
        2.06781          99.652         12.8416 
        2.07396         99.3664         12.7511 
        2.08009         98.8362         12.6616 
        2.08622         98.2325         12.5731 
        2.09237          97.867         12.4853 
        2.09851         97.1813         12.3984 
        2.10464         96.7394         12.3123 
        2.11077         96.0967         12.2273 
        2.11691         95.8496         12.1428 
        2.12305         95.2368         12.0591 
        2.12918         94.6846         11.9764 
        2.13531         94.2296         11.8945 
        2.14145         93.4475         11.8132 
         2.1476          93.137         11.7326 
        2.15372         92.6846         11.6531 
        2.15985         92.1152         11.5742 
        2.16599         91.5963         11.4959 
        2.17213         91.3079         11.4184 
        2.17827         90.5637         11.3416 
         2.1844         90.1414         11.2656 
        2.19054         89.8916         11.1903 
        2.19666          89.084         11.1158 
         2.2028         88.7649         11.0419 
        2.20893         88.2236         10.9686 
        2.21508         87.7828         10.8959 
        2.22122         87.2826         10.8239 
        2.22736         86.8964         10.7527 
        2.23349          86.442         10.6821 
        2.23962         86.1246         10.6121 
        2.24577         85.5231         10.5427 
         2.2519         85.0439          10.474 
        2.25802         84.6025          10.406 
        2.26417          84.048         10.3385 
        2.27031         83.6729         10.2715 
        2.27644         83.3009         10.2052 
        2.28257         82.8637         10.1396 
        2.28872         82.4426         10.0744 
        2.29486         82.0904         10.0099 
        2.30099         81.4019         9.94598 
        2.30712          81.292         9.88264 
        2.31326         80.7955         9.81973 
         2.3194          80.165         9.75742 
        2.32553         79.9174         9.69575 
        2.33166         79.2972         9.63464 
         2.3378         79.1365         9.57398 
        2.34394         78.7647         9.51383 
        2.35007         78.2613         9.45428 
        2.35619         77.7962         9.39531 
        2.36233         77.4696         9.33671 
        2.36848         76.9632          9.2785 
        2.37462         76.5404          9.2209 
        2.38075         76.2355         9.16385 
        2.38689         75.9148         9.10724 
        2.39303         75.4652         9.05112 
        2.39916         75.1617         8.99553 
        2.40529         74.5979         8.94041 
        2.41143          74.321         8.88572 
        2.41757         73.8569         8.83146 
         2.4237         73.5525         8.77776 
        2.42983         73.0892         8.72451 
        2.43598         72.8442         8.67156 
        2.44211         72.2481         8.61915 
        2.44823         72.0769         8.56728 
        2.45437         71.6961          8.5157 
        2.46052         71.2822         8.46451 
        2.46665         70.7925         8.41383 
        2.47279         70.5195         8.36358 
        2.47892         70.0802         8.31371 
        2.48507          69.675          8.2642 
         2.4912         69.4453         8.21519 
        2.49733         69.1221         8.16661 
        2.50347         68.6223         8.11834 
        2.50961         68.3175         8.07045 
        2.51575         68.0598         8.02298 
        2.52188         67.7454         7.97595 
        2.52802         67.3628         7.92925 
        2.53416         66.8878         7.88291 
        2.54029         66.6026         7.83702 
        2.54641         66.1734         7.79152 
        2.55255         65.9934         7.74633 
        2.55869         65.5296         7.70143 
        2.56483         65.2755         7.65695 
        2.57096         65.0122         7.61287 
        2.57709         64.5917         7.56913 
        2.58323         64.3482         7.52568 
        2.58937         63.9421         7.48256 
        2.59551         63.6348         7.43983 
        2.60164         63.2803         7.39745 
        2.60778         62.9888         7.35536 
        2.61392         62.6404         7.31361 
        2.62006         62.3565         7.27219 
        2.62619         62.0949         7.23115 
        2.63232         61.7643         7.19041 
        2.63846          61.452         7.14994 
        2.64459         61.1447         7.10984 
        2.65072         60.8505         7.07005 
        2.65686         60.5638         7.03056 
          2.663         60.2732         6.99129 
        2.66915         59.9775         6.95235 
        2.67527         59.5632         6.91379 
        2.68141         59.2338          6.8755 
        2.68755         59.1365         6.83746 
        2.69368         58.6927         6.79975 
        2.69981         58.5048         6.76237 
        2.70595         58.2704         6.72519 
        2.71209         57.9455         6.68828 
        2.71823         57.6724         6.65171 
        2.72436         57.3549         6.61542 
         2.7305          57.014         6.57938 
        2.73663         56.7026         6.54361 
        2.74276         56.4269         6.50815 
         2.7489         56.2003         6.47293 
        2.75504         55.8933         6.43793 
        2.76118          55.686         6.40318 
        2.76732         55.3306         6.36874 
        2.77345         55.0555         6.33456 
        2.77959         54.8425         6.30062 
        2.78572         54.6095         6.26694 
        2.79186         54.3584         6.23352 
        2.79798         54.1215         6.20038 
        2.80412         53.7569         6.16742 
        2.81027         53.5939         6.13467 
         2.8164         53.2596         6.10222 
        2.82253         53.0623            6.07 
        2.82867         52.7572         6.03801 
        2.83481          52.512         6.00624 
        2.84095         52.1384          5.9747 
        2.84708         52.0175         5.94343 
        2.85322          51.724         5.91234 
        2.85935          51.419         5.88148 
        2.86549         51.2622         5.85087 
        2.87162         50.9235         5.82047 
        2.87776         50.7489         5.79029 
        2.88389         50.4604         5.76031 
        2.89003         50.1919         5.73056 
        2.89617         49.9981         5.70101 
        2.90231         49.7751         5.67167 
        2.90844         49.5051         5.64254 
        2.91458         49.1762         5.61362 
        2.92071         49.0012         5.58494 
        2.92684         48.8209         5.55643 
        2.93298         48.5103         5.52813 
         2.9391         48.3685         5.50007 
        2.94524         48.0215         5.47216 
        2.95138         47.8776         5.44444 
        2.95752         47.6261         5.41688 
        2.96367         47.3517         5.38951 
         2.9698         47.1729         5.36239 
        2.97594         46.9249         5.33542 
        2.98207         46.6925         5.30865 
        2.98821         46.4949         5.28209 
        2.99434         46.2903          5.2557 
        3.00048         46.0317         5.22948 
        3.00662         45.8203         5.20344 
        3.01275         45.5567         5.17761 
        3.01888         45.4283         5.15195 
        3.02503         45.1721         5.12642 
        3.03117         45.0081         5.10108 
        3.03729         44.7778         5.07597 
        3.04342         44.5283         5.05101 
        3.04957         44.3214         5.02616 
         3.0557         44.1306         5.00152 
        3.06183         43.9912         4.97708 
        3.06796         43.6909         4.95278 
        3.07411         43.4897          4.9286 
        3.08025         43.3187         4.90462 
        3.08637         43.1677         4.88084 
         3.0925          42.906         4.85718 
        3.09865         42.6837         4.83364 
         3.1048         42.5192         4.81026 
        3.11093         42.3144         4.78709 
        3.11706         42.1886         4.76406 
         3.1232         41.8748         4.74118 
        3.12933         41.7953         4.71844 
        3.13547         41.5215         4.69587 
        3.14159         41.3414         4.67347 
        3.14773         41.1925         4.65118 
        3.15388         40.9836         4.62901 
        3.16001          40.836         4.60703 
        3.16614         40.6036          4.5852 
        3.17228          40.378         4.56349 
        3.17842         40.1938         4.54193 
        3.18455         40.0158         4.52052 
        3.19068         39.8487         4.49925 
        3.19682         39.6665         4.47809 
        3.20297         39.4883         4.45707 
         3.2091         39.3199          4.4362 
        3.21524         39.1138         4.41546 
        3.22138         38.9249         4.39486 
         3.2275         38.7238         4.37442 
        3.23363         38.5572          4.3541 
        3.23977         38.3937         4.33389 
        3.24591         38.2184         4.31382 
        3.25205         38.0518         4.29385 
        3.25818         37.9107         4.27402 
        3.26432         37.6729         4.25433 
        3.27046         37.5022         4.23476 
         3.2766         37.3488         4.21531 
        3.28273         37.1876         4.19599 
        3.28887         37.0338         4.17679 
          3.295          36.858         4.15772 
        3.30113         36.7119         4.13877 
        3.30727         36.5539         4.11992 
        3.31341          36.382         4.10121 
        3.31954         36.2348         4.08262 
        3.32568         36.0494         4.06412 
        3.33182         35.9108         4.04575 
        3.33795         35.7596         4.02751 
        3.34409         35.5521         4.00935 
        3.35022         35.3938         3.99132 
        3.35636         35.2439         3.97341 
         3.3625         35.0636          3.9556 
        3.36864         34.9053          3.9379 
        3.37477         34.7849         3.92031 
        3.38091         34.5833         3.90284 
        3.38704         34.4317         3.88548 
        3.39318         34.3273         3.86821 
        3.39931          34.142         3.85105 
        3.40545         34.0267           3.834 
        3.41158         33.8512         3.81705 
        3.41772         33.6911         3.80021 
        3.42385         33.5495         3.78348 
        3.42998         33.3998         3.76685 
        3.43612         33.2354         3.75032 
        3.44226         33.1308         3.73387 
         3.4484         32.9597         3.71751 
        3.45453         32.8104         3.70128 
        3.46066         32.6647         3.68515 
        3.46681         32.5361         3.66908 
        3.47295         32.3482         3.65311 
        3.47908         32.1965         3.63728 
        3.48521         32.0627         3.62153 
        3.49135         31.9143         3.60586 
        3.49749         31.8208         3.59028 
        3.50362         31.6774         3.57481 
        3.50976          31.523         3.55943 
        3.51589         31.3763         3.54413 
        3.52203         31.2626         3.52893 
        3.52816         31.1244         3.51384 
        3.53429         30.9643         3.49882 
        3.54043         30.8842         3.48386 
        3.54657         30.7538         3.46901 
        3.55271          30.626         3.45425 
        3.55884         30.4558         3.43959 
        3.56498         30.3294         3.42499 
        3.57112         30.1816         3.41048 
        3.57725         30.0364         3.39607 
        3.58338         29.9648         3.38175 
        3.58952         29.7957         3.36749 
        3.59566         29.6432         3.35331 
         3.6018         29.5374         3.33922 
        3.60793         29.3967         3.32523 
        3.61407         29.2862         3.31131 
        3.62021         29.1666         3.29747 
        3.62634         29.0367         3.28371 
        3.63247         28.9283         3.27003 
        3.63861         28.8118         3.25643 
        3.64475         28.6795         3.24289 
        3.65089         28.5422         3.22944 
        3.65702         28.4442         3.21608 
        3.66316         28.3247         3.20278 
        3.66929         28.1967         3.18957 
        3.67543          28.079         3.17643 
        3.68156         27.9195         3.16336 
        3.68769         27.8109         3.15037 
        3.69383         27.7074         3.13744 
        3.69997         27.5923         3.12459 
        3.70611         27.4601         3.11182 
        3.71224         27.3891         3.09911 
        3.71838          27.236         3.08648 
        3.72451         27.1055         3.07392 
        3.73065         26.9987         3.06144 
        3.73678         26.8992         3.04903 
        3.74292         26.7545         3.03667 
        3.74906         26.7005         3.02438 
        3.75519         26.5738         3.01217 
        3.76133         26.4592         3.00003 
        3.76746         26.3171         2.98795 
         3.7736         26.2358         2.97595 
        3.77974          26.157           2.964 
        3.78588          25.997         2.95212 
        3.79201         25.8607         2.94031 
        3.79814         25.7957         2.92857 
        3.80428         25.7053         2.91688 
        3.81042         25.5668         2.90526 
        3.81655         25.4666         2.89371 
        3.82268         25.3756         2.88223 
        3.82882         25.2376         2.87081 
        3.83496         25.1817         2.85943 
        3.84109          25.055         2.84813 
        3.84723         24.9628         2.83689 
        3.85337         24.8144          2.8257 
        3.85951         24.7433         2.81457 
        3.86565         24.6529         2.80351 
        3.87178         24.5732         2.79252 
        3.87791         24.4562         2.78159 
        3.88405          24.357         2.77071 
        3.89019         24.2639         2.75988 
        3.89632         24.1491         2.74912 
        3.90246         24.0478         2.73842 
         3.9086          23.925         2.72776 
        3.91473         23.8661         2.71718 
        3.92086         23.7617         2.70666 
        3.92699         23.6587         2.69618 
        3.93313         23.5792         2.68575 
        3.93927         23.4586         2.67539 
         3.9454         23.3805         2.66508 
        3.95154         23.2806         2.65482 
        3.95768          23.214         2.64462 
        3.96382         23.0869         2.63447 
        3.96995         23.0038         2.62437 
        3.97609         22.9367         2.61433 
        3.98222         22.8107         2.60435 
        3.98836         22.7471         2.59442 
         3.9945         22.6283         2.58453 
        4.00063         22.5265         2.57471 
        4.00677         22.4863         2.56492 
        4.01291          22.364         2.55519 
        4.01904         22.2551         2.54552 
        4.02517         22.2027         2.53591 
        4.03131         22.1079         2.52632 
        4.03745         21.9891         2.51679 
        4.04358         21.9273         2.50731 
        4.04972         21.8572         2.49789 
        4.05585         21.7706         2.48851 
        4.06199         21.6783         2.47918 
        4.06812         21.5813          2.4699 
        4.07426         21.4952         2.46066 
         4.0804         21.4158         2.45147 
        4.08654         21.3222         2.44233 
        4.09267         21.2204         2.43324 
         4.0988         21.1297         2.42421 
        4.10494         21.0762         2.41521 
        4.11108         20.9864         2.40625 
        4.11721         20.9073         2.39735 
        4.12334         20.8175         2.38849 
        4.12948          20.758         2.37968 
        4.13561         20.6601          2.3709 
        4.14176         20.5913         2.36217 
        4.14789         20.4982         2.35348 
        4.15403         20.4457         2.34484 
        4.16016         20.3343         2.33625 
         4.1663         20.2852          2.3277 
        4.17243         20.1852         2.31919 
        4.17857         20.1006         2.31073 
        4.18471         20.0441          2.3023 
        4.19084          19.928         2.29392 
        4.19698          19.867         2.28558 
        4.20312         19.7793         2.27728 
        4.20925         19.7327         2.26903 
        4.21538         19.6476         2.26082 
        4.22152         19.5721         2.25265 
        4.22766         19.4919         2.24451 
         4.2338         19.4273         2.23642 
        4.23993         19.3392         2.22837 
        4.24607         19.2712         2.22036 
         4.2522         19.1879         2.21239 
        4.25834         19.1251         2.20445 
        4.26447         19.0519         2.19657 
        4.27061           18.98         2.18872 
        4.27674          18.903          2.1809 
        4.28288         18.8415         2.17312 
        4.28902         18.7734         2.16538 
        4.29515         18.6877         2.15768 
        4.30129         18.6192         2.15002 
        4.30743         18.5414         2.14239 
        4.31356         18.4818          2.1348 
        4.31969         18.4167         2.12726 
        4.32583         18.3599         2.11975 
        4.33197         18.2786         2.11226 
         4.3381         18.1994         2.10482 
        4.34424         18.1488         2.09742 
        4.35038         18.0516         2.09004 
        4.35652         17.9988         2.08271 
        4.36265         17.9342         2.07541 
        4.36878          17.881         2.06816 
        4.37492         17.7816         2.06092 
        4.38106         17.7402         2.05372 
        4.38719         17.6607         2.04657 
        4.39333          17.601         2.03945 
        4.39946         17.5305         2.03236 
         4.4056          17.474         2.02531 
        4.41173            17.4         2.01829 
        4.41786         17.3253         2.01131 
          4.424         17.2941         2.00435 
        4.43014         17.2171         1.99742 
        4.43628         17.1455         1.99053 
        4.44241         17.0854         1.98367 
        4.44855         17.0252         1.97685 
        4.45469         16.9815         1.97005 
        4.46083         16.9207          1.9633 
        4.46696         16.8475         1.95658 
        4.47309         16.7713         1.94988 
        4.47923         16.7278         1.94321 
        4.48537         16.6621         1.93658 
         4.4915         16.6224         1.92998 
        4.49764         16.5516         1.92341 
        4.50378         16.4844         1.91687 
        4.50991         16.4245         1.91036 
        4.51604         16.3535         1.90389 
        4.52218         16.3141         1.89744 
        4.52832         16.2498         1.89102 
        4.53445         16.1847         1.88463 
        4.54059         16.1291         1.87828 
        4.54673         16.0739         1.87195 
        4.55286         15.9999         1.86564 
          4.559         15.9473         1.85938 
        4.56513         15.8923         1.85314 
        4.57127         15.8442         1.84693 
        4.57741         15.7923         1.84074 
        4.58354         15.7249         1.83459 
        4.58968         15.6872         1.82846 
        4.59582         15.6297         1.82236 
        4.60195         15.5605         1.81629 
        4.60809          15.504         1.81025 
        4.61422         15.4622         1.80424 
        4.62036         15.3797         1.79825 
        4.62649         15.3472         1.79229 
        4.63263         15.2779         1.78636 
        4.63876         15.2518         1.78045 
         4.6449         15.1881         1.77457 
        4.65104         15.1241         1.76872 
        4.65717         15.0754          1.7629 
        4.66331         15.0282          1.7571 
        4.66944         14.9686         1.75132 
        4.67558         14.9165         1.74558 
        4.68171         14.8545         1.73986 
        4.68785         14.8272         1.73416 
        4.69399         14.7578         1.72849 
        4.70012         14.7152         1.72285 
        4.70625         14.6671         1.71724 
        4.71239         14.6144         1.71164 
        4.71853         14.5477         1.70607 
        4.72467         14.5083         1.70053 
         4.7308         14.4659         1.69501 
        4.73694         14.4018         1.68952 
        4.74308         14.3585         1.68405 
        4.74922         14.3225          1.6786 
        4.75535         14.2742         1.67318 
        4.76148         14.2263         1.66779 
        4.76762         14.1632         1.66242 
        4.77376         14.1226         1.65707 
        4.77989         14.0863         1.65175 
        4.78602         14.0432         1.64645 
        4.79216          13.984         1.64117 
         4.7983         13.9501         1.63591 
        4.80443         13.8948         1.63069 
        4.81056         13.8449         1.62548 
         4.8167           13.78         1.62029 
        4.82284         13.7435         1.61513 
        4.82898         13.6968         1.60999 
        4.83511         13.6509         1.60487 
        4.84125         13.6034         1.59978 
        4.84739         13.5562          1.5947 
        4.85352         13.5282         1.58966 
        4.85965         13.4625         1.58463 
        4.86579         13.4427         1.57962 
        4.87193         13.3782         1.57464 
        4.87807         13.3588         1.56968 
         4.8842         13.3003         1.56474 
        4.89034         13.2633         1.55981 
        4.89647         13.2064         1.55492 
        4.90261         13.1717         1.55004 
        4.90874          13.113         1.54519 
        4.91488         13.0824         1.54035 
        4.92102         13.0392         1.53554 
        4.92715         12.9961         1.53074 
        4.93329         12.9592         1.52597 
        4.93942         12.9227         1.52122 
        4.94556         12.8839         1.51648 
         4.9517         12.8304         1.51177 
        4.95783         12.7937         1.50708 
        4.96397         12.7486         1.50241 
        4.97011         12.7155         1.49775 
        4.97624         12.6696         1.49312 
        4.98238         12.6305         1.48851 
        4.98851         12.5907         1.48392 
        4.99465         12.5562         1.47935 
        5.00078         12.5117          1.4748 
        5.00691         12.4662         1.47027 
        5.01305         12.4278         1.46575 
        5.01919         12.4012         1.46125 
        5.02533         12.3531         1.45677 
        5.03146         12.3159         1.45232 
         5.0376         12.2631         1.44788 
        5.04374         12.2349         1.44346 
        5.04987         12.2076         1.43905 
        5.05601          12.161         1.43467 
        5.06215         12.1137          1.4303 
        5.06829         12.0852         1.42595 
        5.07442         12.0447         1.42163 
        5.08055         12.0089         1.41732 
        5.08668         11.9643         1.41303 
        5.09282          11.935         1.40875 
        5.09896         11.8974          1.4045 
        5.10509         11.8738         1.40026 
        5.11123         11.8384         1.39604 
        5.11736         11.7988         1.39184 
         5.1235           11.75         1.38765 
        5.12964         11.7224         1.38348 
        5.13577         11.6777         1.37933 
        5.14191         11.6465         1.37519 
        5.14804         11.6208         1.37108 
        5.15418         11.5917         1.36698 
        5.16032         11.5438         1.36289 
        5.16645          11.512         1.35882 
        5.17259         11.4747         1.35477 
        5.17872         11.4473         1.35074 
        5.18486         11.4136         1.34672 
          5.191         11.3861         1.34272 
        5.19713         11.3426         1.33874 
        5.20327         11.3174         1.33477 
        5.20941         11.2796         1.33082 
        5.21555         11.2525         1.32688 
        5.22168         11.2101         1.32296 
        5.22781         11.1769         1.31906 
        5.23395         11.1362         1.31517 
        5.24009         11.1133          1.3113 
        5.24622         11.0938         1.30744 
        5.25236         11.0658          1.3036 
         5.2585         11.0272         1.29978 
        5.26463         11.0025         1.29597 
        5.27077         10.9542         1.29217 
         5.2769         10.9327         1.28839 
        5.28304         10.8844         1.28463 
        5.28917         10.8484         1.28088 
         5.2953         10.8373         1.27715 
        5.30144         10.8015         1.27344 
        5.30757         10.7673         1.26973 
        5.31371         10.7428         1.26604 
        5.31985         10.7113         1.26237 
        5.32599         10.6815          1.2587 
        5.33213         10.6511         1.25506 
        5.33826         10.6252         1.25143 
         5.3444         10.5997         1.24781 
        5.35053         10.5704         1.24421 
        5.35667         10.5416         1.24063 
        5.36281         10.5047         1.23705 
        5.36894         10.4835         1.23349 
        5.37507         10.4522         1.22995 
        5.38121         10.4333         1.22642 
        5.38735          10.399          1.2229 
        5.39348         10.3751          1.2194 
        5.39961         10.3389         1.21591 
        5.40575         10.3133         1.21244 
        5.41189         10.2865         1.20897 
        5.41803         10.2635         1.20553 
        5.42416         10.2297         1.20209 
         5.4303         10.2045         1.19867 
        5.43644         10.1735         1.19526 
        5.44257         10.1518         1.19187 
        5.44871         10.1294         1.18849 
        5.45484         10.1063         1.18512 
        5.46098         10.0785         1.18177 
        5.46712         10.0435         1.17842 
        5.47325         10.0182         1.17509 
        5.47938         9.99393         1.17178 
        5.48552         9.96438         1.16848 
        5.49165          9.9382         1.16519 
        5.49779         9.92562         1.16191 
        5.50393         9.89748         1.15865 
        5.51006         9.87438         1.15539 
         5.5162         9.84709         1.15216 
        5.52234         9.82533         1.14893 
        5.52847         9.80246         1.14571 
        5.53461         9.76975         1.14251 
        5.54075         9.75209         1.13932 
        5.54688         9.71689         1.13615 
        5.55302         9.69143         1.13298 
        5.55915         9.67963         1.12983 
        5.56529         9.65258         1.12669 
        5.57143         9.62752         1.12356 
        5.57756         9.60963         1.12044 
         5.5837         9.58641         1.11734 
        5.58983         9.56476         1.11424 
        5.59597           9.543         1.11116 
         5.6021          9.5161         1.10809 
        5.60824         9.49665         1.10503 
        5.61438         9.47445         1.10199 
        5.62051         9.45645         1.09895 
        5.62665         9.43106         1.09593 
        5.63278         9.41515         1.09292 
        5.63892          9.3924         1.08992 
        5.64505          9.3721         1.08693 
        5.65119         9.34108         1.08395 
        5.65733         9.33034         1.08099 
        5.66346         9.30648         1.07803 
         5.6696         9.28638         1.07509 
        5.67573         9.27111         1.07215 
        5.68187         9.24429         1.06923 
          5.688         9.22541         1.06632 
        5.69414         9.20156         1.06342 
        5.70028         9.18633         1.06053 
        5.70642         9.16849         1.05765 
        5.71255         9.14411         1.05478 
        5.71869         9.12345         1.05193 
        5.72482         9.10797         1.04908 
        5.73096         9.09007         1.04625 
        5.73709         9.06648         1.04342 
        5.74322         9.04767         1.04061 
        5.74936         9.02171          1.0378 
         5.7555         9.01721         1.03501 
        5.76164           8.994         1.03222 
        5.76777         8.97559         1.02945 
        5.77391         8.96191         1.02669 
        5.78005         8.94227         1.02393 
        5.78618         8.92322         1.02119 
        5.79231          8.9081         1.01846 
        5.79845         8.89083         1.01574 
        5.80459         8.87541         1.01302 
        5.81073         8.85625         1.01032 
        5.81686         8.84854         1.00763 
          5.823         8.83177         1.00495 
        5.82914         8.80801         1.00227 
        5.83527         8.78901        0.999613 
         5.8414         8.78238         0.99696 
        5.84754         8.76706        0.994315 
        5.85368         8.74295         0.99168 
        5.85981         8.72428        0.989057 
        5.86595         8.71255        0.986442 
        5.87208          8.7016        0.983837 
        5.87822         8.68478        0.981243 
        5.88435         8.67521        0.978658 
        5.89049         8.65688         0.97608 
        5.89662         8.63849        0.973512 
        5.90276         8.62401        0.970952 
         5.9089         8.61531        0.968402 
        5.91503         8.59957        0.965864 
        5.92117         8.58981        0.963333 
        5.92731         8.57221         0.96081 
        5.93344         8.55977        0.958298 
        5.93958         8.54508        0.955795 
        5.94572          8.5317        0.953299 
        5.95186         8.50627        0.950812 
        5.95799          8.5048        0.948338 
        5.96412         8.48746        0.945871 
        5.97026         8.47356         0.94341 
         5.9764          8.4661        0.940961 
        5.98253         8.45386        0.938522 
        5.98866         8.43804        0.936089 
         5.9948         8.43091        0.933664 
        6.00094         8.41516        0.931248 
        6.00707         8.40746        0.928842 
        6.01321         8.39177        0.926443 
        6.01935         8.37406        0.924053 
        6.02548         8.37303        0.921672 
        6.03162         8.35877          0.9193 
        6.03775         8.35456        0.916937 
        6.04389         8.34163        0.914581 
        6.05003         8.32299        0.912231 
        6.05617         8.32337         0.90989 
         6.0623         8.30918        0.907559 
        6.06844         8.30136        0.905236 
        6.07457         8.29059        0.902922 
         6.0807         8.28356        0.900617 
        6.08684         8.27659        0.898319 
        6.09298         8.25862        0.896028 
        6.09912         8.24773        0.893744 
        6.10525         8.24452         0.89147 
        6.11138          8.2387        0.889204 
        6.11752         8.22375        0.886945 
        6.12366         8.22053        0.884693 
        6.12979         8.21492        0.882452 
        6.13593         8.20634        0.880217 
        6.14207          8.1968        0.877989 
         6.1482         8.18435        0.875769 
        6.15434         8.18139        0.873557 
        6.16047         8.17663        0.871354 
        6.16661         8.17183        0.869157 
        6.17274         8.16056        0.866968 
        6.17887         8.15252        0.864788 
        6.18501         8.14628        0.862614 
        6.19115         8.13795        0.860447 
        6.19729         8.12544        0.858287 
        6.20342          8.1286        0.856136 
        6.20956         8.12726        0.853992 
         6.2157         8.12106        0.851854 
        6.22183         8.10663        0.849724 
        6.22797         8.10628        0.847603 
         6.2341          8.0966        0.845489 
        6.24024         8.09945         0.84338 
        6.24638         8.09747        0.841279 
        6.25251         8.08532        0.839187 
        6.25865         8.07906        0.837101 
        6.26478         8.07619        0.835022 
        6.27092         8.07811        0.832951 
        6.27705         8.07263        0.830888 
        6.28318          8.0643        0.828831 
