# k  (h/Mpc)    P(k)  (Mpc/h)^3    P_linear(k)  (Mpc/h)^3
     0.00783031         18033.4           18320 
       0.013688         22684.7         22468.3 
       0.019231         22427.6         22390.4 
      0.0249154         19799.7         20267.2 
      0.0312784         16948.3         17161.2 
      0.0375637         14430.5         14430.7 
      0.0433917         12329.5         12572.4 
      0.0492413         11228.2         11329.7 
      0.0555754         10077.9         10447.7 
      0.0619321         9718.21         9742.88 
       0.067871         8738.25         9035.96 
      0.0738098         7950.02         8203.85 
      0.0800417          6960.1         7242.09 
      0.0862327         6190.68         6316.32 
      0.0921407          5600.1         5566.79 
      0.0982031         5002.52         4988.85 
       0.104506         4746.88         4587.22 
       0.110769         4449.77         4333.06 
       0.116806         4233.64         4150.42 
       0.122832         4037.18         3962.55 
       0.129052         3717.13         3721.43 
       0.135211         3471.36         3431.91 
       0.141259         3277.52         3125.32 
       0.147318         3053.72         2834.01 
       0.153489         2786.38         2585.18 
       0.159709         2642.17         2397.49 
       0.165845         2564.26         2269.21 
       0.171974         2444.56         2178.94 
       0.178125         2335.98         2102.56 
       0.184229         2233.89         2020.57 
        0.19034          2110.8         1921.52 
       0.196428         2053.14         1806.63 
       0.202534         1961.23         1684.53 
       0.208729         1864.53         1566.43 
       0.214876         1789.22         1465.34 
       0.220989         1727.09         1385.27 
       0.227147          1661.1          1323.8 
        0.23329         1599.97         1275.64 
       0.239377         1577.27         1233.32 
       0.245482         1480.72         1189.74 
       0.251667         1471.32         1140.66 
       0.257832         1410.19         1086.73 
       0.263955         1361.21         1031.12 
       0.270079         1313.57         977.357 
        0.27624         1296.84         928.672 
       0.282372         1244.13         887.343 
        0.28843         1237.75         853.243 
       0.294538         1176.44         824.016 
       0.300721         1169.42         797.149 
        0.30691         1124.96         770.755 
       0.313033         1102.03         743.643 
       0.319153         1084.13          715.41 
       0.325316         1048.76         686.448 
        0.33145         1025.02          658.39 
       0.337538         1005.17         632.365 
       0.343633         984.594          608.87 
       0.349808         950.778         587.718 
       0.355968         943.998         568.823 
       0.362074         935.396         551.532 
       0.368217         905.254          534.76 
       0.374374         871.457         518.098 
       0.380519         873.701         501.363 
       0.386598         847.565         484.853 
       0.392688         844.118         468.711 
        0.39888         820.003         453.024 
       0.405048         809.928         438.423 
       0.411186           798.8         425.004 
       0.417313         782.171          412.56 
       0.423458         767.031         400.852 
       0.429607          758.88         389.657 
       0.435692         741.975         378.853 
       0.441815         735.196         368.163 
       0.447964         720.538         357.635 
       0.454126         714.294         347.333 
       0.460267         696.137         337.419 
       0.466387         687.985         327.999 
        0.47254         683.889         319.033 
       0.478662         676.454         310.569 
       0.484765           656.1         302.535 
       0.490885         651.781         294.818 
       0.497035         638.574         287.327 
       0.503198         634.346         280.018 
       0.509342         628.229         272.903 
       0.515458         624.305         266.017 
       0.521598         608.113         259.327 
       0.527764         598.268          252.85 
       0.533884         595.319         246.664 
           0.54         589.145         240.725 
       0.546137         583.901         235.005 
       0.552299         576.018         229.479 
       0.558452         571.619         224.148 
       0.564573         564.705         218.998 
       0.570708         557.727         213.974 
       0.576825         543.378         209.105 
       0.582926         545.209         204.393 
       0.589034         539.338         199.824 
       0.595184         534.638         195.375 
       0.601379         526.464          191.04 
       0.607522         519.282          186.88 
       0.613639         518.589         182.866 
       0.619772         508.452         178.966 
       0.625918         505.449         175.174 
       0.632068          498.25         171.492 
       0.638161         496.099         167.948 
         0.6443         488.198         164.477 
       0.650464          485.84         161.089 
       0.656582         481.051          157.82 
       0.662703         479.798          154.64 
       0.668861         472.051         151.532 
       0.675024         468.012         148.509 
       0.681124         464.402         145.603 
       0.687237         460.599         142.771 
       0.693381         454.244         140.004 
       0.699536         447.442         137.307 
       0.705665         446.324         134.694 
       0.711789          444.31         132.151 
       0.717957         440.116         129.656 
        0.72409          438.02         127.239 
       0.730186         431.234         124.899 
       0.736317          428.52         122.605 
       0.742472         425.811          120.36 
       0.748622         421.252         118.175 
        0.75476         415.279         116.049 
       0.760888         411.576          113.98 
       0.767043         411.797         111.954 
       0.773185         407.707         109.982 
       0.779291         402.716         108.069 
       0.785407          400.51           106.2 
       0.791564         395.872         104.364 
       0.797719         394.005         102.572 
       0.803834          389.11         100.834 
       0.809972         388.697         99.1313 
       0.816124         387.127         97.4643 
       0.822261         382.117         95.8406 
       0.828378         379.552         94.2592 
       0.834502         375.423         92.7125 
       0.840667         372.804         91.1909 
       0.846816         371.113         89.7082 
       0.852925         368.547         88.2682 
       0.859047         366.378         86.8571 
       0.865192         361.771         85.4725 
       0.871341          358.73         84.1176 
       0.877463         358.769         82.7985 
       0.883569          355.19         81.5114 
       0.889708         352.423         80.2454 
       0.895864         351.496         79.0032 
       0.902008         348.105         77.7903 
       0.908149         343.771         76.6037 
       0.914301         341.781         75.4403 
       0.920448         340.031         74.3024 
       0.926574         335.115         73.1921 
       0.932687         334.961         72.1071 
       0.938823         331.559         71.0404 
       0.944975         331.609          69.993 
       0.951105         327.898         68.9708 
       0.957225         325.798         67.9708 
       0.963368         321.648         66.9874 
       0.969511         320.929         66.0237 
       0.975621         318.935         65.0842 
       0.981748         316.978         64.1608 
       0.987916         315.322         63.2496 
        0.99406         310.743         62.3597 
        1.00019         309.158         61.4888 
        1.00632         308.006         60.6355 
        1.01246         305.408         59.7973 
        1.01859         305.613         58.9764 
        1.02471         300.876         58.1721 
        1.03085         299.628         57.3801 
        1.03698         298.221         56.6047 
        1.04314         295.714         55.8405 
        1.04929         293.058         55.0922 
        1.05541         293.664         54.3609 
        1.06154         288.629         53.6411 
        1.06769         288.064         52.9334 
        1.07382         285.628         52.2409 
        1.07993         284.271         51.5625 
        1.08607         283.508         50.8935 
        1.09222         280.216         50.2358 
        1.09836         278.503         49.5906 
        1.10449         276.245         48.9575 
        1.11063         273.541          48.335 
        1.11677         273.491         47.7235 
         1.1229         271.076         47.1238 
        1.12903          269.73          46.534 
        1.13518         267.334         45.9538 
        1.14131         265.793          45.384 
        1.14745         265.066         44.8242 
        1.15359          262.92         44.2739 
        1.15973         260.954         43.7326 
        1.16584         259.084         43.2029 
        1.17197         259.071         42.6812 
        1.17811         255.666         42.1666 
        1.18424         254.025         41.6621 
        1.19038         253.361         41.1644 
        1.19652         251.116         40.6751 
        1.20267         250.703         40.1938 
        1.20881         248.358         39.7204 
        1.21495         246.713         39.2554 
        1.22108         245.206          38.798 
         1.2272          243.76          38.349 
        1.23334         242.883         37.9062 
        1.23949         240.199         37.4693 
        1.24562         239.497         37.0406 
        1.25174          238.13         36.6193 
        1.25789         236.252         36.2033 
        1.26402          234.18         35.7946 
        1.27014         232.932         35.3932 
        1.27628         231.374         34.9968 
        1.28244         231.309         34.6058 
        1.28858         229.023         34.2213 
        1.29471         227.872         33.8436 
        1.30084         225.887         33.4719 
        1.30697           224.9         33.1053 
        1.31312         222.756         32.7438 
        1.31925          221.52         32.3888 
        1.32537         221.101         32.0394 
        1.33151         218.957          31.694 
        1.33765          217.29         31.3539 
        1.34378         216.717         31.0196 
        1.34992         215.491         30.6899 
        1.35606         215.012         30.3643 
         1.3622         212.613         30.0441 
        1.36833         211.227         29.7292 
        1.37445         210.178         29.4191 
        1.38059         208.508         29.1125 
        1.38675         207.739         28.8095 
        1.39288         206.624         28.5121 
        1.39901         205.403          28.219 
        1.40515          203.97         27.9294 
         1.4113         202.906          27.644 
        1.41742         201.289         27.3638 
        1.42355         200.391         27.0869 
         1.4297         198.671          26.813 
        1.43585         197.757          26.543 
        1.44198         197.132         26.2779 
        1.44809         195.657         26.0168 
        1.45423         194.762         25.7584 
        1.46036         193.364          25.504 
        1.46649         192.176         25.2529 
        1.47263         191.112          25.005 
        1.47877         189.683         24.7606 
        1.48491         187.937         24.5191 
        1.49104          187.65         24.2813 
        1.49718         185.911         24.0465 
        1.50333          185.37         23.8145 
        1.50947         183.948         23.5861 
         1.5156          182.69         23.3609 
        1.52172          181.96         23.1388 
        1.52787         180.256         22.9191 
          1.534         180.012         22.7025 
        1.54013         178.545          22.489 
        1.54627         177.418         22.2779 
        1.55241         176.441         22.0694 
        1.55855         175.161         21.8639 
        1.56467         174.131         21.6617 
         1.5708         173.341         21.4614 
        1.57695         172.592         21.2633 
        1.58308         171.332         21.0683 
        1.58922         170.294         20.8756 
        1.59535         168.888         20.6853 
         1.6015         168.177         20.4972 
        1.60764         167.239         20.3115 
        1.61376         166.377         20.1286 
        1.61989         165.478         19.9479 
        1.62604         164.218          19.769 
        1.63218         163.571         19.5924 
        1.63831         162.208         19.4184 
        1.64444         161.463         19.2464 
        1.65059         160.669         19.0761 
        1.65673         159.599         18.9081 
        1.66285         158.404         18.7426 
        1.66898         157.702          18.579 
        1.67512          156.96         18.4171 
        1.68127         155.634          18.257 
         1.6874         155.003         18.0991 
        1.69353         153.938         17.9432 
        1.69967         152.833         17.7888 
        1.70581         152.163         17.6363 
        1.71193         150.986         17.4861 
        1.71806         150.466         17.3374 
        1.72421         149.595         17.1901 
        1.73035         148.899         17.0447 
        1.73649          147.93         16.9011 
        1.74262         147.041         16.7592 
        1.74876         145.999         16.6188 
        1.75489         145.389         16.4804 
        1.76101         143.987         16.3436 
        1.76715         143.905         16.2082 
        1.77329         142.827         16.0741 
        1.77943          142.19         15.9415 
        1.78557         141.369         15.8106 
        1.79171         140.544         15.6812 
        1.79785         139.567         15.5532 
        1.80399         138.879         15.4266 
        1.81012         138.103         15.3016 
        1.81625         137.503         15.1781 
        1.82239         136.494         15.0558 
        1.82853         135.845         14.9349 
        1.83466         135.033         14.8154 
        1.84078         134.268         14.6974 
        1.84692         133.154         14.5804 
        1.85306         132.964         14.4646 
         1.8592         131.954         14.3503 
        1.86533         131.484         14.2372 
        1.87147         130.365         14.1253 
        1.87761         129.433         14.0145 
        1.88375         128.865          13.905 
        1.88988         127.797         13.7969 
        1.89601         127.594         13.6898 
        1.90215         126.776         13.5838 
        1.90829         125.895         13.4789 
        1.91442         125.454         13.3752 
        1.92056         124.574         13.2726 
         1.9267         123.898         13.1711 
        1.93284         122.999         13.0705 
        1.93897         122.549         12.9712 
        1.94509         121.989         12.8731 
        1.95123          121.42         12.7758 
        1.95737         120.566         12.6794 
        1.96349         119.946         12.5843 
        1.96964         119.012         12.4899 
        1.97578         118.301         12.3964 
        1.98192          117.81         12.3041 
        1.98805         117.266         12.2127 
        1.99419         116.444         12.1223 
        2.00033         115.882         12.0327 
        2.00647         115.285          11.944 
         2.0126         114.454         11.8564 
        2.01874         113.829         11.7695 
        2.02488         113.588         11.6835 
        2.03101         112.439         11.5984 
        2.03714         112.143         11.5143 
        2.04328         111.264          11.431 
        2.04941         110.797         11.3485 
        2.05554         110.058         11.2669 
        2.06167         109.687          11.186 
        2.06781         108.802         11.1059 
        2.07396         108.448         11.0265 
        2.08009         107.718          10.948 
        2.08622          106.89         10.8703 
        2.09237         106.645         10.7932 
        2.09851         105.864         10.7169 
        2.10464         105.496         10.6415 
        2.11077         104.849         10.5668 
        2.11691         104.355         10.4928 
        2.12305         103.833         10.4194 
        2.12918         103.051         10.3469 
        2.13531         102.417         10.2751 
        2.14145         101.931         10.2038 
         2.1476         101.237         10.1331 
        2.15372         100.893         10.0635 
        2.15985         100.249         9.99438 
        2.16599         99.6193         9.92576 
        2.17213         99.1895         9.85786 
        2.17827         98.5593         9.79061 
         2.1844         97.9415         9.72405 
        2.19054         97.5821         9.65809 
        2.19666         97.0579         9.59284 
         2.2028         96.4345         9.52814 
        2.20893         96.0637         9.46401 
        2.21508         95.4418         9.40039 
        2.22122         94.9488         9.33734 
        2.22736         94.3817         9.27501 
        2.23349         94.0219         9.21326 
        2.23962         93.5507         9.15204 
        2.24577          92.862         9.09132 
         2.2519         92.5538         9.03125 
        2.25802         91.7722         8.97181 
        2.26417         91.5315         8.91275 
        2.27031         90.8788         8.85416 
        2.27644         90.3961         8.79628 
        2.28257         89.9294         8.73891 
        2.28872         89.5911         8.68195 
        2.29486         88.9102         8.62552 
        2.30099         88.4208          8.5697 
        2.30712         87.9982         8.51435 
        2.31326         87.4767          8.4594 
         2.3194         87.0242         8.40497 
        2.32553         86.6347         8.35111 
        2.33166         86.1374         8.29774 
         2.3378          85.723         8.24478 
        2.34394         85.3025         8.19226 
        2.35007         84.8324         8.14027 
        2.35619         84.3911          8.0888 
        2.36233         83.8896         8.03765 
        2.36848         83.3969         7.98685 
        2.37462         83.0314         7.93659 
        2.38075         82.4831         7.88681 
        2.38689         82.0629         7.83742 
        2.39303         81.5926         7.78847 
        2.39916         81.2313         7.73998 
        2.40529         81.0171         7.69192 
        2.41143         80.3497         7.64422 
        2.41757         79.9932         7.59692 
         2.4237         79.5493          7.5501 
        2.42983         79.1203         7.50368 
        2.43598         78.6332         7.45753 
        2.44211         78.4342         7.41184 
        2.44823          77.897         7.36665 
        2.45437         77.3404          7.3217 
        2.46052         76.9598          7.2771 
        2.46665         76.7331         7.23294 
        2.47279         76.1749         7.18917 
        2.47892         75.8341         7.14574 
        2.48507         75.4652         7.10262 
         2.4912         75.1484         7.05994 
        2.49733         74.5462         7.01764 
        2.50347         74.3395         6.97561 
        2.50961         74.0333         6.93392 
        2.51575         73.5215          6.8926 
        2.52188         73.1295         6.85167 
        2.52802         72.7634         6.81102 
        2.53416          72.341         6.77069 
        2.54029         71.9741         6.73077 
        2.54641         71.5692         6.69117 
        2.55255         71.2368         6.65186 
        2.55869         70.8778         6.61281 
        2.56483         70.6141         6.57411 
        2.57096         70.1097         6.53578 
        2.57709         69.8192         6.49774 
        2.58323         69.3119         6.45997 
        2.58937          69.032         6.42248 
        2.59551         68.7495         6.38533 
        2.60164         68.4409         6.34849 
        2.60778           68.16          6.3119 
        2.61392         67.6224         6.27562 
        2.62006         67.3655         6.23963 
        2.62619         66.9506         6.20396 
        2.63232         66.7091         6.16856 
        2.63846         66.2705         6.13341 
        2.64459         65.9564         6.09857 
        2.65072         65.5608         6.06401 
        2.65686          65.223          6.0297 
          2.663         64.9372         5.99561 
        2.66915         64.6398         5.96178 
        2.67527         64.3405          5.9283 
        2.68141         63.9876         5.89506 
        2.68755         63.6786         5.86204 
        2.69368         63.4521          5.8293 
        2.69981         63.1532         5.79686 
        2.70595         62.6861         5.76459 
        2.71209         62.4003         5.73255 
        2.71823           62.09         5.70081 
        2.72436         61.7351         5.66933 
         2.7305         61.4408         5.63806 
        2.73663          61.213         5.60703 
        2.74276         60.9101         5.57627 
         2.7489         60.5282         5.54571 
        2.75504         60.2577         5.51536 
        2.76118         59.9173         5.48522 
        2.76732         59.6209         5.45536 
        2.77345         59.3603         5.42572 
        2.77959         59.0561          5.3963 
        2.78572         58.7368          5.3671 
        2.79186         58.4849         5.33813 
        2.79798         58.1918          5.3094 
        2.80412         57.9226         5.28084 
        2.81027         57.5753         5.25245 
         2.8164          57.312         5.22433 
        2.82253         57.0702         5.19642 
        2.82867         56.7647          5.1687 
        2.83481         56.5032         5.14117 
        2.84095         56.1447         5.11385 
        2.84708         55.9116         5.08676 
        2.85322         55.5661         5.05983 
        2.85935         55.3578         5.03311 
        2.86549         55.0319          5.0066 
        2.87162         54.8181         4.98027 
        2.87776         54.5279         4.95415 
        2.88389         54.2704         4.92819 
        2.89003         54.0394         4.90243 
        2.89617         53.7055         4.87685 
        2.90231         53.5388         4.85145 
        2.90844         53.2905         4.82624 
        2.91458         52.9911         4.80121 
        2.92071         52.6914         4.77639 
        2.92684         52.4893         4.75172 
        2.93298         52.1674         4.72724 
         2.9391         51.8818         4.70296 
        2.94524         51.7279         4.67881 
        2.95138         51.4809         4.65483 
        2.95752          51.226         4.63099 
        2.96367         50.9166         4.60732 
         2.9698          50.725         4.58386 
        2.97594         50.5979         4.56055 
        2.98207         50.2917          4.5374 
        2.98821              50         4.51443 
        2.99434         49.7164         4.49161 
        3.00048         49.4874         4.46895 
        3.00662           49.35         4.44643 
        3.01275         49.0687         4.42411 
        3.01888         48.7672         4.40193 
        3.02503         48.6054         4.37987 
        3.03117         48.3328         4.35797 
        3.03729          48.189         4.33627 
        3.04342         47.8311          4.3147 
        3.04957         47.7185         4.29323 
         3.0557         47.4144         4.27194 
        3.06183         47.2265         4.25083 
        3.06796         46.9918         4.22984 
        3.07411         46.7109         4.20895 
        3.08025         46.5573         4.18824 
        3.08637         46.2935          4.1677 
         3.0925         46.1296         4.14727 
        3.09865         45.8723         4.12694 
         3.1048         45.6432         4.10676 
        3.11093         45.4353         4.08675 
        3.11706         45.2811         4.06687 
         3.1232         45.0881         4.04712 
        3.12933         44.8234         4.02749 
        3.13547         44.6081           4.008 
        3.14159         44.4035         3.98867 
        3.14773         44.2694         3.96943 
        3.15388         44.0491          3.9503 
        3.16001         43.7414         3.93133 
        3.16614          43.583          3.9125 
        3.17228         43.3438         3.89377 
        3.17842         43.1528         3.87516 
        3.18455         42.9679         3.85669 
        3.19068         42.7165         3.83835 
        3.19682         42.5767          3.8201 
        3.20297         42.4018         3.80196 
         3.2091         42.1312         3.78396 
        3.21524         41.9873         3.76608 
        3.22138         41.7946         3.74831 
         3.2275         41.6621         3.73069 
        3.23363         41.4135         3.71317 
        3.23977         41.2483         3.69575 
        3.24591         41.0253         3.67844 
        3.25205          40.855         3.66123 
        3.25818         40.6394         3.64414 
        3.26432          40.447         3.62717 
        3.27046         40.3126          3.6103 
         3.2766         40.1068         3.59354 
        3.28273          39.879         3.57689 
        3.28887         39.7216         3.56035 
          3.295         39.5626         3.54391 
        3.30113         39.3909         3.52758 
        3.30727         39.1398         3.51135 
        3.31341         39.0152         3.49523 
        3.31954         38.8385         3.47921 
        3.32568         38.6583         3.46328 
        3.33182         38.4603         3.44745 
        3.33795         38.3115         3.43174 
        3.34409         38.2009         3.41611 
        3.35022         37.9582         3.40058 
        3.35636         37.7761         3.38516 
         3.3625         37.5955         3.36982 
        3.36864         37.4575         3.35457 
        3.37477         37.3177         3.33943 
        3.38091         37.1171         3.32439 
        3.38704         36.9467         3.30945 
        3.39318         36.7671         3.29458 
        3.39931         36.5855         3.27981 
        3.40545         36.4719         3.26514 
        3.41158          36.306         3.25055 
        3.41772         36.1455         3.23606 
        3.42385         35.9516         3.22166 
        3.42998         35.7708         3.20735 
        3.43612          35.664         3.19312 
        3.44226         35.4946         3.17897 
         3.4484         35.3263          3.1649 
        3.45453         35.2241         3.15094 
        3.46066         35.0387         3.13706 
        3.46681         34.8613         3.12324 
        3.47295         34.6892          3.1095 
        3.47908         34.5888         3.09589 
        3.48521         34.4481         3.08235 
        3.49135         34.2602         3.06887 
        3.49749          34.055         3.05548 
        3.50362         33.9986         3.04217 
        3.50976         33.8207         3.02894 
        3.51589         33.5951         3.01579 
        3.52203         33.5253         3.00272 
        3.52816          33.354         2.98975 
        3.53429         33.1818         2.97684 
        3.54043         33.0551         2.96398 
        3.54657         32.9102         2.95121 
        3.55271         32.7384         2.93853 
        3.55884           32.64         2.92593 
        3.56498         32.5338         2.91339 
        3.57112         32.3178         2.90091 
        3.57725          32.148         2.88853 
        3.58338         32.0841         2.87623 
        3.58952         31.9237         2.86398 
        3.59566         31.8105         2.85179 
         3.6018         31.6752         2.83969 
        3.60793         31.5273         2.82767 
        3.61407         31.3467         2.81571 
        3.62021         31.2265         2.80382 
        3.62634         31.0949           2.792 
        3.63247          30.988         2.78026 
        3.63861          30.832         2.76858 
        3.64475          30.652         2.75695 
        3.65089         30.5923          2.7454 
        3.65702         30.4772         2.73393 
        3.66316         30.3124         2.72251 
        3.66929         30.2092         2.71116 
        3.67543         30.1004         2.69988 
        3.68156         29.9037         2.68867 
        3.68769         29.7947         2.67751 
        3.69383         29.6709         2.66642 
        3.69997         29.5017         2.65539 
        3.70611         29.4235         2.64442 
        3.71224         29.2715         2.63352 
        3.71838         29.1508         2.62268 
        3.72451          29.066          2.6119 
        3.73065         28.9341         2.60119 
        3.73678         28.8206         2.59054 
        3.74292         28.6591         2.57993 
        3.74906         28.5804         2.56939 
        3.75519         28.4422         2.55892 
        3.76133         28.3213          2.5485 
        3.76746         28.1897         2.53814 
         3.7736          28.062         2.52784 
        3.77974         27.9621         2.51759 
        3.78588         27.8209          2.5074 
        3.79201         27.7498         2.49727 
        3.79814          27.616          2.4872 
        3.80428         27.5105         2.47718 
        3.81042         27.3641         2.46722 
        3.81655         27.2757         2.45731 
        3.82268         27.1485         2.44747 
        3.82882         27.0412         2.43767 
        3.83496         26.8958         2.42792 
        3.84109          26.823         2.41823 
        3.84723         26.6965          2.4086 
        3.85337         26.6202           2.399 
        3.85951         26.4838         2.38946 
        3.86565         26.3501         2.37998 
        3.87178          26.254         2.37056 
        3.87791         26.1592         2.36119 
        3.88405          26.036         2.35186 
        3.89019         25.9525         2.34259 
        3.89632         25.8623         2.33337 
        3.90246         25.7158         2.32419 
         3.9086         25.6175         2.31506 
        3.91473         25.5078           2.306 
        3.92086         25.4253         2.29698 
        3.92699         25.3381         2.28801 
        3.93313         25.2015         2.27907 
        3.93927         25.1114          2.2702 
         3.9454         24.9891         2.26136 
        3.95154         24.9034         2.25257 
        3.95768         24.7983         2.24383 
        3.96382         24.7169         2.23514 
        3.96995         24.6133         2.22649 
        3.97609         24.5142          2.2179 
        3.98222         24.4041         2.20935 
        3.98836         24.3189         2.20084 
         3.9945         24.1927         2.19238 
        4.00063         24.1362         2.18396 
        4.00677         24.0213         2.17558 
        4.01291         23.9212         2.16725 
        4.01904         23.8274         2.15898 
        4.02517         23.7407         2.15074 
        4.03131         23.6605         2.14254 
        4.03745         23.5161         2.13438 
        4.04358         23.4436         2.12627 
        4.04972         23.3323          2.1182 
        4.05585         23.2471         2.11017 
        4.06199         23.1738         2.10219 
        4.06812         23.0556         2.09424 
        4.07426         22.9777         2.08634 
         4.0804          22.873         2.07848 
        4.08654         22.7627         2.07065 
        4.09267         22.7301         2.06288 
         4.0988         22.5925         2.05515 
        4.10494         22.5361         2.04745 
        4.11108         22.4557         2.03978 
        4.11721          22.356         2.03216 
        4.12334         22.2563         2.02459 
        4.12948         22.1757         2.01705 
        4.13561         22.0894         2.00954 
        4.14176         22.0049         2.00207 
        4.14789         21.9138         1.99464 
        4.15403         21.8387         1.98725 
        4.16016         21.7488          1.9799 
         4.1663         21.6577         1.97259 
        4.17243         21.5936         1.96532 
        4.17857         21.4882         1.95808 
        4.18471         21.4095         1.95087 
        4.19084         21.3355          1.9437 
        4.19698         21.2108         1.93658 
        4.20312         21.1491         1.92948 
        4.20925         21.0754         1.92242 
        4.21538          20.998         1.91541 
        4.22152         20.9126         1.90842 
        4.22766         20.8312         1.90146 
         4.2338         20.7677         1.89455 
        4.23993         20.6649         1.88767 
        4.24607         20.5942         1.88082 
         4.2522          20.498           1.874 
        4.25834         20.4063         1.86722 
        4.26447         20.3526         1.86048 
        4.27061         20.2843         1.85377 
        4.27674         20.2091         1.84709 
        4.28288         20.1287         1.84044 
        4.28902         20.0479         1.83383 
        4.29515         19.9858         1.82726 
        4.30129         19.8894         1.82071 
        4.30743         19.8188         1.81419 
        4.31356         19.7464          1.8077 
        4.31969         19.6584         1.80126 
        4.32583         19.5801         1.79485 
        4.33197          19.523         1.78845 
         4.3381         19.4345         1.78209 
        4.34424           19.36         1.77577 
        4.35038         19.2991         1.76947 
        4.35652         19.2383          1.7632 
        4.36265         19.1506         1.75698 
        4.36878         19.0898         1.75078 
        4.37492          19.013          1.7446 
        4.38106         18.9274         1.73845 
        4.38719         18.8711         1.73234 
        4.39333         18.7982         1.72627 
        4.39946         18.7298         1.72021 
         4.4056         18.6615         1.71419 
        4.41173         18.5819         1.70819 
        4.41786         18.5152         1.70223 
          4.424         18.4283         1.69629 
        4.43014         18.3798         1.69038 
        4.43628         18.3256         1.68449 
        4.44241         18.2389         1.67864 
        4.44855         18.1575         1.67282 
        4.45469         18.1196         1.66701 
        4.46083         18.0495         1.66125 
        4.46696         17.9743         1.65551 
        4.47309         17.9161          1.6498 
        4.47923         17.8302         1.64411 
        4.48537         17.7727         1.63845 
         4.4915         17.7174         1.63282 
        4.49764         17.6431         1.62721 
        4.50378          17.594         1.62162 
        4.50991         17.5194         1.61608 
        4.51604         17.4549         1.61055 
        4.52218         17.3962         1.60504 
        4.52832         17.3253         1.59957 
        4.53445         17.2655         1.59412 
        4.54059         17.1959          1.5887 
        4.54673         17.1618          1.5833 
        4.55286         17.0896         1.57792 
          4.559         17.0172         1.57257 
        4.56513         16.9621         1.56725 
        4.57127         16.8805         1.56195 
        4.57741          16.827         1.55668 
        4.58354         16.7749         1.55143 
        4.58968         16.7149          1.5462 
        4.59582         16.6443           1.541 
        4.60195         16.5973         1.53583 
        4.60809         16.5251         1.53068 
        4.61422         16.4815         1.52555 
        4.62036         16.4162         1.52044 
        4.62649         16.3573         1.51536 
        4.63263          16.308          1.5103 
        4.63876          16.241         1.50527 
         4.6449         16.1837         1.50025 
        4.65104         16.1278         1.49526 
        4.65717         16.0829          1.4903 
        4.66331         16.0004         1.48536 
        4.66944         15.9659         1.48043 
        4.67558         15.9059         1.47554 
        4.68171         15.8362         1.47066 
        4.68785         15.8062          1.4658 
        4.69399         15.7322         1.46097 
        4.70012         15.6867         1.45617 
        4.70625         15.6271         1.45138 
        4.71239         15.5752         1.44661 
        4.71853         15.5173         1.44187 
        4.72467          15.461         1.43714 
         4.7308         15.4266         1.43244 
        4.73694         15.3538         1.42776 
        4.74308         15.3099          1.4231 
        4.74922         15.2617         1.41846 
        4.75535          15.197         1.41384 
        4.76148           15.14         1.40925 
        4.76762         15.0872         1.40467 
        4.77376         15.0342         1.40011 
        4.77989         14.9942         1.39558 
        4.78602         14.9428         1.39106 
        4.79216         14.8888         1.38656 
         4.7983         14.8562         1.38209 
        4.80443         14.7794         1.37764 
        4.81056         14.7278          1.3732 
         4.8167         14.6833         1.36878 
        4.82284          14.639         1.36438 
        4.82898         14.6057         1.36001 
        4.83511         14.5373         1.35565 
        4.84125         14.4908         1.35131 
        4.84739         14.4379         1.34699 
        4.85352         14.3904         1.34269 
        4.85965         14.3559         1.33841 
        4.86579         14.2969         1.33415 
        4.87193         14.2474          1.3299 
        4.87807          14.206         1.32568 
         4.8842         14.1538         1.32147 
        4.89034         14.1144         1.31728 
        4.89647         14.0652         1.31311 
        4.90261         14.0111         1.30896 
        4.90874         13.9804         1.30483 
        4.91488         13.9223         1.30071 
        4.92102         13.8879         1.29661 
        4.92715         13.8416         1.29253 
        4.93329         13.7899         1.28847 
        4.93942         13.7416         1.28442 
        4.94556         13.7002         1.28039 
         4.9517         13.6555         1.27638 
        4.95783          13.616         1.27239 
        4.96397         13.5723         1.26841 
        4.97011         13.5183         1.26445 
        4.97624         13.4862         1.26051 
        4.98238         13.4418         1.25659 
        4.98851         13.3949         1.25268 
        4.99465         13.3429         1.24879 
        5.00078         13.2996         1.24492 
        5.00691         13.2661         1.24106 
        5.01305         13.2247         1.23722 
        5.01919         13.1791         1.23339 
        5.02533         13.1392         1.22958 
        5.03146         13.0887         1.22579 
         5.0376          13.042         1.22202 
        5.04374         13.0192         1.21825 
        5.04987         12.9637         1.21451 
        5.05601         12.9327         1.21078 
        5.06215         12.8895         1.20707 
        5.06829         12.8407         1.20337 
        5.07442         12.8077         1.19969 
        5.08055         12.7669         1.19602 
        5.08668         12.7251         1.19237 
        5.09282         12.6826         1.18873 
        5.09896         12.6448         1.18512 
        5.10509         12.6009         1.18151 
        5.11123         12.5609         1.17792 
        5.11736         12.5309         1.17435 
         5.1235         12.4891         1.17079 
        5.12964         12.4501         1.16724 
        5.13577         12.4224         1.16371 
        5.14191         12.3721         1.16019 
        5.14804         12.3493         1.15669 
        5.15418         12.2992         1.15321 
        5.16032         12.2636         1.14973 
        5.16645         12.2353         1.14628 
        5.17259         12.1965         1.14283 
        5.17872         12.1663         1.13941 
        5.18486         12.1119         1.13599 
          5.191         12.0818         1.13259 
        5.19713          12.051          1.1292 
        5.20327         12.0159         1.12583 
        5.20941         11.9682         1.12247 
        5.21555         11.9422         1.11912 
        5.22168         11.9039         1.11579 
        5.22781          11.874         1.11247 
        5.23395         11.8348         1.10917 
        5.24009         11.7967         1.10588 
        5.24622         11.7644          1.1026 
        5.25236         11.7191         1.09934 
         5.2585         11.7001         1.09609 
        5.26463         11.6499         1.09285 
        5.27077         11.6308         1.08962 
         5.2769         11.5808         1.08641 
        5.28304         11.5627         1.08322 
        5.28917         11.5285         1.08003 
         5.2953         11.4885         1.07686 
        5.30144         11.4577          1.0737 
        5.30757         11.4261         1.07056 
        5.31371          11.392         1.06742 
        5.31985          11.365          1.0643 
        5.32599         11.3295         1.06119 
        5.33213         11.2981         1.05809 
        5.33826         11.2642         1.05501 
         5.3444          11.238         1.05194 
        5.35053         11.2114         1.04888 
        5.35667         11.1797         1.04583 
        5.36281         11.1408         1.04279 
        5.36894         11.1149         1.03977 
        5.37507         11.0841         1.03676 
        5.38121         11.0577         1.03376 
        5.38735         11.0223         1.03078 
        5.39348          10.993          1.0278 
        5.39961         10.9645         1.02484 
        5.40575         10.9383         1.02189 
        5.41189          10.903         1.01895 
        5.41803         10.8653         1.01602 
        5.42416         10.8382         1.01311 
         5.4303         10.8143          1.0102 
        5.43644         10.7852         1.00731 
        5.44257         10.7507         1.00443 
        5.44871         10.7248         1.00155 
        5.45484         10.6994        0.998695 
        5.46098          10.669        0.995846 
        5.46712          10.644        0.993008 
        5.47325         10.6252        0.990183 
        5.47938         10.5839         0.98737 
        5.48552         10.5516        0.984568 
        5.49165         10.5308        0.981775 
        5.49779         10.5116        0.978994 
        5.50393         10.4741        0.976221 
        5.51006         10.4539         0.97346 
         5.5162          10.434         0.97071 
        5.52234         10.3948        0.967972 
        5.52847         10.3715        0.965243 
        5.53461         10.3437        0.962525 
        5.54075         10.3174        0.959818 
        5.54688         10.2903        0.957122 
        5.55302         10.2723        0.954435 
        5.55915         10.2531        0.951759 
        5.56529         10.2143        0.949095 
        5.57143         10.1928        0.946439 
        5.57756         10.1812        0.943793 
         5.5837         10.1447        0.941159 
        5.58983         10.1197        0.938536 
        5.59597         10.0972        0.935921 
         5.6021         10.0874        0.933316 
        5.60824          10.053        0.930721 
        5.61438         10.0321        0.928136 
        5.62051         10.0097        0.925562 
        5.62665         9.97684        0.922996 
        5.63278         9.95961        0.920442 
        5.63892         9.93388        0.917896 
        5.64505         9.90373        0.915361 
        5.65119         9.88668        0.912835 
        5.65733         9.86632        0.910319 
        5.66346         9.84845        0.907812 
         5.6696         9.81586        0.905314 
        5.67573         9.80017        0.902826 
        5.68187         9.77386        0.900348 
          5.688         9.75222         0.89788 
        5.69414         9.73236         0.89542 
        5.70028         9.71054        0.892968 
        5.70642         9.69521        0.890525 
        5.71255         9.67469        0.888093 
        5.71869         9.66235        0.885671 
        5.72482         9.62518        0.883258 
        5.73096         9.61409        0.880853 
        5.73709         9.59136        0.878459 
        5.74322         9.56723        0.876073 
        5.74936         9.54601        0.873693 
         5.7555         9.53353        0.871323 
        5.76164         9.50818        0.868963 
        5.76777         9.48605        0.866613 
        5.77391         9.47121        0.864269 
        5.78005         9.43997        0.861934 
        5.78618         9.43412        0.859609 
        5.79231         9.40662        0.857295 
        5.79845         9.39779        0.854986 
        5.80459         9.37689        0.852684 
        5.81073         9.35822        0.850394 
        5.81686          9.3451        0.848112 
          5.823         9.32273        0.845837 
        5.82914         9.29932        0.843571 
        5.83527         9.27949        0.841315 
         5.8414         9.26633        0.839067 
        5.84754         9.25032        0.836825 
        5.85368         9.23279        0.834591 
        5.85981         9.21488        0.832367 
        5.86595         9.19813        0.830152 
        5.87208         9.18597        0.827944 
        5.87822         9.16839        0.825745 
        5.88435         9.15842        0.823554 
        5.89049         9.13302        0.821369 
        5.89662         9.12199        0.819193 
        5.90276         9.10199        0.817024 
         5.9089         9.08926        0.814863 
        5.91503         9.07545        0.812712 
        5.92117         9.06438        0.810567 
        5.92731         9.04087        0.808429 
        5.93344         9.03376        0.806301 
        5.93958         9.01901         0.80418 
        5.94572         9.00064        0.802065 
        5.95186         8.97738        0.799958 
        5.95799         8.97571        0.797861 
        5.96412         8.95707        0.795771 
        5.97026          8.9428        0.793687 
         5.9764         8.93935        0.791612 
        5.98253         8.91734        0.789545 
        5.98866         8.90899        0.787484 
         5.9948         8.88843         0.78543 
        6.00094         8.87588        0.783384 
        6.00707         8.86324        0.781345 
        6.01321         8.85518        0.779313 
        6.01935         8.84091        0.777289 
        6.02548         8.82233        0.775272 
        6.03162         8.81642        0.773263 
        6.03775         8.80199        0.771261 
        6.04389         8.79654        0.769266 
        6.05003         8.77731        0.767276 
        6.05617         8.76328        0.765293 
         6.0623         8.75861        0.763319 
        6.06844          8.7499        0.761352 
        6.07457         8.73858        0.759392 
         6.0807         8.72935         0.75744 
        6.08684         8.72108        0.755494 
        6.09298         8.70478        0.753554 
        6.09912         8.69212         0.75162 
        6.10525         8.68454        0.749695 
        6.11138         8.67704        0.747776 
        6.11752         8.66608        0.745863 
        6.12366         8.65481        0.743957 
        6.12979         8.64988        0.742059 
        6.13593          8.6438        0.740167 
        6.14207         8.63655         0.73828 
         6.1482         8.62866          0.7364 
        6.15434         8.61468        0.734529 
        6.16047         8.60623        0.732663 
        6.16661         8.59823        0.730804 
        6.17274         8.59107        0.728951 
        6.17887         8.58584        0.727105 
        6.18501         8.57624        0.725265 
        6.19115         8.56977         0.72343 
        6.19729         8.56261        0.721602 
        6.20342         8.55544        0.719781 
        6.20956          8.5497        0.717966 
         6.2157         8.54699        0.716157 
        6.22183         8.53604        0.714354 
        6.22797         8.53358        0.712559 
         6.2341         8.53193         0.71077 
        6.24024         8.52305        0.708985 
        6.24638         8.51969        0.707207 
        6.25251         8.51467        0.705436 
        6.25865         8.50671        0.703671 
        6.26478         8.50369        0.701912 
        6.27092         8.49936        0.700159 
        6.27705         8.49404        0.698413 
        6.28318         8.47806        0.696672 
