# k  (h/Mpc)    Pcb(k)  (Mpc/h)^3    Pcb_linear(k)  (Mpc/h)^3
     0.00783031         12261.7         12316.8 
       0.013688         15316.5         15701.3 
       0.019231         16067.9         16307.9 
      0.0249154           15453         15455.4 
      0.0312784         13601.2         13768.9 
      0.0375637         11826.2           12070 
      0.0433917         10676.2         10780.8 
      0.0492413         9634.66         9821.37 
      0.0555754         8950.42         9071.02 
      0.0619321         8097.48         8462.97 
       0.067871         7664.21         7899.79 
      0.0738098         7121.69         7279.73 
      0.0800417         6455.14         6574.64 
      0.0862327            5759         5876.79 
      0.0921407         5208.48         5277.69 
      0.0982031         4781.69         4775.26 
       0.104506          4331.4         4384.87 
       0.110769         4070.43         4107.58 
       0.116806         3928.22         3903.96 
       0.122832         3698.62         3720.22 
       0.129052         3498.12         3517.67 
       0.135211          3355.7         3290.71 
       0.141259         3088.15         3049.46 
       0.147318         2838.82         2808.82 
       0.153489         2670.14          2586.3 
       0.159709         2561.91         2399.97 
       0.165845         2355.24         2256.93 
       0.171974         2309.58         2147.81 
       0.178125         2242.93         2059.23 
       0.184229         2079.23         1978.04 
        0.19034         2044.09          1892.8 
       0.196428         1978.65         1799.42 
       0.202534         1851.88         1699.05 
       0.208729         1809.23         1596.48 
       0.214876         1728.02         1501.17 
       0.220989         1637.45         1418.09 
       0.227147         1598.45         1348.22 
        0.23329         1540.51         1290.93 
       0.239377         1530.55          1242.7 
       0.245482         1460.39         1198.32 
       0.251667         1407.18         1153.61 
       0.257832         1387.59         1107.16 
       0.263955         1322.54         1059.11 
       0.270079            1286         1010.68 
        0.27624         1232.71         963.785 
       0.282372         1216.17          920.87 
        0.28843         1199.15         883.168 
       0.294538         1143.81         849.811 
       0.300721         1120.54         819.908 
        0.30691         1097.24         792.383 
       0.313033         1055.34         766.206 
       0.319153         1043.49         740.138 
       0.325316         1030.06         713.722 
        0.33145         1008.82         687.481 
       0.337538         975.359         662.103 
       0.343633         952.032         637.969 
       0.349808         933.361         615.277 
       0.355968         916.362         594.537 
       0.362074         888.491         575.656 
       0.368217         885.924         557.988 
       0.374374          872.98         541.127 
       0.380519         841.997         524.794 
       0.386598         836.673         508.917 
       0.392688         818.345         493.254 
        0.39888         799.052         477.722 
       0.405048         785.551         462.807 
       0.411186         783.639         448.676 
       0.417313         779.543         435.381 
       0.423458         755.396          422.83 
       0.429607         735.294          410.96 
       0.435692         728.812         399.777 
       0.441815          715.98         388.938 
       0.447964         706.277         378.365 
       0.454126          697.88         368.052 
       0.460267         688.221         358.054 
       0.466387         677.845          348.39 
        0.47254         666.759         339.027 
       0.478662         657.143         330.104 
       0.484765         650.773         321.601 
       0.490885          644.19         313.437 
       0.497035         632.566          305.57 
       0.503198         632.225         297.987 
       0.509342         619.979         290.679 
       0.515458         608.472         283.614 
       0.521598         604.392         276.725 
       0.527764         592.406         270.015 
       0.533884         588.668         263.569 
           0.54         582.899         257.343 
       0.546137         573.743         251.309 
       0.552299         571.815         245.465 
       0.558452         564.545         239.841 
       0.564573         559.409         234.436 
       0.570708         554.539         229.191 
       0.576825         543.684         224.118 
       0.582926         542.004         219.203 
       0.589034         534.375         214.423 
       0.595184         530.181         209.752 
       0.601379         522.225         205.191 
       0.607522         514.122         200.805 
       0.613639         513.118          196.57 
       0.619772         510.848         192.451 
       0.625918         501.825         188.446 
       0.632068         498.989         184.558 
       0.638161         494.111         180.818 
         0.6443         489.007         177.157 
       0.650464         484.484         173.584 
       0.656582          480.76         170.135 
       0.662703         476.427         166.778 
       0.668861         470.683         163.492 
       0.675024         467.705         160.292 
       0.681124         461.214         157.212 
       0.687237         459.944         154.209 
       0.693381         453.577         151.272 
       0.699536         452.135         148.409 
       0.705665         447.183         145.634 
       0.711789         446.001         142.935 
       0.717957         439.784         140.286 
        0.72409         435.825         137.719 
       0.730186         437.426         135.232 
       0.736317         430.152         132.793 
       0.742472         425.952         130.406 
       0.748622         423.166         128.081 
        0.75476         420.566         125.817 
       0.760888         417.361         123.613 
       0.767043         414.565         121.454 
       0.773185         412.302         119.351 
       0.779291         406.894         117.311 
       0.785407         405.008         115.316 
       0.791564         402.042         113.356 
       0.797719         396.249         111.443 
       0.803834         398.925         109.587 
       0.809972         392.837         107.767 
       0.816124         389.291         105.985 
       0.822261         386.676         104.248 
       0.828378           385.3         102.556 
       0.834502         379.802         100.901 
       0.840667         380.078         99.2716 
       0.846816         374.011         97.6835 
       0.852925         374.785         96.1406 
       0.859047         371.356         94.6282 
       0.865192         369.949         93.1437 
       0.871341         364.996         91.6905 
       0.877463         362.996         90.2753 
       0.883569         360.673          88.894 
       0.889708         357.598         87.5348 
       0.895864         354.793         86.2008 
       0.902008         353.407         84.8979 
       0.908149          350.57         83.6229 
       0.914301         349.087         82.3723 
       0.920448         346.644         81.1488 
       0.926574         344.439         79.9547 
       0.932687         342.922         78.7874 
       0.938823         339.264         77.6395 
       0.944975         338.526          76.512 
       0.951105         335.685         75.4113 
       0.957225         331.801         74.3343 
       0.963368          332.62         73.2749 
       0.969511         326.601         72.2363 
       0.975621          326.38         71.2236 
       0.981748         324.805          70.228 
       0.987916         323.162         69.2452 
        0.99406         320.372         68.2852 
        1.00019         317.656         67.3454 
        1.00632         317.565         66.4243 
        1.01246         315.002         65.5193 
        1.01859          311.53         64.6328 
        1.02471         309.752         63.7639 
        1.03085         309.022         62.9082 
        1.03698         307.255         62.0701 
        1.04314         306.544         61.2439 
        1.04929          304.37         60.4348 
        1.05541         301.199         59.6437 
        1.06154         299.765          58.865 
        1.06769         297.151         58.0991 
        1.07382         296.671         57.3495 
        1.07993         293.955          56.615 
        1.08607         292.274         55.8904 
        1.09222         290.598          55.178 
        1.09836         289.771         54.4789 
        1.10449         287.637         53.7928 
        1.11063         285.443          53.118 
        1.11677          283.31         52.4551 
         1.1229         282.687         51.8047 
        1.12903         280.822         51.1649 
        1.13518         278.804         50.5355 
        1.14131         278.191         49.9172 
        1.14745          274.94         49.3096 
        1.15359         273.153         48.7121 
        1.15973         272.442         48.1244 
        1.16584         271.258         47.5491 
        1.17197         269.439         46.9825 
        1.17811         267.297         46.4234 
        1.18424         265.931         45.8752 
        1.19038         264.761         45.3343 
        1.19652         261.971         44.8023 
        1.20267         261.603          44.279 
        1.20881         259.741         43.7642 
        1.21495         259.225         43.2585 
        1.22108         257.377         42.7609 
         1.2272         254.624         42.2723 
        1.23334         254.002         41.7903 
        1.23949         253.072         41.3148 
        1.24562         251.289          40.848 
        1.25174         249.898         40.3892 
        1.25789         247.851         39.9361 
        1.26402         247.831         39.4908 
        1.27014         246.712         39.0535 
        1.27628         244.065         38.6215 
        1.28244         243.164         38.1953 
        1.28858         241.805         37.7761 
        1.29471         240.709         37.3642 
        1.30084         239.453         36.9589 
        1.30697         237.256         36.5591 
        1.31312         236.176         36.1646 
        1.31925         234.942         35.7772 
        1.32537         234.281          35.396 
        1.33151         232.714         35.0189 
        1.33765         230.994         34.6477 
        1.34378          230.03         34.2826 
        1.34992         228.471         33.9225 
        1.35606          227.55         33.5669 
         1.3622         226.273         33.2171 
        1.36833         224.507         32.8731 
        1.37445         224.436         32.5342 
        1.38059         222.246         32.1991 
        1.38675          220.91         31.8679 
        1.39288         219.904         31.5428 
        1.39901         218.614         31.2223 
        1.40515         217.939         30.9056 
         1.4113         216.215         30.5935 
        1.41742         214.551         30.2869 
        1.42355          215.03          29.984 
         1.4297         213.032         29.6843 
        1.43585         212.075         29.3889 
        1.44198         210.136         29.0986 
        1.44809         209.584         28.8128 
        1.45423         208.571         28.5299 
        1.46036         207.364         28.2513 
        1.46649         206.249         27.9763 
        1.47263         205.635         27.7048 
        1.47877         204.028          27.437 
        1.48491         202.496         27.1724 
        1.49104         200.944         26.9119 
        1.49718         200.512         26.6546 
        1.50333         199.112         26.4003 
        1.50947         198.328         26.1498 
         1.5156         197.171          25.903 
        1.52172         196.339         25.6593 
        1.52787         195.218         25.4184 
          1.534         194.256         25.1808 
        1.54013         193.165         24.9466 
        1.54627         192.151         24.7149 
        1.55241         191.429         24.4862 
        1.55855         190.556         24.2607 
        1.56467         189.176         24.0386 
         1.5708         187.722         23.8188 
        1.57695         187.183         23.6014 
        1.58308         185.905         23.3872 
        1.58922         185.204         23.1755 
        1.59535         183.757         22.9666 
         1.6015         183.105         22.7599 
        1.60764         182.056          22.556 
        1.61376         180.801          22.355 
        1.61989         180.037         22.1564 
        1.62604         178.831         21.9598 
        1.63218         178.163         21.7657 
        1.63831         177.286         21.5744 
        1.64444         176.078         21.3854 
        1.65059         175.289         21.1982 
        1.65673         174.268         21.0134 
        1.66285         173.723         20.8314 
        1.66898         172.523         20.6515 
        1.67512         171.655         20.4734 
        1.68127         170.872         20.2972 
         1.6874          169.76         20.1235 
        1.69353         169.372          19.952 
        1.69967         167.916          19.782 
        1.70581         167.581         19.6142 
        1.71193         166.254         19.4489 
        1.71806         165.005         19.2852 
        1.72421         164.645          19.123 
        1.73035         163.673         18.9629 
        1.73649         162.546         18.8047 
        1.74262         162.141         18.6484 
        1.74876         161.214         18.4939 
        1.75489         160.413         18.3414 
        1.76101         159.213         18.1906 
        1.76715         158.334         18.0414 
        1.77329         157.689         17.8936 
        1.77943         156.529         17.7475 
        1.78557         156.183         17.6032 
        1.79171         155.378         17.4605 
        1.79785         154.163         17.3194 
        1.80399         153.517         17.1799 
        1.81012         152.463         17.0421 
        1.81625         152.055         16.9059 
        1.82239         151.081          16.771 
        1.82853         150.452         16.6376 
        1.83466         149.333         16.5058 
        1.84078         148.924         16.3756 
        1.84692         148.432         16.2466 
        1.85306         147.256         16.1188 
         1.8592         146.715         15.9926 
        1.86533         145.515         15.8679 
        1.87147         145.188         15.7443 
        1.87761          144.04          15.622 
        1.88375         143.123         15.5012 
        1.88988         142.583         15.3817 
        1.89601         142.349         15.2635 
        1.90215         141.681         15.1464 
        1.90829         140.281         15.0306 
        1.91442          139.46         14.9161 
        1.92056         138.821         14.8028 
         1.9267         138.145         14.6906 
        1.93284         137.466         14.5795 
        1.93897         136.766         14.4697 
        1.94509         136.038         14.3614 
        1.95123         135.394         14.2538 
        1.95737         134.849         14.1474 
        1.96349         134.038         14.0422 
        1.96964         133.257         13.9379 
        1.97578         132.622         13.8345 
        1.98192         132.177         13.7325 
        1.98805         131.388         13.6314 
        1.99419         130.323         13.5314 
        2.00033         129.972         13.4323 
        2.00647         129.411         13.3343 
         2.0126         128.645         13.2374 
        2.01874         128.224         13.1413 
        2.02488         127.088         13.0461 
        2.03101         126.766          12.952 
        2.03714         125.956         12.8589 
        2.04328           125.6         12.7667 
        2.04941         125.018         12.6754 
        2.05554          124.32         12.5851 
        2.06167         123.364         12.4956 
        2.06781         122.736         12.4069 
        2.07396         122.311          12.319 
        2.08009         121.344          12.232 
        2.08622         121.006          12.146 
        2.09237         120.225         12.0607 
        2.09851         119.721         11.9762 
        2.10464         119.284         11.8926 
        2.11077         118.558           11.81 
        2.11691         118.121         11.7279 
        2.12305         117.455         11.6467 
        2.12918         116.797         11.5664 
        2.13531         116.215         11.4868 
        2.14145         115.566         11.4078 
         2.1476         115.008         11.3295 
        2.15372         114.361         11.2523 
        2.15985         113.813         11.1757 
        2.16599         113.043         11.0997 
        2.17213         112.668         11.0244 
        2.17827         111.879         10.9499 
         2.1844         111.732         10.8761 
        2.19054         110.917          10.803 
        2.19666         110.343         10.7306 
         2.2028         109.968         10.6589 
        2.20893         109.408         10.5878 
        2.21508         108.734         10.5172 
        2.22122         108.257         10.4473 
        2.22736         107.857         10.3781 
        2.23349          107.11         10.3097 
        2.23962         106.561         10.2417 
        2.24577         106.154         10.1744 
         2.2519         105.484         10.1077 
        2.25802         104.999         10.0418 
        2.26417         104.457         9.97625 
        2.27031         103.809         9.91123 
        2.27644          103.43         9.84699 
        2.28257         102.901         9.78333 
        2.28872         102.501         9.72011 
        2.29486         102.266         9.65746 
        2.30099          101.26          9.5955 
        2.30712         101.033         9.53405 
        2.31326         100.523         9.47304 
         2.3194         99.8679          9.4126 
        2.32553         99.3497          9.3528 
        2.33166          98.813         9.29354 
         2.3378         98.6739         9.23471 
        2.34394         98.0594         9.17638 
        2.35007         97.2356         9.11864 
        2.35619         97.0282         9.06147 
        2.36233         96.5666         9.00465 
        2.36848         95.9777         8.94821 
        2.37462          95.588         8.89237 
        2.38075          95.055         8.83706 
        2.38689         94.7051         8.78218 
        2.39303         94.2645         8.72778 
        2.39916         93.7235          8.6739 
        2.40529         93.3904         8.62048 
        2.41143         92.9324         8.56747 
        2.41757         92.3516         8.51488 
         2.4237          91.803         8.46284 
        2.42983         91.4072         8.41124 
        2.43598         91.1413         8.35993 
        2.44211         90.6137         8.30914 
        2.44823         90.1977         8.25889 
        2.45437         89.7761         8.20891 
        2.46052         89.2455         8.15931 
        2.46665          88.685         8.11021 
        2.47279         88.4208         8.06153 
        2.47892         87.9606         8.01322 
        2.48507         87.5889         7.96526 
         2.4912         87.0067         7.91779 
        2.49733         86.6783         7.87073 
        2.50347         86.3129         7.82397 
        2.50961         85.9459         7.77759 
        2.51575         85.3762         7.73162 
        2.52188          84.862         7.68607 
        2.52802         84.6735         7.64084 
        2.53416         84.1563         7.59596 
        2.54029         83.8201         7.55153 
        2.54641         83.2737         7.50746 
        2.55255         82.8716         7.46371 
        2.55869          82.517         7.42023 
        2.56483         82.2444         7.37716 
        2.57096         81.6721         7.33449 
        2.57709         81.3628         7.29214 
        2.58323         80.9131         7.25008 
        2.58937         80.4998         7.20834 
        2.59551         80.1991         7.16698 
        2.60164         79.8361         7.12595 
        2.60778         79.4295         7.08521 
        2.61392         79.1382          7.0448 
        2.62006         78.6494         7.00471 
        2.62619         78.3607         6.96499 
        2.63232         77.8264         6.92556 
        2.63846         77.5208          6.8864 
        2.64459         77.3407          6.8476 
        2.65072         76.8287         6.80909 
        2.65686         76.5959         6.77087 
          2.663         76.1003         6.73288 
        2.66915         75.6532          6.6952 
        2.67527         75.3146         6.65789 
        2.68141         75.0262         6.62084 
        2.68755         74.6122         6.58404 
        2.69368         74.3415         6.54756 
        2.69981         73.9736          6.5114 
        2.70595          73.588         6.47543 
        2.71209         73.2582         6.43972 
        2.71823          72.909         6.40434 
        2.72436         72.6249         6.36924 
         2.7305         72.2989         6.33438 
        2.73663         72.0249         6.29979 
        2.74276         71.5989         6.26549 
         2.7489         71.2867         6.23142 
        2.75504         70.8054         6.19757 
        2.76118          70.612         6.16396 
        2.76732          70.255         6.13066 
        2.77345         69.8416          6.0976 
        2.77959         69.7594         6.06479 
        2.78572         69.2545         6.03222 
        2.79186         68.7867         5.99991 
        2.79798         68.6213         5.96787 
        2.80412         68.4015           5.936 
        2.81027         68.0759         5.90433 
         2.8164         67.6188         5.87296 
        2.82253         67.2892         5.84182 
        2.82867         67.2172         5.81089 
        2.83481         66.8001         5.78018 
        2.84095         66.4522         5.74969 
        2.84708         66.1645         5.71946 
        2.85322          65.782         5.68941 
        2.85935         65.5166         5.65959 
        2.86549         65.2666         5.62999 
        2.87162         64.9209         5.60061 
        2.87776         64.6029         5.57145 
        2.88389         64.4011         5.54247 
        2.89003          63.999         5.51372 
        2.89617          63.687         5.48516 
        2.90231         63.5504          5.4568 
        2.90844         63.1433         5.42866 
        2.91458         62.7162         5.40071 
        2.92071         62.5501           5.373 
        2.92684         62.2846         5.34545 
        2.93298         61.8929         5.31811 
         2.9391         61.7734         5.29099 
        2.94524         61.3501         5.26403 
        2.95138         61.2202         5.23724 
        2.95752         60.8588         5.21062 
        2.96367         60.6316         5.18418 
         2.9698         60.3074         5.15798 
        2.97594         60.0972         5.13193 
        2.98207         59.7044         5.10607 
        2.98821         59.4301          5.0804 
        2.99434         59.0736         5.05492 
        3.00048         58.9813          5.0296 
        3.00662         58.6929         5.00444 
        3.01275          58.284         4.97949 
        3.01888         58.1385         4.95471 
        3.02503         57.8461         4.93005 
        3.03117          57.553         4.90558 
        3.03729         57.4168         4.88134 
        3.04342         57.1164         4.85723 
        3.04957         56.8832         4.83323 
         3.0557         56.6653         4.80944 
        3.06183          56.317         4.78584 
        3.06796         56.0104         4.76238 
        3.07411         55.7364         4.73903 
        3.08025         55.5579         4.71587 
        3.08637         55.3146         4.69291 
         3.0925         55.1688         4.67007 
        3.09865         54.7591         4.64734 
         3.1048          54.571         4.62477 
        3.11093         54.2618          4.6024 
        3.11706         54.0508         4.58017 
         3.1232         53.8296         4.55808 
        3.12933         53.6368         4.53613 
        3.13547         53.3967         4.51434 
        3.14159         53.1763         4.49272 
        3.14773         52.8206          4.4712 
        3.15388         52.7963          4.4498 
        3.16001          52.456         4.42859 
        3.16614         52.2109         4.40752 
        3.17228         51.9881         4.38656 
        3.17842         51.7239         4.36575 
        3.18455         51.5388         4.34509 
        3.19068         51.3198         4.32456 
        3.19682         51.0743         4.30414 
        3.20297         50.8841         4.28385 
         3.2091         50.6576         4.26371 
        3.21524         50.4052          4.2437 
        3.22138          50.114         4.22382 
         3.2275         49.9113          4.2041 
        3.23363         49.6945          4.1845 
        3.23977         49.4829           4.165 
        3.24591         49.2747         4.14563 
        3.25205         49.0981         4.12636 
        3.25818         48.8745         4.10724 
        3.26432         48.6667         4.08824 
        3.27046          48.375         4.06936 
         3.2766         48.2195         4.05059 
        3.28273         48.0112         4.03196 
        3.28887         47.7956         4.01344 
          3.295         47.5695         3.99504 
        3.30113         47.3643         3.97676 
        3.30727         47.1815         3.95858 
        3.31341         47.0128         3.94053 
        3.31954         46.7691          3.9226 
        3.32568         46.6141         3.90476 
        3.33182         46.3657         3.88703 
        3.33795         46.1662         3.86944 
        3.34409         45.9925         3.85193 
        3.35022         45.7642         3.83454 
        3.35636         45.6254         3.81727 
         3.3625         45.3599         3.80008 
        3.36864         45.1993         3.78301 
        3.37477         44.9531         3.76605 
        3.38091         44.8109          3.7492 
        3.38704         44.5632         3.73246 
        3.39318         44.4645         3.71581 
        3.39931         44.2174         3.69926 
        3.40545         43.9965         3.68282 
        3.41158         43.8078         3.66648 
        3.41772         43.6319         3.65024 
        3.42385         43.4654         3.63411 
        3.42998          43.272         3.61807 
        3.43612         43.1866         3.60214 
        3.44226         42.9063         3.58628 
         3.4484         42.7357          3.5705 
        3.45453         42.5391         3.55486 
        3.46066         42.4007         3.53931 
        3.46681         42.2426         3.52382 
        3.47295         41.9703         3.50842 
        3.47908         41.8256         3.49317 
        3.48521          41.605         3.47799 
        3.49135         41.4714         3.46288 
        3.49749         41.3149         3.44787 
        3.50362         41.1328         3.43295 
        3.50976         40.9091         3.41812 
        3.51589         40.7642         3.40338 
        3.52203         40.6429         3.38873 
        3.52816         40.4703         3.37418 
        3.53429         40.2578         3.35971 
        3.54043         40.0966          3.3453 
        3.54657         39.9538         3.33098 
        3.55271         39.7446         3.31676 
        3.55884          39.651         3.30263 
        3.56498         39.4137         3.28856 
        3.57112          39.308         3.27457 
        3.57725         39.1056         3.26068 
        3.58338         38.9322         3.24689 
        3.58952         38.7754         3.23315 
        3.59566         38.6034         3.21948 
         3.6018         38.4561         3.20591 
        3.60793         38.3093         3.19242 
        3.61407         38.1199         3.17902 
        3.62021         37.9984         3.16568 
        3.62634          37.802         3.15242 
        3.63247         37.7026         3.13924 
        3.63861         37.4961         3.12614 
        3.64475         37.3516         3.11309 
        3.65089         37.1875         3.10013 
        3.65702           37.08         3.08726 
        3.66316         36.8493         3.07445 
        3.66929         36.7129         3.06172 
        3.67543          36.612         3.04906 
        3.68156         36.4582         3.03648 
        3.68769         36.2885         3.02396 
        3.69383         36.1367         3.01151 
        3.69997         35.9529         2.99913 
        3.70611         35.8281         2.98683 
        3.71224         35.6709         2.97459 
        3.71838         35.5497         2.96242 
        3.72451         35.4121         2.95033 
        3.73065         35.2063         2.93831 
        3.73678         35.1615         2.92635 
        3.74292          34.975         2.91444 
        3.74906         34.8143         2.90261 
        3.75519         34.6728         2.89085 
        3.76133         34.5386         2.87916 
        3.76746         34.4375         2.86753 
         3.7736         34.2812         2.85597 
        3.77974         34.1392         2.84446 
        3.78588         34.0165         2.83302 
        3.79201         33.8567         2.82165 
        3.79814         33.6948         2.81034 
        3.80428         33.5871         2.79909 
        3.81042         33.4173          2.7879 
        3.81655          33.324         2.77678 
        3.82268          33.168         2.76572 
        3.82882         33.0123         2.75473 
        3.83496         32.8787         2.74378 
        3.84109         32.7694         2.73289 
        3.84723         32.6545         2.72207 
        3.85337         32.5186          2.7113 
        3.85951         32.3697         2.70058 
        3.86565          32.231         2.68994 
        3.87178         32.1497         2.67936 
        3.87791         32.0254         2.66883 
        3.88405         31.8787         2.65835 
        3.89019         31.7401         2.64793 
        3.89632         31.6097         2.63757 
        3.90246         31.4762         2.62727 
         3.9086         31.3585         2.61701 
        3.91473         31.2525         2.60682 
        3.92086         31.1422          2.5967 
        3.92699         30.9829         2.58661 
        3.93313         30.8603         2.57657 
        3.93927         30.7512          2.5666 
         3.9454         30.6193         2.55668 
        3.95154         30.4861          2.5468 
        3.95768         30.4004         2.53698 
        3.96382         30.2847         2.52721 
        3.96995          30.172         2.51749 
        3.97609         30.0598         2.50783 
        3.98222         29.9054         2.49822 
        3.98836         29.8363         2.48866 
         3.9945         29.6819         2.47915 
        4.00063         29.5506         2.46969 
        4.00677         29.4498         2.46028 
        4.01291         29.3471         2.45091 
        4.01904         29.2279         2.44161 
        4.02517         29.1219         2.43235 
        4.03131         29.0056         2.42313 
        4.03745         28.8547         2.41396 
        4.04358         28.7912         2.40484 
        4.04972         28.6682         2.39577 
        4.05585          28.573         2.38675 
        4.06199         28.4203         2.37777 
        4.06812         28.3561         2.36884 
        4.07426          28.238         2.35996 
         4.0804         28.1217         2.35111 
        4.08654         28.0013         2.34231 
        4.09267          27.897         2.33357 
         4.0988         27.7977         2.32488 
        4.10494         27.6973         2.31622 
        4.11108         27.5685          2.3076 
        4.11721         27.4995         2.29904 
        4.12334         27.3824         2.29052 
        4.12948         27.2539         2.28204 
        4.13561         27.1514          2.2736 
        4.14176         27.0474         2.26519 
        4.14789         26.9831         2.25684 
        4.15403         26.8615         2.24853 
        4.16016         26.7161         2.24026 
         4.1663         26.6374         2.23204 
        4.17243         26.5371         2.22386 
        4.17857         26.4493         2.21571 
        4.18471         26.3454         2.20761 
        4.19084         26.2251         2.19954 
        4.19698         26.1418         2.19153 
        4.20312         26.0429         2.18354 
        4.20925         25.9309          2.1756 
        4.21538         25.8537         2.16771 
        4.22152         25.7485         2.15985 
        4.22766         25.6739         2.15202 
         4.2338          25.563         2.14424 
        4.23993         25.4659          2.1365 
        4.24607         25.3674         2.12879 
         4.2522          25.281         2.12113 
        4.25834         25.1613          2.1135 
        4.26447         25.0644         2.10591 
        4.27061         24.9781         2.09836 
        4.27674         24.9122         2.09084 
        4.28288         24.8079         2.08336 
        4.28902         24.7149         2.07592 
        4.29515         24.5992         2.06852 
        4.30129          24.531         2.06115 
        4.30743         24.4269         2.05381 
        4.31356         24.3598         2.04652 
        4.31969         24.2438         2.03926 
        4.32583         24.1633         2.03204 
        4.33197         24.0426         2.02484 
         4.3381         23.9649         2.01769 
        4.34424         23.8835         2.01057 
        4.35038         23.7977         2.00348 
        4.35652         23.7268         1.99643 
        4.36265         23.6447         1.98942 
        4.36878         23.5478         1.98244 
        4.37492         23.4825         1.97548 
        4.38106         23.3796         1.96856 
        4.38719         23.2829         1.96169 
        4.39333         23.1977         1.95484 
        4.39946         23.1278         1.94803 
         4.4056         23.0325         1.94124 
        4.41173         22.9451         1.93449 
        4.41786          22.854         1.92778 
          4.424          22.794          1.9211 
        4.43014         22.6932         1.91443 
        4.43628         22.6278         1.90781 
        4.44241         22.5522         1.90122 
        4.44855         22.4471         1.89466 
        4.45469         22.3767         1.88812 
        4.46083         22.2944         1.88163 
        4.46696         22.2178         1.87517 
        4.47309         22.1201         1.86873 
        4.47923         22.0604         1.86232 
        4.48537         21.9784         1.85595 
         4.4915         21.9205         1.84961 
        4.49764         21.8176         1.84329 
        4.50378         21.7396           1.837 
        4.50991         21.6469         1.83075 
        4.51604         21.5946         1.82453 
        4.52218         21.4984         1.81833 
        4.52832         21.4475         1.81216 
        4.53445         21.3412         1.80602 
        4.54059         21.2704         1.79991 
        4.54673         21.2164         1.79383 
        4.55286         21.1188         1.78777 
          4.559         21.0648         1.78175 
        4.56513         20.9879         1.77575 
        4.57127         20.8898         1.76978 
        4.57741         20.8336         1.76384 
        4.58354         20.7636         1.75792 
        4.58968         20.6962         1.75204 
        4.59582         20.5958         1.74617 
        4.60195          20.545         1.74034 
        4.60809         20.4561         1.73454 
        4.61422         20.3869         1.72876 
        4.62036         20.3328         1.72301 
        4.62649         20.2542         1.71728 
        4.63263         20.1757         1.71158 
        4.63876         20.1051         1.70591 
         4.6449         20.0287         1.70025 
        4.65104         19.9693         1.69463 
        4.65717         19.9024         1.68904 
        4.66331         19.8303         1.68347 
        4.66944         19.7555         1.67792 
        4.67558         19.6988          1.6724 
        4.68171         19.6117         1.66691 
        4.68785         19.5651         1.66143 
        4.69399         19.5025         1.65598 
        4.70012         19.4155         1.65057 
        4.70625         19.3437         1.64517 
        4.71239         19.2934          1.6398 
        4.71853         19.2217         1.63445 
        4.72467         19.1586         1.62912 
         4.7308         19.0898         1.62382 
        4.73694         19.0315         1.61854 
        4.74308         18.9612         1.61329 
        4.74922         18.8977         1.60806 
        4.75535         18.8402         1.60285 
        4.76148         18.7781         1.59767 
        4.76762         18.7049         1.59251 
        4.77376         18.6365         1.58737 
        4.77989         18.5727         1.58226 
        4.78602          18.521         1.57717 
        4.79216         18.4637          1.5721 
         4.7983          18.408         1.56705 
        4.80443         18.3382         1.56203 
        4.81056         18.2678         1.55703 
         4.8167          18.209         1.55204 
        4.82284          18.146         1.54708 
        4.82898         18.0942         1.54215 
        4.83511         18.0336         1.53724 
        4.84125         17.9612         1.53234 
        4.84739         17.9039         1.52747 
        4.85352         17.8467         1.52262 
        4.85965         17.7979         1.51779 
        4.86579         17.7513         1.51298 
        4.87193         17.6725         1.50819 
        4.87807           17.62         1.50343 
         4.8842         17.5691         1.49868 
        4.89034          17.497         1.49396 
        4.89647         17.4404         1.48925 
        4.90261         17.3791         1.48457 
        4.90874         17.3398         1.47991 
        4.91488         17.2737         1.47527 
        4.92102         17.2019         1.47064 
        4.92715          17.155         1.46604 
        4.93329         17.1091         1.46146 
        4.93942         17.0428         1.45689 
        4.94556         16.9931         1.45235 
         4.9517         16.9574         1.44782 
        4.95783         16.8867         1.44332 
        4.96397         16.8447         1.43883 
        4.97011         16.7775         1.43436 
        4.97624         16.7252         1.42992 
        4.98238         16.6659         1.42549 
        4.98851         16.6128         1.42108 
        4.99465         16.5588         1.41669 
        5.00078         16.5091         1.41232 
        5.00691         16.4602         1.40797 
        5.01305         16.3905         1.40363 
        5.01919         16.3579         1.39931 
        5.02533         16.2892         1.39501 
        5.03146         16.2412         1.39074 
         5.0376         16.1995         1.38647 
        5.04374         16.1572         1.38223 
        5.04987         16.1093           1.378 
        5.05601         16.0494          1.3738 
        5.06215         15.9924          1.3696 
        5.06829           15.94         1.36543 
        5.07442         15.9034         1.36127 
        5.08055         15.8436         1.35714 
        5.08668         15.8026         1.35302 
        5.09282         15.7562         1.34891 
        5.09896         15.7105         1.34483 
        5.10509         15.6467         1.34076 
        5.11123         15.6078         1.33671 
        5.11736         15.5711         1.33267 
         5.1235         15.5028         1.32865 
        5.12964         15.4748         1.32465 
        5.13577         15.4184         1.32066 
        5.14191         15.3774         1.31669 
        5.14804         15.3256         1.31274 
        5.15418          15.268         1.30881 
        5.16032         15.2336         1.30489 
        5.16645         15.1798         1.30098 
        5.17259          15.142         1.29709 
        5.17872           15.11         1.29322 
        5.18486         15.0418         1.28937 
          5.191         14.9982         1.28552 
        5.19713         14.9648          1.2817 
        5.20327         14.9189          1.2779 
        5.20941          14.879          1.2741 
        5.21555         14.8145         1.27032 
        5.22168         14.7806         1.26656 
        5.22781         14.7447         1.26281 
        5.23395         14.7014         1.25908 
        5.24009         14.6486         1.25537 
        5.24622         14.6159         1.25166 
        5.25236         14.5742         1.24798 
         5.2585         14.5261         1.24431 
        5.26463          14.482         1.24065 
        5.27077         14.4437         1.23701 
         5.2769         14.3972         1.23338 
        5.28304         14.3662         1.22977 
        5.28917         14.3223         1.22618 
         5.2953         14.2736          1.2226 
        5.30144         14.2359         1.21903 
        5.30757         14.1979         1.21547 
        5.31371         14.1543         1.21193 
        5.31985         14.1147         1.20841 
        5.32599         14.0703         1.20489 
        5.33213          14.033         1.20139 
        5.33826         13.9844         1.19791 
         5.3444         13.9499         1.19444 
        5.35053         13.9246         1.19099 
        5.35667         13.8812         1.18754 
        5.36281          13.835         1.18411 
        5.36894         13.8073          1.1807 
        5.37507         13.7755          1.1773 
        5.38121          13.738         1.17391 
        5.38735         13.6988         1.17054 
        5.39348         13.6525         1.16718 
        5.39961         13.6079         1.16383 
        5.40575         13.5734          1.1605 
        5.41189         13.5356         1.15717 
        5.41803         13.5066         1.15387 
        5.42416          13.475         1.15057 
         5.4303         13.4403         1.14729 
        5.43644         13.4001         1.14402 
        5.44257         13.3678         1.14076 
        5.44871          13.332         1.13752 
        5.45484         13.2944         1.13429 
        5.46098         13.2444         1.13107 
        5.46712         13.2265         1.12786 
        5.47325         13.1992         1.12467 
        5.47938         13.1561         1.12149 
        5.48552         13.1111         1.11833 
        5.49165         13.0838         1.11517 
        5.49779         13.0553         1.11203 
        5.50393         13.0219         1.10889 
        5.51006         12.9852         1.10577 
         5.5162         12.9481         1.10266 
        5.52234         12.9151         1.09957 
        5.52847         12.8787         1.09648 
        5.53461         12.8533         1.09341 
        5.54075         12.8235         1.09035 
        5.54688         12.7708         1.08731 
        5.55302         12.7589         1.08427 
        5.55915         12.7324         1.08124 
        5.56529         12.6945         1.07823 
        5.57143         12.6621         1.07523 
        5.57756         12.6295         1.07224 
         5.5837         12.6029         1.06926 
        5.58983         12.5748          1.0663 
        5.59597         12.5532         1.06334 
         5.6021         12.4999          1.0604 
        5.60824         12.4806         1.05746 
        5.61438         12.4469         1.05454 
        5.62051         12.4128         1.05163 
        5.62665         12.3932         1.04873 
        5.63278         12.3584         1.04584 
        5.63892         12.3296         1.04296 
        5.64505          12.303          1.0401 
        5.65119         12.2798         1.03724 
        5.65733          12.238          1.0344 
        5.66346         12.2156         1.03156 
         5.6696         12.1862         1.02874 
        5.67573         12.1603         1.02592 
        5.68187         12.1345         1.02312 
          5.688         12.1047         1.02033 
        5.69414         12.0804         1.01755 
        5.70028         12.0521         1.01478 
        5.70642         12.0264         1.01201 
        5.71255         12.0022         1.00926 
        5.71869          11.975         1.00652 
        5.72482         11.9471          1.0038 
        5.73096         11.9188         1.00108 
        5.73709         11.8895        0.998368 
        5.74322         11.8688         0.99567 
        5.74936          11.845        0.992979 
         5.7555         11.8169        0.990298 
        5.76164         11.8013        0.987629 
        5.76777         11.7704        0.984971 
        5.77391         11.7545         0.98232 
        5.78005         11.7202        0.979678 
        5.78618         11.6995         0.97705 
        5.79231         11.6624        0.974432 
        5.79845         11.6455         0.97182 
        5.80459         11.6353        0.969216 
        5.81073         11.6122        0.966626 
        5.81686         11.5829        0.964045 
          5.823         11.5607        0.961472 
        5.82914         11.5396        0.958908 
        5.83527         11.5156        0.956357 
         5.8414         11.4996        0.953813 
        5.84754         11.4778        0.951277 
        5.85368         11.4581         0.94875 
        5.85981          11.429        0.946234 
        5.86595         11.4077        0.943727 
        5.87208         11.3963        0.941229 
        5.87822         11.3609        0.938742 
        5.88435         11.3524        0.936263 
        5.89049         11.3238        0.933791 
        5.89662         11.3035        0.931329 
        5.90276         11.2847        0.928875 
         5.9089         11.2754         0.92643 
        5.91503         11.2488        0.923996 
        5.92117         11.2262        0.921569 
        5.92731         11.2218         0.91915 
        5.93344         11.1922        0.916741 
        5.93958          11.177        0.914341 
        5.94572         11.1604        0.911949 
        5.95186         11.1405        0.909564 
        5.95799         11.1136        0.907192 
        5.96412         11.1032        0.904826 
        5.97026          11.085        0.902468 
         5.9764         11.0649        0.900119 
        5.98253         11.0417        0.897781 
        5.98866         11.0414        0.895449 
         5.9948         11.0162        0.893123 
        6.00094         10.9973        0.890808 
        6.00707         10.9838        0.888501 
        6.01321         10.9688        0.886201 
        6.01935         10.9526         0.88391 
        6.02548         10.9443        0.881627 
        6.03162         10.9178        0.879353 
        6.03775         10.9088        0.877088 
        6.04389         10.8864        0.874829 
        6.05003         10.8754        0.872577 
        6.05617         10.8689        0.870333 
         6.0623         10.8521        0.868099 
        6.06844          10.838        0.865872 
        6.07457         10.8199        0.863654 
         6.0807         10.7956        0.861444 
        6.08684         10.7922        0.859242 
        6.09298         10.7863        0.857045 
        6.09912         10.7625        0.854857 
        6.10525          10.761        0.852677 
        6.11138         10.7444        0.850505 
        6.11752         10.7208         0.84834 
        6.12366         10.7268        0.846182 
        6.12979         10.7089        0.844034 
        6.13593         10.6921        0.841892 
        6.14207         10.6879        0.839756 
         6.1482         10.6736        0.837629 
        6.15434         10.6578         0.83551 
        6.16047          10.653        0.833399 
        6.16661         10.6478        0.831293 
        6.17274         10.6351        0.829196 
        6.17887         10.6211        0.827106 
        6.18501         10.6121        0.825023 
        6.19115         10.6092        0.822947 
        6.19729         10.5998        0.820876 
        6.20342         10.5786        0.818815 
        6.20956          10.577        0.816761 
         6.2157         10.5684        0.814712 
        6.22183         10.5586        0.812672 
        6.22797           10.55         0.81064 
         6.2341         10.5417        0.808614 
        6.24024         10.5439        0.806594 
        6.24638         10.5339         0.80458 
        6.25251         10.5284        0.802576 
        6.25865         10.5196        0.800577 
        6.26478          10.511        0.798585 
        6.27092          10.507        0.796601 
        6.27705         10.4946        0.794624 
        6.28318         10.4852        0.792653 
