#  a  GeffG(a,k)  D1(a,k)  D1mnu(a,k) ( D1_transfer(a,k) D1mnu_transfer(a,k) )  D2(a,k)  D3a(a,k)  D3b(a,k)  (source terms)  (Output for k = 0.0001 h/Mpc)
       0.047619                1        0.952306      0.00115156        0.952306        0.843705       -0.388214       -0.287376        0.205268        0.995815         0.99581         0.99581         0.99581 
      0.0485219                1        0.970405      0.00147911        0.970404        0.900839       -0.403071       -0.304029        0.217163        0.995815         0.99581         0.99581         0.99581 
      0.0494419                1        0.988804      0.00231075        0.988804        0.961371       -0.418493        -0.32164        0.229743        0.995816         0.99581         0.99581         0.99581 
      0.0503793                1          1.0076      0.00365066          1.0076         1.02709         -0.4345       -0.340265        0.243046        0.995816         0.99581         0.99581         0.99581 
      0.0513344                1         1.02668      0.00550468         1.02668         1.09832       -0.451116       -0.359964        0.257116        0.995816         0.99581         0.99581         0.99581 
      0.0523077                1          1.0461       0.0078779          1.0461         1.17532       -0.468364         -0.3808        0.271997        0.995816         0.99581         0.99581         0.99581 
      0.0532995                1         1.06586       0.0107759         1.06586         1.25829       -0.486269       -0.402839        0.287738        0.995817         0.99581         0.99581         0.99581 
        0.05431                1         1.08601       0.0142043         1.08601         1.34736       -0.504855       -0.426152        0.304388        0.995817         0.99581         0.99581         0.99581 
      0.0553397                1         1.10656       0.0181689         1.10656         1.44266        -0.52415       -0.450815           0.322        0.995818         0.99581         0.99581         0.99581 
      0.0563889                1         1.12753       0.0226756         1.12753         1.54425       -0.544181       -0.476905        0.340631        0.995818         0.99581         0.99581         0.99581 
      0.0574581                1         1.14892       0.0277305         1.14892         1.65216       -0.564975       -0.504506         0.36034        0.995818         0.99581         0.99581         0.99581 
      0.0585475                1         1.17076       0.0333397         1.17076          1.7664       -0.586564       -0.533707        0.381191        0.995819         0.99581         0.99581         0.99581 
      0.0596575                1         1.19304       0.0395096         1.19304         1.88696       -0.608977       -0.564602        0.403249        0.995819         0.99581         0.99581         0.99581 
      0.0607886                1         1.21576       0.0462468         1.21576         2.01377       -0.632245       -0.597288        0.426586         0.99582         0.99581         0.99581         0.99581 
      0.0619411                1         1.23893       0.0535579         1.23893         2.14677       -0.656403       -0.631872        0.451275         0.99582         0.99581         0.99581         0.99581 
      0.0631155                1         1.26254       0.0614498         1.26254         2.28588       -0.681485       -0.668462        0.477396         0.99582         0.99581         0.99581         0.99581 
      0.0643122                1         1.28659       0.0699294         1.28659         2.43097       -0.707525       -0.707178        0.505031        0.995821         0.99581         0.99581         0.99581 
      0.0655315                1         1.31107       0.0790039         1.31107         2.58193        -0.73456       -0.748141         0.53427        0.995821         0.99581         0.99581         0.99581 
       0.066774                1         1.33597       0.0886807         1.33597         2.73862        -0.76263       -0.791483        0.565205        0.995822         0.99581         0.99581         0.99581 
        0.06804                1          1.3613       0.0989672          1.3613         2.90145       -0.791774       -0.837344        0.597934        0.995822         0.99581         0.99581         0.99581 
        0.06933                1         1.38707        0.109871         1.38707         3.07244       -0.822032       -0.885868        0.632563        0.995823         0.99581         0.99581         0.99581 
      0.0706445                1         1.41333          0.1214         1.41333          3.2537       -0.853448       -0.937212        0.669202        0.995823         0.99581         0.99581         0.99581 
      0.0719839                1          1.4401        0.133563          1.4401         3.44704       -0.886067       -0.991538        0.707967        0.995824         0.99581         0.99581         0.99581 
      0.0733487                1         1.46739        0.146367         1.46739         3.65403       -0.919933        -1.04902        0.748981        0.995824         0.99581         0.99581         0.99581 
      0.0747394                1         1.49523         0.15982         1.49523         3.87605       -0.955096        -1.10984        0.792377        0.995825         0.99581         0.99581         0.99581 
      0.0761564                1         1.52362        0.173932         1.52362         4.11422       -0.991605         -1.1742         0.83829        0.995826         0.99581         0.99581         0.99581 
      0.0776003                1         1.55257        0.188712         1.55257         4.36951        -1.02951         -1.2423        0.886869        0.995826         0.99581         0.99581         0.99581 
      0.0790716                1         1.58208        0.204168         1.58208          4.6427        -1.06887        -1.31435        0.938267        0.995827         0.99581         0.99581         0.99581 
      0.0805708                1         1.61214        0.220308         1.61214          4.9344        -1.10973        -1.39059        0.992648        0.995828         0.99581         0.99581         0.99581 
      0.0820984                1         1.64277        0.237144         1.64277         5.24511        -1.15216        -1.47125         1.05019        0.995828         0.99581         0.99581         0.99581 
       0.083655                1         1.67394        0.254684         1.67394         5.57516        -1.19621        -1.55661         1.11106        0.995829         0.99581         0.99581         0.99581 
       0.085241                1         1.70566        0.272938         1.70566         5.92493        -1.24195        -1.64692         1.17547         0.99583         0.99581         0.99581         0.99581 
      0.0868572                1         1.73797        0.291916         1.73797         6.29502        -1.28944        -1.74247         1.24361        0.995831         0.99581         0.99581         0.99581 
       0.088504                1         1.77089        0.311628         1.77089         6.68589        -1.33874        -1.84357         1.31571        0.995832         0.99581         0.99581         0.99581 
       0.090182                1         1.80445        0.332085         1.80445         7.09788        -1.38994        -1.95054         1.39199        0.995833         0.99581         0.99581         0.99581 
      0.0918918                1         1.83866        0.353297         1.83866          7.5312        -1.44309        -2.06372          1.4727        0.995833         0.99581         0.99581         0.99581 
      0.0936341                1         1.87355        0.375276         1.87355         7.98594        -1.49828        -2.18347         1.55809        0.995834         0.99581         0.99581         0.99581 
      0.0954093                1          1.9091        0.398031          1.9091         8.46208        -1.55558        -2.31017         1.64842        0.995835         0.99581         0.99581         0.99581 
      0.0972183                1         1.94534        0.421575         1.94534         8.95952        -1.61507        -2.44422           1.744        0.995836         0.99581         0.99581         0.99581 
      0.0990615                1         1.98224         0.44592         1.98224         9.47807        -1.67683        -2.58605         1.84512        0.995837         0.99581         0.99581         0.99581 
        0.10094                1         2.01982        0.471076         2.01982         10.0174        -1.74096         -2.7361          1.9521        0.995838         0.99581         0.99581         0.99581 
       0.102853                1         2.05808        0.497056         2.05808         10.5771        -1.80754        -2.89486         2.06528        0.995839         0.99581         0.99581         0.99581 
       0.104804                1         2.09706        0.523872         2.09706         11.1562        -1.87667        -3.06282         2.18502         0.99584         0.99581         0.99581         0.99581 
       0.106791                1         2.13679        0.551537         2.13679          11.754        -1.94844        -3.24052          2.3117        0.995842         0.99581         0.99581         0.99581 
       0.108815                1         2.17729        0.580063         2.17729         12.3697        -2.02296        -3.42852         2.44571        0.995843         0.99581         0.99581         0.99581 
       0.110878                1         2.21856        0.609464         2.21856         13.0024        -2.10032        -3.62741         2.58749        0.995844         0.99581         0.99581         0.99581 
       0.112981                1         2.26063        0.639753         2.26063         13.6513        -2.18064        -3.83783         2.73748        0.995845         0.99581         0.99581         0.99581 
       0.115123                1         2.30348        0.670944         2.30348         14.3157        -2.26403        -4.06044         2.89616        0.995846         0.99581         0.99581         0.99581 
       0.117305                1         2.34713        0.703049         2.34713         14.9947         -2.3506        -4.29593         3.06402        0.995847         0.99581         0.99581         0.99581 
        0.11953                1         2.39157        0.736084         2.39157         15.6867        -2.44049        -4.54507          3.2416        0.995848         0.99581         0.99581         0.99581 
       0.121796                1         2.43685        0.770062         2.43685         16.3892         -2.5338        -4.80863         3.42946        0.995849         0.99581         0.99581         0.99581 
       0.124105                1           2.483        0.804999           2.483         17.0993        -2.63068        -5.08744         3.62819        0.995849         0.99581         0.99581         0.99581 
       0.126458                1         2.53003        0.840909         2.53003         17.8149        -2.73126        -5.38239         3.83841         0.99585         0.99581         0.99581         0.99581 
       0.128856                1         2.57796        0.877808         2.57796         18.5337        -2.83567         -5.6944         4.06079        0.995851         0.99581         0.99581         0.99581 
       0.131299                1         2.62679         0.91571         2.62679         19.2537        -2.94407        -6.02445         4.29603        0.995852         0.99581         0.99581         0.99581 
       0.133788                1         2.67653        0.954632         2.67653         19.9731        -3.05661        -6.37359         4.54487        0.995853         0.99581         0.99581         0.99581 
       0.136325                1         2.72719         0.99459         2.72719         20.6894        -3.17343        -6.74291          4.8081        0.995853         0.99581         0.99581         0.99581 
       0.138909                1          2.7788          1.0356          2.7788         21.3979        -3.29471        -7.13357         5.08653        0.995854         0.99581         0.99581         0.99581 
       0.141543                1         2.83139         1.07768         2.83139         22.0944        -3.42061        -7.54681         5.38105        0.995855         0.99581         0.99581         0.99581 
       0.144227                1         2.88499         1.12084         2.88499         22.7749        -3.55131        -7.98391         5.69257        0.995855         0.99581         0.99581         0.99581 
       0.146961                1         2.93959         1.16511         2.93959         23.4361        -3.68699        -8.44624         6.02209        0.995856         0.99581         0.99581         0.99581 
       0.149748                1         2.99522          1.2105         2.99522         24.0748        -3.82783        -8.93527         6.37062        0.995856         0.99581         0.99581         0.99581 
       0.152587                1         3.05187         1.25702         3.05187          24.688        -3.97404        -9.45251         6.73926        0.995856         0.99581         0.99581         0.99581 
        0.15548                1         3.10958         1.30471         3.10958         25.2703         -4.1258        -9.99959         7.12916        0.995857         0.99581         0.99581         0.99581 
       0.158428                1         3.16838         1.35356         3.16838         25.8161        -4.28334        -10.5782         7.54155        0.995857         0.99581         0.99581         0.99581 
       0.161431                1          3.2283         1.40362          3.2283         26.3205        -4.44687        -11.1902          7.9777        0.995857         0.99581         0.99581         0.99581 
       0.164492                1         3.28934         1.45488         3.28934         26.7794        -4.61661        -11.8374         8.43899        0.995857         0.99581         0.99581         0.99581 
       0.167611                1         3.35151         1.50738         3.35151          27.189         -4.7928        -12.5219         8.92684        0.995856         0.99581         0.99581         0.99581 
       0.170789                1         3.41483         1.56113         3.41483         27.5449        -4.97567        -13.2458         9.44278        0.995856         0.99581         0.99581         0.99581 
       0.174027                1         3.47934         1.61615         3.47934         27.8406        -5.16549        -14.0114         9.98841        0.995856         0.99581         0.99581         0.99581 
       0.177326                1         3.54505         1.67246         3.54505         28.0704         -5.3625         -14.821         10.5654        0.995855         0.99581         0.99581         0.99581 
       0.180688                1           3.612         1.73008           3.612         28.2295        -5.56697        -15.6771         11.1756        0.995855         0.99581         0.99581         0.99581 
       0.184114                1         3.68018         1.78904         3.68018         28.3137        -5.77919        -16.5824         11.8209        0.995854         0.99581         0.99581         0.99581 
       0.187605                1         3.74962         1.84936         3.74962         28.3182        -5.99944        -17.5397         12.5032        0.995853         0.99581         0.99581         0.99581 
       0.191162                1         3.82035         1.91105         3.82035         28.2362        -6.22802         -18.552         13.2246        0.995852         0.99581         0.99581         0.99581 
       0.194786                1         3.89241         1.97414         3.89241         28.0616        -6.46524        -19.6223         13.9875        0.995851         0.99581         0.99581         0.99581 
       0.198479                1          3.9658         2.03864          3.9658         27.7894        -6.71142        -20.7539          14.794         0.99585         0.99581         0.99581         0.99581 
       0.202242                1         4.04054          2.1046         4.04054         27.4152        -6.96688        -21.9504         15.6468        0.995849         0.99581         0.99581         0.99581 
       0.206077                1         4.11667         2.17201         4.11667         26.9328        -7.23197        -23.2153         16.5484        0.995847         0.99581         0.99581         0.99581 
       0.209984                1          4.1942         2.24092          4.1942         26.3348        -7.50705        -24.5526         17.5016        0.995846         0.99581         0.99581         0.99581 
       0.213965                1         4.27316         2.31133         4.27316         25.6153        -7.79248        -25.9663         18.5093        0.995844         0.99581         0.99581         0.99581 
       0.218022                1         4.35357         2.38328         4.35357         24.7692        -8.08863        -27.4608         19.5745        0.995843         0.99581         0.99581         0.99581 
       0.222156                1         4.43544         2.45679         4.43544         23.7904        -8.39591        -29.0405         20.7005        0.995841         0.99581         0.99581         0.99581 
       0.226368                1         4.51881         2.53187         4.51881         22.6705         -8.7147        -30.7102         21.8907        0.995839         0.99581         0.99581         0.99581 
        0.23066                1         4.60372         2.60857         4.60372         21.4025        -9.04544         -32.475         23.1487        0.995837         0.99581         0.99581         0.99581 
       0.235033                1         4.69017         2.68689         4.69017         19.9805        -9.38855        -34.3402         24.4782        0.995834         0.99581         0.99581         0.99581 
       0.239489                1         4.77819         2.76687         4.77819         18.3968        -9.74447        -36.3113         25.8833        0.995832         0.99581         0.99581         0.99581 
        0.24403                1         4.86781         2.84852         4.86781         16.6417        -10.1137        -38.3943         27.3681         0.99583         0.99581         0.99581         0.99581 
       0.248656                1         4.95906         2.93188         4.95906         14.7066        -10.4966        -40.5954         28.9372        0.995827         0.99581         0.99581         0.99581 
       0.253371                1         5.05194         3.01697         5.05194         12.5844        -10.8938        -42.9211          30.595        0.995824         0.99581         0.99581         0.99581 
       0.258175                1         5.14649          3.1038         5.14649          10.264        -11.3057        -45.3782         32.3467        0.995821         0.99581         0.99581         0.99581 
        0.26307                1         5.24274         3.19241         5.24274         7.73404        -11.7329        -47.9741         34.1972        0.995818         0.99581         0.99581         0.99581 
       0.268057                1         5.34071         3.28283         5.34071         4.98476        -12.1759        -50.7162          36.152        0.995815         0.99581         0.99581         0.99581 
        0.27314                1         5.44042         3.37506         5.44042         2.00521        -12.6352        -53.6126         38.2168        0.995812         0.99581         0.99581         0.99581 
       0.278318                1         5.54191         3.46915         5.54191        -1.21928        -13.1115        -56.6717         40.3977        0.995809         0.99581         0.99581         0.99581 
       0.283595                1         5.64518         3.56512         5.64518         -4.7014        -13.6052        -59.9023         42.7008        0.995805         0.99581         0.99581         0.99581 
       0.288972                1         5.75025         3.66298         5.75025        -8.45373         -14.117        -63.3137         45.1328        0.995802         0.99581         0.99581         0.99581 
       0.294451                1         5.85716         3.76276         5.85716        -12.4944        -14.6475        -66.9156         47.7007        0.995798         0.99581         0.99581         0.99581 
       0.300034                1         5.96594         3.86448         5.96594          -16.84        -15.1974        -70.7181         50.4117        0.995794         0.99581         0.99581         0.99581 
       0.305722                1          6.0766         3.96818          6.0766        -21.5065        -15.7673        -74.7321         53.2735         0.99579         0.99581         0.99581         0.99581 
       0.311519                1         6.18918         4.07387         6.18918        -26.5159        -16.3578        -78.9686          56.294        0.995786         0.99581         0.99581         0.99581 
       0.317425                1         6.30368         4.18157         6.30368        -31.8885        -16.9696        -83.4395         59.4816        0.995781         0.99581         0.99581         0.99581 
       0.323443                1         6.42011         4.29131         6.42011        -37.6448        -17.6034         -88.157         62.8451        0.995777         0.99581         0.99581         0.99581 
       0.329576                1         6.53851          4.4031         6.53851         -43.812          -18.26         -93.134         66.3937        0.995772         0.99581         0.99581         0.99581 
       0.335824                1          6.6589         4.51697          6.6589        -50.4144          -18.94        -98.3839         70.1369        0.995767         0.99581         0.99581         0.99581 
       0.342191                1         6.78131         4.63294         6.78131         -57.481        -19.6442        -103.921         74.0848        0.995762         0.99581         0.99581         0.99581 
       0.348679                1         6.90574         4.75102         6.90574        -65.0472        -20.3733        -109.759         78.2478        0.995756         0.99581         0.99581         0.99581 
        0.35529                1         7.03222         4.87124         7.03222        -73.1433        -21.1282        -115.915         82.6368        0.995751         0.99581         0.99581         0.99581 
       0.362026                1         7.16073          4.9936         7.16073        -81.8021        -21.9095        -122.403         87.2632        0.995745         0.99581         0.99581         0.99581 
        0.36889                1         7.29131         5.11813         7.29131         -91.069        -22.7181        -129.241         92.1388        0.995739         0.99581         0.99581         0.99581 
       0.375884                1         7.42397         5.24484         7.42397        -100.985        -23.5548        -136.445         97.2759        0.995732         0.99581         0.99581         0.99581 
       0.383011                1         7.55871         5.37374         7.55871        -111.591        -24.4204        -144.034         102.687        0.995726         0.99581         0.99581         0.99581 
       0.390273                1         7.69555         5.50485         7.69555        -122.946        -25.3156        -152.026         108.386        0.995719         0.99581         0.99581         0.99581 
       0.397672                1         7.83448         5.63816         7.83448        -135.101        -26.2413         -160.44         114.387        0.995711         0.99581         0.99581         0.99581 
       0.405212                1         7.97551         5.77369         7.97551        -148.113        -27.1984        -169.297         120.702        0.995704         0.99581         0.99581         0.99581 
       0.412895                1         8.11865         5.91145         8.11865        -162.054        -28.1877        -178.617         127.349        0.995696         0.99581         0.99581         0.99581 
       0.420723                1         8.26391         6.05144         8.26391         -176.99        -29.2099        -188.421          134.34        0.995688         0.99581         0.99581         0.99581 
         0.4287                1         8.41127         6.19366         8.41127            -193         -30.266        -198.731         141.693        0.995679         0.99581         0.99581         0.99581 
       0.436828                1         8.56074          6.3381         8.56074        -210.172        -31.3567        -209.571         149.423         0.99567         0.99581         0.99581         0.99581 
        0.44511                1         8.71228         6.48476         8.71228        -228.589        -32.4828        -220.962         157.547         0.99566         0.99581         0.99581         0.99581 
       0.453549                1          8.8659         6.63365          8.8659         -248.36        -33.6452         -232.93         166.082         0.99565         0.99581         0.99581         0.99581 
       0.462148                1         9.02157         6.78474         9.02157        -269.593        -34.8447        -245.498         175.045        0.995639         0.99581         0.99581         0.99581 
       0.470911                1         9.17929         6.93802         9.17929        -292.406        -36.0819        -258.691         184.455        0.995628         0.99581         0.99581         0.99581 
       0.479839                1         9.33902         7.09348         9.33902        -316.937        -37.3577        -272.535         194.329        0.995616         0.99581         0.99581         0.99581 
       0.488937                1         9.50074         7.25109         9.50074         -343.32        -38.6728        -287.055         204.685        0.995603         0.99581         0.99581         0.99581 
       0.498207                1         9.66441         7.41085         9.66441        -371.727        -40.0278        -302.279         215.543         0.99559         0.99581         0.99581         0.99581 
       0.507653                1         9.83001          7.5727         9.83001        -402.321        -41.4236        -318.231         226.921        0.995576         0.99581         0.99581         0.99581 
       0.517278                1          9.9975         7.73664          9.9975        -435.303        -42.8605        -334.939         238.838        0.995561         0.99581         0.99581         0.99581 
       0.527085                1         10.1668         7.90261         10.1668        -470.879        -44.3394        -352.431         251.314        0.995545         0.99581         0.99581         0.99581 
       0.537079                1         10.3379         8.07058         10.3379        -509.285        -45.8606        -370.731         264.367        0.995528         0.99581         0.99581         0.99581 
       0.547261                1         10.5108         8.24051         10.5108        -550.762        -47.4248        -389.869         278.018         0.99551         0.99581         0.99581         0.99581 
       0.557637                1         10.6853         8.41235         10.6853        -595.605        -49.0322        -409.869         292.284        0.995491         0.99581         0.99581         0.99581 
        0.56821                1         10.8614         8.58605         10.8614        -644.119        -50.6833        -430.759         307.186        0.995471         0.99581         0.99581         0.99581 
       0.578983                1          11.039         8.76154          11.039        -696.642        -52.3784        -452.564          322.74        0.995449         0.99581         0.99581         0.99581 
       0.589961                1         11.2181         8.93876         11.2181        -753.552        -54.1178         -475.31         338.966        0.995426         0.99581         0.99581         0.99581 
       0.601146                1         11.3985         9.11765         11.3985        -815.273        -55.9014        -499.021          355.88        0.995401         0.99581         0.99581         0.99581 
       0.612544                1         11.5803         9.29814         11.5803        -882.255        -57.7296        -523.722         373.501        0.995374         0.99581         0.99581         0.99581 
       0.624157                1         11.7631         9.48014         11.7631        -954.983        -59.6021        -549.434         391.843        0.995346         0.99581         0.99581         0.99581 
       0.635991                1         11.9471         9.66358         11.9471        -1034.05        -61.5189        -576.179         410.924        0.995315         0.99581         0.99581         0.99581 
       0.648049                1         12.1321         9.84837         12.1321         -1120.1        -63.4798        -603.978         430.756        0.995282         0.99581         0.99581         0.99581 
       0.660336                1         12.3179         10.0344         12.3179        -1213.78        -65.4846        -632.848         451.353        0.995246         0.99581         0.99581         0.99581 
       0.672856                1         12.5044         10.2216         12.5044        -1315.87        -67.5326        -662.808         472.728        0.995208         0.99581         0.99581         0.99581 
       0.685613                1         12.6915         10.4099         12.6915        -1427.21        -69.6236        -693.871          494.89        0.995167         0.99581         0.99581         0.99581 
       0.698612                1          12.879         10.5991          12.879        -1548.75        -71.7568        -726.051          517.85        0.995122         0.99581         0.99581         0.99581 
       0.711858                1         13.0669         10.7891         13.0669        -1681.54        -73.9314        -759.359         541.615        0.995074         0.99581         0.99581         0.99581 
       0.725354                1         13.2549         10.9799          13.255        -1826.73        -76.1467        -793.802         566.191        0.995021         0.99581         0.99581         0.99581 
       0.739107                1          13.443         11.1713          13.443        -1985.65        -78.4016        -829.386         591.581        0.994965         0.99581         0.99581         0.99581 
        0.75312                1         13.6309         11.3632         13.6309        -2159.67        -80.6951        -866.115         617.789        0.994903         0.99581         0.99581         0.99581 
       0.767399                1         13.8185         11.5554         13.8185        -2350.43         -83.026        -903.988         644.814        0.994837         0.99581         0.99581         0.99581 
       0.781949                1         14.0055         11.7479         14.0055        -2559.77        -85.3929        -943.003         672.655        0.994764         0.99581         0.99581         0.99581 
       0.796775                1          14.192         11.9405          14.192        -2789.63        -87.7944        -983.154         701.306        0.994685         0.99581         0.99581         0.99581 
       0.811881                1         14.3775         12.1331         14.3775        -3042.28         -90.229        -1024.43         730.763        0.994599         0.99581         0.99581         0.99581 
       0.827274                1          14.562         12.3256          14.562        -3320.08         -92.695        -1066.82         761.015        0.994505         0.99581         0.99581         0.99581 
       0.842959                1         14.7452         12.5177         14.7452        -3625.72        -95.1907        -1110.31         792.053        0.994403         0.99581         0.99581         0.99581 
       0.858941                1         14.9269         12.7095         14.9269        -3962.68        -97.7142        -1154.88         823.862        0.994291         0.99581         0.99581         0.99581 
       0.875227                1          15.107         12.9007          15.107        -4334.58        -100.264        -1200.51         856.427        0.994168         0.99581         0.99581         0.99581 
       0.891821                1         15.2852         13.0912         15.2852        -4745.24        -102.837        -1247.17          889.73        0.994034         0.99581         0.99581         0.99581 
        0.90873                1         15.4612         13.2809         15.4612        -5198.17        -105.432        -1294.83          923.75        0.993886         0.99581         0.99581         0.99581 
       0.925959                1          15.635         13.4696          15.635        -5697.39        -108.047        -1343.47         958.464        0.993725         0.99581         0.99581         0.99581 
       0.943515                1         15.8061         13.6573         15.8062        -6250.23        -110.679        -1393.04         993.848        0.993547         0.99581         0.99581         0.99581 
       0.961404                1         15.9749         13.8437         15.9744        -6866.48        -113.326        -1443.51         1029.87         0.99335         0.99581         0.99581         0.99581 
       0.979632                1         16.1379         14.0289         16.1395        -7553.01        -115.986        -1494.84         1066.51        0.993132         0.99581         0.99581         0.99581 
       0.998205                1         16.2997         14.2125         16.3015        -8306.22        -118.656        -1546.98         1103.74        0.992894         0.99581         0.99581         0.99581 
        1.01713                1          16.321         14.3947         16.3168        -8379.37        -121.334        -1599.89         1141.51        0.992871         0.99581         0.99581         0.99581 
        1.03642                1         16.3157         14.5751         16.3168        -8379.37        -124.019        -1653.52          1179.8        0.992871         0.99581         0.99581         0.99581 
        1.05607                1         16.3171         14.7537         16.3168        -8379.37        -126.706        -1707.82         1218.57        0.992871         0.99581         0.99581         0.99581 
        1.07609                1         16.3167         14.9305         16.3168        -8379.37        -129.394        -1762.74         1257.78        0.992871         0.99581         0.99581         0.99581 
        1.09649                1         16.3168         15.1053         16.3168        -8379.37        -132.081        -1818.22         1297.39        0.992871         0.99581         0.99581         0.99581 
        1.11728                1         16.3168         15.2779         16.3168        -8379.37        -134.764         -1874.2         1337.37        0.992871         0.99581         0.99581         0.99581 
        1.13846                1         16.3168         15.4484         16.3168        -8379.37         -137.44        -1930.65         1377.67        0.992871         0.99581         0.99581         0.99581 
        1.16005                1         16.3168         15.6166         16.3168        -8379.37        -140.108        -1987.48         1418.25        0.992871         0.99581         0.99581         0.99581 
        1.18204                1         16.3168         15.7825         16.3168        -8379.37        -142.766        -2044.65         1459.08        0.992871         0.99581         0.99581         0.99581 
        1.20445                1         16.3168          15.946         16.3168        -8379.37         -145.41         -2102.1         1500.11        0.992871         0.99581         0.99581         0.99581 
        1.22729                1         16.3168          16.107         16.3168        -8379.37         -148.04        -2159.77          1541.3        0.992871         0.99581         0.99581         0.99581 
        1.25056                1         16.3168         16.2654         16.3168        -8379.37        -150.652         -2217.6          1582.6        0.992871         0.99581         0.99581         0.99581 
        1.27427                1         16.3168         16.4213         16.3168        -8379.37        -153.245        -2275.54         1623.98        0.992871         0.99581         0.99581         0.99581 
        1.29843                1         16.3168         16.5745         16.3168        -8379.37        -155.818        -2333.52         1665.39        0.992871         0.99581         0.99581         0.99581 
        1.32305                1         16.3168          16.725         16.3168        -8379.37        -158.367        -2391.48          1706.8        0.992871         0.99581         0.99581         0.99581 
        1.34813                1         16.3168         16.8728         16.3168        -8379.37        -160.892        -2449.39         1748.16        0.992871         0.99581         0.99581         0.99581 
        1.37369                1         16.3168         17.0178         16.3168        -8379.37        -163.391        -2507.17         1789.43        0.992871         0.99581         0.99581         0.99581 
        1.39974                1         16.3168         17.1601         16.3168        -8379.37        -165.862        -2564.77         1830.59        0.992871         0.99581         0.99581         0.99581 
        1.42628                1         16.3168         17.2995         16.3168        -8379.37        -168.304        -2622.15         1871.58        0.992871         0.99581         0.99581         0.99581 
        1.45332                1         16.3168         17.4361         16.3168        -8379.37        -170.716        -2679.26         1912.38        0.992871         0.99581         0.99581         0.99581 
        1.48087                1         16.3168         17.5699         16.3168        -8379.37        -173.096        -2736.03         1952.94        0.992871         0.99581         0.99581         0.99581 
        1.50895                1         16.3168         17.7009         16.3168        -8379.37        -175.442        -2792.44         1993.25        0.992871         0.99581         0.99581         0.99581 
        1.53756                1         16.3168         17.8289         16.3168        -8379.37        -177.755        -2848.43         2033.25        0.992871         0.99581         0.99581         0.99581 
        1.56671                1         16.3168         17.9542         16.3168        -8379.37        -180.033        -2903.96         2072.93        0.992871         0.99581         0.99581         0.99581 
        1.59641                1         16.3168         18.0766         16.3168        -8379.37        -182.275           -2959         2112.26        0.992871         0.99581         0.99581         0.99581 
        1.62668                1         16.3168         18.1962         16.3168        -8379.37         -184.48        -3013.49         2151.21        0.992871         0.99581         0.99581         0.99581 
        1.65752                1         16.3168          18.313         16.3168        -8379.37        -186.648        -3067.41         2189.74        0.992871         0.99581         0.99581         0.99581 
        1.68895                1         16.3168          18.427         16.3168        -8379.37        -188.778        -3120.73         2227.85        0.992871         0.99581         0.99581         0.99581 
        1.72097                1         16.3168         18.5382         16.3168        -8379.37         -190.87        -3173.41          2265.5        0.992871         0.99581         0.99581         0.99581 
         1.7536                1         16.3168         18.6467         16.3168        -8379.37        -192.922        -3225.42         2302.67        0.992871         0.99581         0.99581         0.99581 
        1.78685                1         16.3168         18.7524         16.3168        -8379.37        -194.936        -3276.73         2339.35        0.992871         0.99581         0.99581         0.99581 
        1.82073                1         16.3168         18.8555         16.3168        -8379.37         -196.91        -3327.33         2375.52        0.992871         0.99581         0.99581         0.99581 
        1.85525                1         16.3168         18.9559         16.3168        -8379.37        -198.844        -3377.18         2411.15        0.992871         0.99581         0.99581         0.99581 
        1.89042                1         16.3168         19.0537         16.3168        -8379.37        -200.738        -3426.27         2446.25        0.992871         0.99581         0.99581         0.99581 
        1.92626                1         16.3168         19.1488         16.3168        -8379.37        -202.592        -3474.58         2480.79        0.992871         0.99581         0.99581         0.99581 
        1.96279                1         16.3168         19.2415         16.3168        -8379.37        -204.406        -3522.09         2514.75        0.992871         0.99581         0.99581         0.99581 
              2                1         16.3168         19.2419         16.3168        -8379.37        -204.415        -3522.33         2514.92        0.992871         0.99581         0.99581         0.99581 
